/*--------------------------------*- C++ -*----------------------------------*\
| =========                 |                                                 |
| \\      /  F ield         | OpenFOAM: The Open Source CFD Toolbox           |
|  \\    /   O peration     | Version:  1.7.0                                 |
|   \\  /    A nd           | Web:      www.OpenFOAM.com                      |
|    \\/     M anipulation  |                                                 |
\*---------------------------------------------------------------------------*/
FoamFile
{
    version     2.0;
    format      ascii;
    class       volScalarField;
    location    "0.33";
    object      aC3H6O;
}
// * * * * * * * * * * * * * * * * * * * * * * * * * * * * * * * * * * * * * //

dimensions      [0 0 0 0 0 0 0];

internalField   nonuniform List<scalar> 
5460
(
0.0357013
0.0357597
0.035799
0.0358341
0.0358681
0.0359176
0.0359744
0.0360206
0.0360456
0.0360798
0.0361133
0.0361548
0.0362207
0.0362919
0.0363639
0.0363833
0.0363392
0.0363041
0.0362911
0.0362779
0.036287
0.0362986
0.0362937
0.0362974
0.0363021
0.0363088
0.0363274
0.0363684
0.0364191
0.0363798
0.0363791
0.0363936
0.0363775
0.0363396
0.0362534
0.0362304
0.0360106
0.0358861
0.0356283
0.0353119
0.0349583
0.0345834
0.0342509
0.033912
0.0332261
0.0325564
0.0319805
0.0313609
0.0306919
0.0301027
0.0294449
0.028824
0.0281993
0.0275807
0.0269851
0.0264119
0.0258174
0.0252705
0.0246433
0.0241635
0.0235473
0.0229648
0.0225865
0.0219704
0.0215398
0.0209296
0.0204601
0.0201586
0.0198856
0.0193079
0.0188975
0.0184215
0.0181449
0.0176962
0.0173743
0.0170695
0.0169697
0.0165062
0.016259
0.0160864
0.0157351
0.0154805
0.015076
0.0149283
0.014656
0.0143026
0.0141519
0.0138741
0.0136741
0.0134872
0.0133027
0.0130712
0.0128191
0.0125492
0.0123673
0.0122619
0.0119976
0.0118977
0.0116162
0.0115088
0.011295
0.0111093
0.011005
0.0108065
0.0106407
0.010556
0.0102892
0.0100667
0.0100328
0.00990824
0.00968161
0.00944854
0.00936537
0.0092491
0.00911133
0.00895375
0.00882619
0.00864607
0.00857191
0.00843991
0.00829352
0.00809914
0.00796224
0.00780466
0.00772159
0.00761335
0.00750874
0.00735978
0.0072041
0.00708056
0.0357011
0.0357373
0.0358066
0.0358555
0.0358874
0.0358996
0.0359189
0.0359578
0.0359973
0.0360334
0.0360807
0.0361222
0.0361768
0.0362512
0.0363227
0.0364375
0.0363732
0.0363195
0.0362877
0.0362693
0.0362802
0.0362979
0.0362924
0.0362763
0.0362766
0.0362812
0.0362983
0.0362994
0.0362999
0.0363005
0.0363037
0.0363038
0.0362186
0.0361258
0.0360286
0.0359069
0.0357455
0.0355492
0.0352924
0.0350056
0.0346881
0.0343102
0.0338759
0.0334371
0.0328755
0.0322784
0.0316921
0.0310736
0.0304658
0.0298757
0.0292373
0.0286021
0.0279574
0.0273509
0.0267417
0.0261451
0.0255707
0.0250449
0.024478
0.0239205
0.0233402
0.0228161
0.0223224
0.0217541
0.021301
0.0207567
0.0202933
0.0199217
0.0195524
0.0190796
0.0186912
0.0182489
0.0179104
0.0174913
0.017133
0.0168607
0.0166404
0.0162617
0.0159937
0.0157714
0.0154406
0.015174
0.0148419
0.0146061
0.0143311
0.0140462
0.0138616
0.013604
0.0133969
0.0131775
0.0129944
0.0127823
0.01253
0.0122864
0.0121117
0.0119694
0.0117379
0.0115882
0.0113569
0.0112285
0.0110187
0.0108525
0.0107331
0.0105648
0.0103952
0.0102756
0.0100514
0.00986148
0.00977108
0.0096457
0.00944232
0.00924802
0.00914099
0.00901259
0.00887512
0.00873347
0.00860262
0.00844661
0.00835805
0.00823472
0.00809004
0.00792706
0.00779041
0.00764451
0.0075526
0.00745724
0.00733914
0.00721006
0.00706461
0.00695164
0.0357007
0.0357264
0.035759
0.0357819
0.0358049
0.0358356
0.0358744
0.0359034
0.0359269
0.0359516
0.0359669
0.0359959
0.0360367
0.036091
0.0361515
0.0361977
0.0362086
0.0362259
0.036228
0.036216
0.0362159
0.0362392
0.0362742
0.0362537
0.0362337
0.0362159
0.036209
0.0361933
0.0361816
0.0361726
0.0361139
0.0360418
0.0359549
0.0358287
0.0356918
0.0355093
0.0352972
0.0350433
0.0347516
0.0344457
0.0341075
0.0337101
0.0332786
0.0328306
0.0323114
0.0317483
0.0311803
0.030594
0.0300149
0.0294327
0.0288142
0.0281889
0.0275708
0.0269704
0.0263826
0.0258023
0.0252522
0.0247315
0.0241905
0.0236231
0.0230691
0.0225666
0.0220605
0.0215291
0.0210602
0.0205583
0.0201059
0.0197076
0.0193071
0.0188694
0.0185019
0.0180847
0.0177119
0.017304
0.0169485
0.0166713
0.0164106
0.0160689
0.0157957
0.0155487
0.0152339
0.0149546
0.0146554
0.0143969
0.0141206
0.0138694
0.0136653
0.0134179
0.0131969
0.0129728
0.0127869
0.0125686
0.0123375
0.0121011
0.0119223
0.0117589
0.0115614
0.0113917
0.0111815
0.0110388
0.0108333
0.0106791
0.0105521
0.0103951
0.0102204
0.0100943
0.0098933
0.00971856
0.00960342
0.00947852
0.00928677
0.00911139
0.00899261
0.00886291
0.0087258
0.00858914
0.0084624
0.00832029
0.00822143
0.00810228
0.00796171
0.00781222
0.00767837
0.00754368
0.00744641
0.00735221
0.00723448
0.00710793
0.00697656
0.00686695
0.0357003
0.0357079
0.0357274
0.035745
0.0357685
0.0357856
0.0358102
0.0358329
0.0358529
0.0358759
0.0359011
0.035929
0.0359523
0.0359876
0.0360301
0.036067
0.0360961
0.0361146
0.0361191
0.0361257
0.0361359
0.0361562
0.0361958
0.0362088
0.036157
0.0361054
0.0360643
0.0360025
0.0359469
0.0358886
0.035786
0.0356542
0.0355071
0.0353178
0.0351066
0.0348743
0.034627
0.0343147
0.0339892
0.0336489
0.0332937
0.0328949
0.0324595
0.0320234
0.0315313
0.0310066
0.0304724
0.0299256
0.0293826
0.0288241
0.0282444
0.0276468
0.0270677
0.0264881
0.025929
0.0253786
0.0248573
0.0243597
0.0238353
0.0232717
0.0227478
0.0222556
0.0217713
0.0212618
0.0208032
0.0203176
0.0198792
0.019472
0.0190643
0.0186492
0.0182759
0.0178861
0.0174994
0.017106
0.0167705
0.0164818
0.0161931
0.0158832
0.0156069
0.0153419
0.0150391
0.0147576
0.0144771
0.0142143
0.0139442
0.0137189
0.0134957
0.0132558
0.0130281
0.012806
0.012616
0.0123989
0.0121771
0.0119559
0.0117715
0.0115972
0.0114147
0.0112329
0.0110393
0.0108847
0.0106915
0.0105384
0.01041
0.010256
0.0100851
0.00995219
0.00976849
0.00960031
0.0094713
0.00934073
0.00916479
0.00899907
0.00887558
0.00874355
0.00861015
0.00847829
0.00835065
0.00822039
0.008114
0.00799765
0.00786344
0.00772127
0.00759221
0.00746463
0.00736227
0.00726843
0.00715151
0.00703153
0.00690733
0.00680181
0.0357004
0.0357175
0.0357293
0.0357406
0.0357562
0.0357748
0.0357907
0.0358038
0.0358175
0.0358385
0.035855
0.0358736
0.0358964
0.0359245
0.0359505
0.0359831
0.0360101
0.036014
0.0360157
0.0360218
0.0360233
0.0360069
0.0359887
0.0359547
0.035901
0.0358305
0.0357485
0.03565
0.0355348
0.0353896
0.0352222
0.0350374
0.034796
0.0345364
0.0342648
0.0339791
0.0336731
0.0333387
0.0330041
0.0326419
0.0322801
0.0318656
0.0314459
0.0310271
0.0305869
0.0300932
0.029596
0.0290947
0.028597
0.028075
0.0275345
0.026988
0.0264468
0.0259085
0.0253804
0.0248676
0.0243741
0.0238953
0.0233969
0.0228575
0.0223655
0.0218846
0.0214242
0.0209397
0.0204841
0.0200308
0.0196056
0.019201
0.0187939
0.0184061
0.0180296
0.0176584
0.0172761
0.016901
0.0165765
0.0162834
0.0159868
0.0156919
0.0154201
0.0151437
0.0148519
0.0145791
0.0143123
0.0140424
0.0137773
0.0135635
0.0133329
0.0131001
0.0128689
0.0126485
0.0124557
0.0122464
0.0120319
0.0118192
0.011635
0.0114507
0.0112782
0.0110976
0.0109115
0.0107501
0.0105617
0.0104149
0.0102809
0.0101299
0.00996187
0.00982916
0.00965512
0.00949334
0.00935575
0.00922207
0.00906189
0.00889762
0.00877282
0.00863966
0.00851
0.00838054
0.00825687
0.00813236
0.00802263
0.00791065
0.00778054
0.00764135
0.00751507
0.00739552
0.00729083
0.00719702
0.0070811
0.00696451
0.0068469
0.00674382
0.0357003
0.0357147
0.0357234
0.0357433
0.035771
0.0358207
0.0358346
0.0358303
0.0358248
0.0358251
0.0358311
0.0358441
0.0358564
0.0358637
0.035871
0.0358804
0.0358911
0.0358928
0.0358787
0.0358556
0.0358247
0.0357727
0.0357061
0.0356151
0.035499
0.0353597
0.0352008
0.0350226
0.0348263
0.0346144
0.0343898
0.03413
0.0338096
0.0334884
0.0331733
0.0328463
0.0325072
0.0321624
0.0318166
0.0314513
0.0310806
0.0306852
0.0302926
0.0299047
0.029489
0.0290427
0.0285931
0.028133
0.0276741
0.0272045
0.0267194
0.0262244
0.0257285
0.0252399
0.0247481
0.0242699
0.0238147
0.0233635
0.0228848
0.0223853
0.0219162
0.0214616
0.0210235
0.0205687
0.0201307
0.0197049
0.0192948
0.0189033
0.0185075
0.0181327
0.0177634
0.0174053
0.0170328
0.016681
0.016365
0.0160703
0.0157752
0.0154935
0.0152245
0.0149423
0.0146625
0.0143982
0.0141416
0.0138709
0.013612
0.0134007
0.0131718
0.0129423
0.0127141
0.0124969
0.0123025
0.0121001
0.0118926
0.0116875
0.0114997
0.0113172
0.0111498
0.0109683
0.0107869
0.0106259
0.0104441
0.0103011
0.0101613
0.0100136
0.00984965
0.00971562
0.00954779
0.00938797
0.00924964
0.00911617
0.00896146
0.00880542
0.00867806
0.00854627
0.00842104
0.00829169
0.00816957
0.00805307
0.00794157
0.00783145
0.00770396
0.00756844
0.00744553
0.00733092
0.00722729
0.00713183
0.00701894
0.00690412
0.00679135
0.00669111
0.0357003
0.0357175
0.0357198
0.0357282
0.0357424
0.0357601
0.0357769
0.0357944
0.0358073
0.0358127
0.0358182
0.035827
0.0358271
0.0358099
0.0357868
0.0357616
0.0357285
0.0356823
0.0356268
0.0355508
0.0354552
0.0353269
0.0351622
0.0349835
0.034785
0.0345474
0.0342927
0.0340311
0.0337643
0.0334953
0.0331836
0.0328653
0.0325211
0.032173
0.0318362
0.031488
0.0311448
0.0308088
0.0304691
0.030129
0.0297667
0.0293984
0.0290295
0.0286653
0.0282886
0.0278958
0.0274934
0.0270832
0.0266723
0.0262468
0.0258182
0.0253787
0.0249241
0.0244858
0.024038
0.0235997
0.0231777
0.0227551
0.022313
0.0218561
0.0214179
0.0209952
0.0205789
0.0201582
0.019745
0.0193416
0.0189511
0.0185703
0.0181933
0.0178309
0.0174783
0.0171292
0.0167732
0.0164402
0.0161293
0.0158448
0.0155522
0.01528
0.0150131
0.014737
0.0144652
0.0142091
0.0139615
0.0136954
0.0134443
0.0132323
0.0130083
0.012783
0.0125619
0.0123493
0.0121541
0.011958
0.0117567
0.011557
0.0113661
0.0111871
0.0110248
0.0108442
0.010667
0.0105042
0.0103291
0.0101882
0.0100467
0.00990151
0.00974289
0.00960633
0.00944526
0.00928754
0.00914978
0.0090166
0.00886746
0.00871686
0.00858923
0.00846095
0.00833617
0.00820917
0.00808971
0.00797768
0.00786479
0.00775516
0.00763159
0.00750208
0.00738108
0.00727081
0.00716722
0.00707018
0.00696142
0.0068478
0.0067382
0.0066416
0.0357002
0.0357113
0.0357259
0.0357385
0.0357455
0.0357579
0.0357654
0.0357743
0.0357867
0.0357856
0.0357902
0.0358009
0.0357788
0.0356834
0.0355874
0.0354832
0.0353535
0.0352115
0.0350482
0.0348681
0.0346689
0.0344414
0.0341639
0.0338814
0.0335767
0.033261
0.0329446
0.0326265
0.0323095
0.0319896
0.0316551
0.0313118
0.0309637
0.0306265
0.0302998
0.0299619
0.0296332
0.0293159
0.0289968
0.0286712
0.0283436
0.0280101
0.0276776
0.0273542
0.0270222
0.0266698
0.0263202
0.0259607
0.0255931
0.0252173
0.0248449
0.0244497
0.0240483
0.0236577
0.0232617
0.0228637
0.0224824
0.0220917
0.0216922
0.0212772
0.0208757
0.0204854
0.0200929
0.0197097
0.0193235
0.0189417
0.0185717
0.0182112
0.0178539
0.0175098
0.0171692
0.0168326
0.0164954
0.0161787
0.0158799
0.0156055
0.0153185
0.0150508
0.014792
0.0145232
0.0142595
0.014012
0.0137719
0.0135113
0.0132692
0.0130595
0.012845
0.0126217
0.0124066
0.0121978
0.012006
0.0118113
0.0116173
0.0114252
0.011232
0.0110574
0.0108951
0.0107189
0.0105466
0.010385
0.0102153
0.0100766
0.00993419
0.00979034
0.00963821
0.00950389
0.00934413
0.00919084
0.00905521
0.00892132
0.00877611
0.00863137
0.00850493
0.00837834
0.00825416
0.00812958
0.00801446
0.0079052
0.00779211
0.00768228
0.00756246
0.00743844
0.00731916
0.00721167
0.00711013
0.00701265
0.0069058
0.00679552
0.00668817
0.00659335
0.0357
0.0357154
0.035724
0.0357278
0.0357294
0.035725
0.0357132
0.0356867
0.0356414
0.0355823
0.0355084
0.0354141
0.0352842
0.0351223
0.0349234
0.0346844
0.0344206
0.0341393
0.0338427
0.0335338
0.0332167
0.0328806
0.0325342
0.0321869
0.0318415
0.0314871
0.0311457
0.030813
0.0304973
0.0301676
0.029839
0.0295143
0.0291928
0.0288907
0.0285867
0.0282864
0.0279993
0.0277136
0.0274253
0.0271285
0.0268404
0.0265587
0.0262669
0.0259806
0.0256951
0.0253917
0.0250933
0.0247919
0.0244706
0.0241423
0.0238203
0.023475
0.0231254
0.0227807
0.0224302
0.0220784
0.0217368
0.0213872
0.0210316
0.0206592
0.0202908
0.0199305
0.0195671
0.0192166
0.0188614
0.0185097
0.0181652
0.0178206
0.0174885
0.0171602
0.0168403
0.0165202
0.0162009
0.0159006
0.015614
0.0153488
0.0150728
0.0148106
0.0145561
0.0142984
0.01405
0.0138083
0.0135736
0.013321
0.0130856
0.0128801
0.0126701
0.0124524
0.0122449
0.0120429
0.0118574
0.0116661
0.0114764
0.0112919
0.0110991
0.0109251
0.0107625
0.010593
0.0104254
0.0102654
0.0101012
0.0099652
0.00982189
0.0096808
0.00953422
0.00939944
0.00924568
0.00909509
0.00896036
0.00882793
0.00868769
0.00854764
0.00842062
0.00829732
0.00817406
0.00805284
0.00794014
0.00783235
0.00772126
0.00761218
0.00749513
0.00737545
0.00725843
0.00715416
0.00705398
0.00695599
0.00685117
0.00674391
0.00663864
0.00654632
0.0356968
0.0357057
0.0357012
0.0356728
0.0356223
0.035552
0.0354428
0.0353044
0.0351164
0.0348915
0.034634
0.0343424
0.0340183
0.0336699
0.0332992
0.0329168
0.0325292
0.0321425
0.0317623
0.0313836
0.0310141
0.0306564
0.0303022
0.0299558
0.0296198
0.0292896
0.0289727
0.028667
0.0283967
0.0281038
0.0278145
0.0275343
0.0272599
0.0270007
0.0267468
0.0265022
0.0262658
0.026021
0.0257754
0.0255292
0.0252901
0.0250546
0.0248129
0.0245712
0.0243326
0.0240823
0.0238323
0.0235767
0.0233074
0.023033
0.0227547
0.0224671
0.0221694
0.0218688
0.0215646
0.021258
0.0209581
0.0206507
0.0203348
0.0200091
0.0196743
0.0193439
0.0190135
0.0186951
0.0183732
0.0180449
0.0177258
0.0174063
0.0170947
0.0167908
0.0164917
0.0161894
0.0158887
0.015604
0.0153303
0.0150743
0.0148143
0.0145612
0.0143106
0.0140655
0.0138283
0.0135976
0.0133676
0.0131238
0.0128969
0.0126964
0.0124932
0.0122797
0.0120787
0.0118846
0.0117027
0.0115153
0.0113322
0.0111511
0.0109617
0.0107911
0.0106299
0.0104661
0.0103003
0.0101445
0.00998684
0.00985203
0.00970923
0.00957158
0.00942961
0.00929572
0.00914636
0.00899973
0.00886656
0.00873528
0.00860036
0.00846363
0.00833787
0.00821722
0.00809531
0.00797748
0.00786762
0.00776086
0.00765122
0.00754407
0.00742849
0.0073132
0.0071984
0.00709602
0.00699754
0.00690054
0.00679794
0.00669266
0.0065897
0.00649862
0.0356538
0.0355772
0.0354288
0.0352069
0.0349217
0.0345714
0.034154
0.0336872
0.0331887
0.0326784
0.03217
0.0316811
0.0312036
0.0307502
0.0303207
0.0299128
0.0295261
0.029159
0.0288174
0.0284899
0.028164
0.0278618
0.0275738
0.0272947
0.0270308
0.0267764
0.0265263
0.0262922
0.0260752
0.0258573
0.0256484
0.0254313
0.0252234
0.0250276
0.0248301
0.024643
0.0244676
0.0242825
0.0240856
0.0238895
0.0237058
0.0235194
0.02333
0.0231424
0.0229496
0.0227517
0.0225501
0.0223411
0.0221211
0.0218988
0.0216703
0.0214318
0.021183
0.0209291
0.020674
0.0204121
0.020153
0.0198884
0.0196115
0.0193229
0.0190278
0.0187307
0.018435
0.0181507
0.0178566
0.0175583
0.0172676
0.016974
0.0166822
0.0164018
0.0161241
0.0158412
0.0155602
0.0152886
0.0150301
0.0147879
0.0145425
0.0142974
0.014056
0.013823
0.0135956
0.0133734
0.0131528
0.0129197
0.012701
0.012507
0.0123079
0.0121023
0.0119074
0.0117192
0.0115427
0.0113607
0.0111843
0.0110048
0.0108221
0.0106552
0.0104948
0.0103362
0.0101749
0.0100233
0.00987082
0.00973721
0.00959661
0.00946278
0.00932506
0.00919155
0.00904708
0.00890284
0.00877122
0.00864318
0.00851333
0.00837878
0.00825465
0.00813653
0.00801674
0.00790167
0.0077951
0.00768954
0.00758127
0.00747585
0.0073629
0.00725085
0.00713898
0.00703851
0.00694136
0.00684448
0.00674451
0.00664124
0.00654105
0.00645097
0.0348033
0.0338476
0.0327947
0.0317818
0.030834
0.0299894
0.0292421
0.0286002
0.0280635
0.0276156
0.0272282
0.0268881
0.0265975
0.0263351
0.0260888
0.0258459
0.0256194
0.0254151
0.0252296
0.0250438
0.0248649
0.0246949
0.0245271
0.0243712
0.0242129
0.0240577
0.0239091
0.02377
0.0236397
0.0235084
0.0233793
0.0232512
0.023121
0.0229917
0.022866
0.0227495
0.0226388
0.0225071
0.0223724
0.0222346
0.022105
0.0219742
0.0218393
0.0217021
0.0215584
0.0214074
0.0212556
0.021097
0.0209238
0.0207509
0.0205715
0.0203817
0.0201811
0.0199781
0.019766
0.0195477
0.0193278
0.0191002
0.0188656
0.0186176
0.0183565
0.0180969
0.0178354
0.0175828
0.0173218
0.0170525
0.016789
0.0165221
0.0162552
0.0159974
0.0157391
0.0154797
0.0152178
0.0149622
0.0147191
0.0144893
0.0142587
0.0140237
0.0137942
0.0135727
0.0133527
0.0131408
0.0129292
0.0127045
0.012497
0.0123114
0.0121177
0.0119201
0.0117306
0.0115495
0.0113759
0.0112038
0.0110321
0.0108565
0.0106791
0.0105175
0.0103584
0.0102031
0.0100483
0.00990054
0.00975377
0.00962046
0.00948397
0.00935334
0.009218
0.00908664
0.00894675
0.00880522
0.00867583
0.00855173
0.00842468
0.00829359
0.00817064
0.00805613
0.00793835
0.00782544
0.00772145
0.00761812
0.00751086
0.00740772
0.00729752
0.00718837
0.00707941
0.00698012
0.0068847
0.00678903
0.00669152
0.00659062
0.00649191
0.00640351
0.00671842
0.0101923
0.0127849
0.0149062
0.016549
0.01778
0.0186614
0.0192773
0.0197234
0.0200688
0.020316
0.0205198
0.0206847
0.0208182
0.0209353
0.0210095
0.0210625
0.0211035
0.0211387
0.0211748
0.0211887
0.0211895
0.0211817
0.0211667
0.0211478
0.0211224
0.0210955
0.0210679
0.0210405
0.0210082
0.0209738
0.0209383
0.0209005
0.0208568
0.0208007
0.020756
0.0207087
0.0206448
0.020573
0.0205018
0.0204353
0.0203576
0.0202813
0.0201997
0.0201118
0.020009
0.0199055
0.0197957
0.0196722
0.019548
0.0194176
0.0192771
0.0191277
0.0189725
0.0188086
0.0186327
0.0184508
0.0182628
0.0180667
0.017862
0.0176397
0.0174149
0.0171914
0.0169679
0.0167403
0.0165057
0.0162707
0.0160302
0.0157907
0.0155553
0.0153189
0.0150841
0.014844
0.0146058
0.0143811
0.014163
0.0139449
0.0137253
0.01351
0.0133002
0.0130907
0.0128899
0.0126852
0.0124742
0.0122778
0.0121002
0.0119127
0.0117261
0.0115422
0.0113667
0.0111975
0.0110321
0.0108678
0.0106981
0.0105276
0.0103699
0.010215
0.010063
0.00991398
0.00977009
0.00962959
0.00949756
0.0093658
0.009236
0.00910517
0.0089754
0.00884039
0.00870305
0.00857585
0.008454
0.00833098
0.0082037
0.00808316
0.00797087
0.00785586
0.00774578
0.00764355
0.00754314
0.00743704
0.0073357
0.00722904
0.0071231
0.00701663
0.00691871
0.00682591
0.00673121
0.00663632
0.00653711
0.00644058
0.00635373
0.000954654
0.0015821
0.00270302
0.00401586
0.00542747
0.00684618
0.00816922
0.00942754
0.0106111
0.0116655
0.0125882
0.013386
0.0140727
0.0146568
0.0151747
0.0156132
0.0159839
0.0163135
0.0166169
0.0169017
0.0171323
0.017332
0.0175089
0.0176632
0.0177967
0.0179202
0.018027
0.0181269
0.0182156
0.0182963
0.01837
0.0184326
0.0184837
0.0185271
0.0185644
0.0185955
0.0186183
0.0186308
0.0186306
0.0186302
0.0186275
0.0186105
0.0185943
0.0185709
0.0185351
0.0184945
0.0184403
0.0183823
0.0183129
0.0182406
0.0181612
0.0180696
0.0179725
0.0178682
0.0177521
0.0176225
0.0174851
0.0173413
0.0171847
0.0170214
0.0168406
0.0166555
0.0164701
0.0162833
0.0160903
0.0158929
0.0156866
0.0154784
0.0152654
0.0150557
0.0148452
0.0146338
0.0144173
0.0142003
0.0139947
0.0137922
0.0135909
0.013387
0.013187
0.0129915
0.0127944
0.0126036
0.0124123
0.012217
0.0120303
0.0118603
0.0116834
0.0115096
0.0113303
0.0111619
0.0109977
0.0108393
0.010684
0.0105202
0.0103588
0.0102044
0.0100542
0.0099067
0.00976443
0.00962545
0.00949021
0.00936125
0.0092351
0.00910609
0.00898
0.00885411
0.00872206
0.00859054
0.00846549
0.00834609
0.00822742
0.00810546
0.00798719
0.00787676
0.00776545
0.00765804
0.00755771
0.00746003
0.00735601
0.00725688
0.00715382
0.00705116
0.00694765
0.00685085
0.00676049
0.00666785
0.00657555
0.00647887
0.00638355
0.00629874
0.000304037
0.000419341
0.000656674
0.000685595
0.000938047
0.0014171
0.00209443
0.00292697
0.00386827
0.00486983
0.00586607
0.00681441
0.00771089
0.00854459
0.00931415
0.0100314
0.0106976
0.0113081
0.0118632
0.0123762
0.0128295
0.0132424
0.0136137
0.0139406
0.0142393
0.0145121
0.0147605
0.0149919
0.0152069
0.0154042
0.0155857
0.0157516
0.0158993
0.0160358
0.0161629
0.0162759
0.0163799
0.0164698
0.0165482
0.0166182
0.0166823
0.0167311
0.0167775
0.0168135
0.0168439
0.0168609
0.0168605
0.0168556
0.0168431
0.0168266
0.0167993
0.0167585
0.0167129
0.0166596
0.0165937
0.0165134
0.0164231
0.0163238
0.016211
0.0160893
0.0159537
0.0158106
0.0156665
0.015518
0.0153649
0.0152052
0.0150309
0.0148547
0.0146729
0.014493
0.0143105
0.0141259
0.0139332
0.0137406
0.0135558
0.0133714
0.0131894
0.0130047
0.0128198
0.0126383
0.012458
0.01228
0.012103
0.0119254
0.0117506
0.0115888
0.011426
0.0112632
0.0110925
0.0109301
0.0107745
0.0106237
0.0104745
0.0103202
0.0101687
0.0100186
0.00987335
0.00973284
0.00959635
0.00946451
0.00933401
0.00920879
0.00908793
0.00896264
0.00884096
0.00871759
0.00859153
0.0084647
0.00834332
0.00822655
0.00811269
0.00799551
0.00788105
0.00777222
0.00766429
0.00756006
0.00746228
0.00736695
0.00726573
0.00716884
0.00706984
0.00697096
0.00687083
0.00677599
0.0066871
0.00659791
0.00650766
0.00641321
0.00632036
0.00623747
0.000215995
0.000257687
0.000256919
0.000219263
0.0001942
0.000204097
0.000262818
0.000397889
0.000646876
0.00103693
0.00156441
0.00220437
0.00292181
0.00368081
0.00445037
0.00521194
0.00595773
0.00666837
0.00733624
0.00796787
0.00856653
0.00911845
0.00963142
0.0101105
0.0105598
0.0109828
0.0113732
0.0117319
0.0120689
0.0123812
0.0126708
0.0129374
0.0131873
0.0134174
0.0136344
0.0138346
0.0140156
0.0141837
0.0143393
0.0144796
0.0146151
0.0147338
0.0148486
0.0149457
0.0150391
0.015111
0.0151693
0.0152213
0.0152658
0.0153057
0.0153333
0.0153445
0.0153503
0.0153469
0.0153332
0.0153052
0.0152622
0.0152101
0.0151459
0.0150653
0.0149755
0.0148758
0.0147744
0.0146701
0.0145565
0.0144365
0.0142995
0.0141554
0.0140075
0.0138577
0.0137087
0.0135522
0.0133876
0.0132209
0.013058
0.0128943
0.0127382
0.0125715
0.0124035
0.0122394
0.012076
0.0119151
0.0117541
0.0115931
0.0114335
0.011281
0.0111332
0.0109798
0.0108234
0.0106699
0.0105234
0.0103811
0.0102383
0.010095
0.00995396
0.009811
0.00967203
0.00953736
0.00940726
0.00928337
0.0091592
0.00903881
0.00892205
0.00880213
0.0086858
0.00856478
0.00844605
0.00832372
0.00820681
0.00809423
0.00798442
0.00787189
0.00776218
0.00765639
0.00755188
0.00745055
0.00735526
0.00726293
0.0071655
0.00707139
0.00697648
0.00688066
0.00678469
0.00669223
0.00660554
0.00652015
0.00643207
0.00634058
0.00625021
0.00616881
0.000214771
0.000127822
8.80536e-05
7.14693e-05
6.16197e-05
5.35213e-05
4.66101e-05
4.27953e-05
4.71757e-05
7.06624e-05
0.000132533
0.000259254
0.000476772
0.000799842
0.00122537
0.0017364
0.00231008
0.00292096
0.00354939
0.00418131
0.00480886
0.00540595
0.00596687
0.00651259
0.00703789
0.00754289
0.00801955
0.00847015
0.00889524
0.00930789
0.00969457
0.0100548
0.0103975
0.0107135
0.0110143
0.0112996
0.0115599
0.011805
0.0120371
0.0122476
0.0124504
0.0126394
0.0128138
0.0129755
0.0131261
0.0132601
0.0133794
0.01349
0.0135908
0.0136828
0.0137642
0.013831
0.0138899
0.0139376
0.0139771
0.013998
0.0140043
0.0140006
0.0139834
0.0139521
0.0139088
0.0138549
0.0137987
0.0137352
0.0136626
0.0135817
0.0134846
0.0133773
0.0132657
0.0131489
0.0130323
0.0129094
0.0127753
0.0126359
0.0124959
0.0123577
0.0122235
0.0120808
0.0119342
0.0117914
0.0116468
0.0115032
0.0113593
0.0112186
0.0110744
0.0109348
0.0108016
0.0106626
0.0105188
0.0103763
0.0102406
0.0101069
0.00997343
0.00984002
0.00970938
0.00957642
0.00944559
0.00931796
0.00919588
0.00907707
0.00895991
0.00884808
0.00873693
0.0086221
0.00851206
0.00839505
0.00828276
0.00816549
0.00805308
0.00794572
0.0078404
0.00773281
0.0076288
0.00752667
0.00742639
0.00732974
0.00723618
0.007146
0.00705364
0.00696336
0.00687213
0.00678024
0.00668815
0.00659942
0.00651536
0.0064332
0.00634801
0.00626013
0.00617178
0.00609192
1.37453e-06
1.99927e-06
2.52127e-06
2.96449e-06
3.22565e-06
3.25782e-06
3.0979e-06
2.84685e-06
2.65982e-06
2.80335e-06
3.87825e-06
7.47597e-06
1.77019e-05
4.35379e-05
0.000100473
0.000208977
0.00038888
0.000652084
0.000998028
0.0014146
0.001883
0.00238137
0.00289621
0.00341833
0.00393946
0.00445366
0.00495603
0.00544317
0.00591443
0.00637039
0.0068099
0.00722371
0.00762153
0.00800188
0.00836638
0.00871646
0.00905282
0.00936886
0.00966488
0.00994701
0.0102151
0.0104673
0.0107036
0.0109284
0.0111356
0.0113286
0.011509
0.0116764
0.0118312
0.0119758
0.0121103
0.0122322
0.0123409
0.0124402
0.012528
0.0125983
0.0126557
0.0126993
0.0127311
0.0127482
0.0127542
0.012748
0.0127351
0.0127143
0.0126844
0.0126419
0.0125879
0.0125191
0.0124442
0.0123658
0.0122819
0.0121923
0.0120891
0.0119813
0.0118712
0.0117592
0.0116486
0.0115315
0.0114096
0.0112873
0.0111635
0.0110398
0.010919
0.0107947
0.0106705
0.0105475
0.0104257
0.0103025
0.0101744
0.0100449
0.00992029
0.00979911
0.00967524
0.00955325
0.00943442
0.00931268
0.0091908
0.00907243
0.00895827
0.00884641
0.00873637
0.00863216
0.00852847
0.00842024
0.00831495
0.00820634
0.008099
0.00798907
0.00788143
0.00777914
0.00767921
0.00757775
0.00747914
0.0073812
0.00728639
0.0071941
0.00710344
0.00701622
0.00692941
0.00684275
0.00675578
0.00666852
0.00658013
0.00649532
0.00641417
0.00633588
0.00625363
0.00616934
0.00608394
0.00600652
9.29737e-09
2.45634e-08
4.4882e-08
6.71275e-08
8.68833e-08
1.00774e-07
1.07833e-07
1.09318e-07
1.08005e-07
1.08376e-07
1.19336e-07
1.63364e-07
3.02489e-07
7.0915e-07
1.86972e-06
5.15176e-06
1.40501e-05
3.60152e-05
8.36323e-05
0.000173264
0.000320554
0.000534788
0.000815885
0.00115559
0.0015411
0.00195876
0.00239622
0.00284352
0.00329345
0.00374112
0.00418241
0.00461389
0.00503504
0.00544477
0.00584209
0.00622758
0.00660179
0.00695777
0.00730045
0.0076302
0.00795053
0.00825545
0.0085484
0.00883061
0.00909515
0.0093425
0.00957685
0.00979783
0.0100055
0.0102
0.0103839
0.0105571
0.0107164
0.0108647
0.0109992
0.0111183
0.0112242
0.0113158
0.0113939
0.0114613
0.0115152
0.0115559
0.0115899
0.0116123
0.011622
0.0116204
0.0116072
0.0115799
0.0115452
0.0115047
0.0114545
0.0113974
0.0113307
0.0112551
0.0111772
0.0110944
0.0110085
0.0109183
0.010824
0.0107252
0.0106251
0.0105244
0.0104232
0.0103199
0.0102153
0.0101112
0.0100051
0.00989785
0.0097862
0.00967197
0.00956085
0.00945233
0.00934129
0.00923115
0.00912214
0.00901513
0.00890542
0.00879741
0.00869111
0.00858724
0.00848609
0.0083894
0.00829415
0.00819439
0.00809559
0.00799462
0.00789324
0.00779049
0.00769023
0.0075935
0.00749903
0.00740339
0.00731091
0.00721889
0.00712962
0.00704113
0.00695534
0.0068719
0.00678953
0.00670775
0.00662427
0.00654302
0.00645894
0.00637828
0.0063014
0.00622633
0.006148
0.00606677
0.00598552
0.00591033
6.43468e-11
2.43431e-10
5.62318e-10
9.98767e-10
1.48931e-09
1.96266e-09
2.37089e-09
2.69893e-09
2.95984e-09
3.19594e-09
3.50843e-09
4.15965e-09
5.86999e-09
1.06517e-08
2.42462e-08
6.33929e-08
1.7641e-07
5.01322e-07
1.4377e-06
4.11717e-06
1.13957e-05
2.9238e-05
6.76024e-05
0.000139589
0.000258284
0.000432401
0.00066326
0.00094512
0.00126803
0.00162115
0.00199446
0.00237987
0.00277142
0.00316458
0.0035558
0.00394283
0.00432363
0.00469619
0.00505994
0.00541449
0.00576126
0.00609447
0.00641842
0.00673263
0.00703574
0.00732812
0.00761093
0.00788029
0.00813517
0.00837662
0.00860551
0.00882422
0.00903065
0.0092247
0.0094062
0.00957135
0.00972169
0.00986081
0.00998503
0.0101013
0.0102009
0.0102864
0.0103645
0.0104284
0.0104807
0.0105192
0.0105451
0.0105604
0.0105651
0.0105616
0.0105525
0.0105285
0.0104967
0.0104577
0.0104111
0.0103579
0.0103031
0.0102401
0.0101715
0.0101009
0.0100269
0.00994876
0.0098692
0.00978865
0.00970701
0.00962095
0.00953397
0.00944399
0.00934975
0.00925255
0.00915779
0.00906321
0.00896634
0.00886976
0.00877385
0.00868078
0.00858361
0.0084869
0.00839063
0.00829748
0.00820675
0.00811747
0.00803048
0.00793949
0.00784871
0.00775661
0.00766326
0.00756818
0.00747472
0.00738453
0.00729665
0.00720828
0.00712199
0.00703623
0.00695328
0.00687052
0.00678958
0.00671048
0.00663331
0.00655567
0.00647718
0.00640136
0.00632282
0.00624698
0.00617369
0.00610239
0.0060286
0.00595133
0.00587521
0.00580237
3.98157e-13
1.89098e-12
5.16402e-12
1.0539e-11
1.78446e-11
2.65989e-11
3.62928e-11
4.65611e-11
5.72475e-11
6.85233e-11
8.12682e-11
9.81218e-11
1.26337e-10
1.8595e-10
3.34184e-10
7.38355e-10
1.88784e-09
5.20505e-09
1.48822e-08
4.33838e-08
1.26984e-07
3.69957e-07
1.07659e-06
3.11228e-06
8.66591e-06
2.23438e-05
5.19747e-05
0.000108156
0.000201999
0.000341774
0.000530169
0.000763953
0.00103586
0.00133715
0.00165931
0.00199529
0.0023396
0.00268812
0.00303777
0.0033861
0.00373132
0.00407123
0.00440554
0.00473348
0.00505441
0.00536765
0.00567382
0.00597022
0.00625611
0.00653181
0.00679923
0.00705793
0.00730646
0.00754233
0.00776332
0.00797072
0.00816516
0.00834788
0.00851538
0.00867202
0.0088163
0.00894824
0.00906684
0.00917125
0.00926279
0.00934085
0.00940695
0.00946354
0.00951006
0.00954602
0.00957105
0.00958513
0.00959072
0.00958784
0.00957518
0.00955316
0.00952867
0.00949437
0.0094561
0.00941167
0.00936627
0.00931328
0.00925855
0.00919967
0.00913872
0.0090766
0.00900973
0.0089384
0.00886392
0.00878563
0.00870852
0.00862818
0.0085466
0.00846377
0.00838474
0.00830543
0.00822281
0.00813752
0.00805523
0.00797281
0.00789378
0.00781343
0.00773484
0.00765345
0.00757242
0.00748906
0.00740471
0.0073186
0.00723385
0.0071499
0.00706997
0.00698907
0.00691091
0.00683092
0.00675493
0.00667879
0.00660397
0.00653016
0.00645822
0.00638532
0.00631271
0.00624249
0.0061705
0.00609945
0.00602992
0.00596333
0.00589341
0.00582138
0.00575056
0.005681
2.048e-15
1.14338e-14
3.5792e-14
8.2837e-14
1.58549e-13
2.6697e-13
4.11032e-13
5.93474e-13
8.17993e-13
1.09165e-12
1.42971e-12
1.86576e-12
2.47278e-12
3.42805e-12
5.21541e-12
9.24889e-12
1.9734e-11
4.91234e-11
1.34504e-10
3.87084e-10
1.13594e-09
3.34473e-09
9.87701e-09
2.92954e-08
8.66114e-08
2.54116e-07
7.44551e-07
2.16988e-06
6.10466e-06
1.59489e-05
3.76917e-05
7.98459e-05
0.000152001
0.000262218
0.000414439
0.000607546
0.000836429
0.00109407
0.00137334
0.00166783
0.00197241
0.0022832
0.00259741
0.00291277
0.00322746
0.00354006
0.00384923
0.00415385
0.00445501
0.00474449
0.00502891
0.00530773
0.00557993
0.0058418
0.00609678
0.00634297
0.00657475
0.0067954
0.00700137
0.00719636
0.00737955
0.00755171
0.00770875
0.00785455
0.00798331
0.00809996
0.00820579
0.00830102
0.00838605
0.00846
0.00852113
0.00857245
0.00861332
0.00864596
0.00866658
0.00867847
0.00868464
0.00868413
0.00867498
0.00865933
0.00864045
0.00861528
0.00858468
0.00855079
0.0085138
0.00847546
0.00842882
0.00837914
0.00832509
0.00826749
0.00820722
0.00814486
0.00807921
0.00801405
0.00795064
0.0078856
0.00781842
0.00774891
0.00767917
0.00760957
0.00754369
0.00747351
0.00740451
0.0073326
0.00726119
0.00718788
0.00711471
0.00703846
0.00696332
0.00688802
0.00681554
0.00674422
0.0066732
0.00660117
0.00653245
0.00646365
0.00639566
0.00632725
0.00626125
0.00619418
0.0061282
0.00606388
0.00599861
0.00593352
0.00586839
0.00580628
0.00574132
0.00567501
0.00560925
0.00554387
8.52859e-18
5.43755e-17
1.92609e-16
5.0302e-16
1.08592e-15
2.0607e-15
3.56787e-15
5.77583e-15
8.89923e-15
1.3237e-14
1.92305e-14
2.75418e-14
3.9158e-14
5.57391e-14
8.09176e-14
1.24712e-13
2.17329e-13
4.50599e-13
1.10308e-12
3.02065e-12
8.74625e-12
2.58452e-11
7.69825e-11
2.30485e-10
6.89395e-10
2.05145e-09
6.10543e-09
1.82419e-08
5.4317e-08
1.60346e-07
4.72401e-07
1.38817e-06
3.96307e-06
1.05757e-05
2.56394e-05
5.58292e-05
0.000109294
0.000193789
0.00031439
0.000471991
0.000663529
0.000883546
0.00112593
0.00138496
0.00165589
0.00193499
0.0022193
0.00250665
0.00279537
0.00308253
0.00336689
0.00364918
0.00392785
0.00420048
0.00446819
0.00472964
0.00498199
0.00522859
0.00546561
0.00569434
0.00591175
0.00611703
0.00631003
0.00648937
0.00665558
0.00680883
0.00695134
0.00708241
0.00720401
0.00731176
0.00740939
0.00749641
0.00757235
0.0076375
0.0076923
0.00773965
0.00777622
0.00780534
0.00782635
0.00784063
0.00784964
0.00785331
0.00784972
0.00784054
0.00782764
0.0078125
0.00779108
0.00776358
0.00773188
0.00769457
0.00765284
0.00761038
0.00756338
0.00751726
0.00746937
0.00742011
0.00736992
0.00731499
0.00726039
0.00720556
0.00715113
0.00709488
0.00703727
0.00697679
0.00691621
0.00685291
0.00679141
0.00672604
0.00666169
0.00659597
0.00653321
0.00647036
0.00640799
0.00634425
0.0062839
0.00622309
0.00616164
0.00610048
0.00604101
0.00598126
0.00592145
0.00586333
0.00580507
0.00574568
0.00568667
0.00562933
0.00556996
0.00550974
0.00544969
0.00538808
2.87424e-20
2.06577e-19
8.23847e-19
2.42218e-18
5.88206e-18
1.25298e-17
2.42829e-17
4.38868e-17
7.53378e-17
1.24557e-16
2.00203e-16
3.1432e-16
4.82414e-16
7.23867e-16
1.06717e-15
1.57431e-15
2.42573e-15
4.18584e-15
8.61457e-15
2.11543e-14
5.84434e-14
1.70801e-13
5.10677e-13
1.54219e-12
4.66625e-12
1.40738e-11
4.24118e-11
1.28122e-10
3.86326e-10
1.15755e-09
3.46404e-09
1.04082e-08
3.12039e-08
9.26892e-08
2.74318e-07
8.12194e-07
2.35799e-06
6.46558e-06
1.62208e-05
3.66624e-05
7.45179e-05
0.000137002
0.000229953
0.000356104
0.000514509
0.000701343
0.00091143
0.0011396
0.00138124
0.00163413
0.00188981
0.00215131
0.00241533
0.00267976
0.00294418
0.00320485
0.00346228
0.00371558
0.00396375
0.00420663
0.00444148
0.0046695
0.00488982
0.00509907
0.00529784
0.00548392
0.00565859
0.00582242
0.00597555
0.00611599
0.00624734
0.00636774
0.00647653
0.00657438
0.00666187
0.00673852
0.00680652
0.00686656
0.00691758
0.00696197
0.00700068
0.00703031
0.00705278
0.00707031
0.00708326
0.00709181
0.00709485
0.00709136
0.00708223
0.00706666
0.00704716
0.00702296
0.00699667
0.00696983
0.00694056
0.00690794
0.00687396
0.00683645
0.00679825
0.00675708
0.00671667
0.0066744
0.00662992
0.00658191
0.00653333
0.00648195
0.0064319
0.0063783
0.00632453
0.00627047
0.00621888
0.00616622
0.00611184
0.00605729
0.00600555
0.00595352
0.00590048
0.00584709
0.00579485
0.00574253
0.00568949
0.00563803
0.00558676
0.00553451
0.00548258
0.00543068
0.00537748
0.00532348
0.00526919
0.00521228
7.91736e-23
6.37646e-22
2.85452e-21
9.41862e-21
2.56189e-20
6.0956e-20
1.31615e-19
2.6451e-19
5.0394e-19
9.21351e-19
1.62664e-18
2.77623e-18
4.57117e-18
7.24466e-18
1.10615e-17
1.64111e-17
2.42289e-17
3.7419e-17
6.52982e-17
1.37338e-16
3.4529e-16
9.71354e-16
2.88185e-15
8.74432e-15
2.6732e-14
8.16973e-14
2.49503e-13
7.63119e-13
2.3316e-12
7.08846e-12
2.14964e-11
6.53195e-11
1.98269e-10
5.97859e-10
1.79728e-09
5.42478e-09
1.63772e-08
4.90025e-08
1.45686e-07
4.33994e-07
1.28134e-06
3.62368e-06
9.47448e-06
2.24274e-05
4.77766e-05
9.19102e-05
0.000160953
0.000259112
0.000387465
0.000544068
0.000724633
0.000924617
0.00113929
0.00136479
0.0015981
0.0018365
0.00207779
0.00231998
0.00256191
0.00280255
0.00303953
0.00327324
0.00350194
0.00372319
0.00393708
0.00414492
0.00434501
0.0045361
0.00471715
0.00488705
0.00504744
0.00519666
0.00533599
0.00546377
0.00558146
0.00568828
0.00578607
0.00587593
0.00595555
0.00602847
0.00609305
0.0061502
0.00620057
0.00624487
0.00628277
0.00631559
0.00634246
0.00636255
0.00637676
0.00638393
0.00638532
0.00638328
0.00637854
0.00637128
0.00636035
0.00634592
0.00633017
0.00631071
0.00628841
0.00626344
0.00623771
0.00620989
0.00617914
0.00614524
0.00610885
0.00607182
0.00603259
0.00599233
0.00595099
0.00590847
0.00586786
0.00582627
0.00578189
0.00573791
0.00569578
0.00565234
0.00560862
0.00556389
0.00551981
0.00547585
0.00543098
0.00538679
0.00534322
0.00529823
0.00525322
0.00520778
0.00516083
0.00511392
0.00506548
0.00501476
1.80495e-25
1.62206e-24
8.11982e-24
2.99272e-23
9.0705e-23
2.39889e-22
5.74656e-22
1.27893e-21
2.68931e-21
5.39372e-21
1.03511e-20
1.89913e-20
3.32294e-20
5.53493e-20
8.78325e-20
1.33522e-19
1.97267e-19
2.92238e-19
4.60385e-19
8.36394e-19
1.84618e-18
4.82034e-18
1.39005e-17
4.19991e-17
1.29263e-16
3.99771e-16
1.23743e-15
3.83524e-15
1.18801e-14
3.66546e-14
1.12742e-13
3.46913e-13
1.06674e-12
3.26425e-12
9.95315e-12
3.04016e-11
9.2913e-11
2.82232e-10
8.52646e-10
2.58324e-09
7.85219e-09
2.37097e-08
7.0915e-08
2.12146e-07
6.3485e-07
1.85145e-06
5.06757e-06
1.26604e-05
2.85248e-05
5.795e-05
0.000106807
0.000180181
0.000280932
0.000409019
0.000561864
0.000735621
0.000925602
0.00112593
0.00133511
0.00155028
0.00176897
0.00198945
0.00220991
0.00242821
0.0026438
0.00285576
0.00306242
0.00326383
0.00345791
0.00364671
0.00382924
0.00400285
0.00416812
0.00432268
0.00446699
0.00460102
0.00472561
0.00484177
0.00494893
0.00504834
0.00513864
0.00522151
0.00529829
0.00536754
0.00543057
0.00548787
0.0055379
0.00558081
0.00561667
0.0056474
0.0056724
0.0056919
0.00570863
0.00572201
0.00572999
0.0057351
0.00573682
0.00573536
0.00573002
0.00572255
0.00571178
0.00569951
0.00568342
0.00566462
0.00564292
0.00561901
0.00559329
0.00556643
0.00553777
0.00550885
0.00548005
0.00544872
0.00541586
0.00538359
0.00535152
0.00531821
0.00528413
0.00524932
0.0052142
0.00517864
0.00514312
0.00510681
0.00507117
0.0050343
0.00499657
0.00495854
0.00491897
0.00487892
0.00483665
0.00479257
3.4428e-28
3.43473e-27
1.91247e-26
7.83025e-26
2.631e-25
7.70066e-25
2.03788e-24
4.99466e-24
1.14996e-23
2.50361e-23
5.1616e-23
1.00668e-22
1.85497e-22
3.22903e-22
5.32088e-22
8.34335e-22
1.25821e-21
1.86317e-21
2.81893e-21
4.65609e-21
9.05093e-21
2.12841e-20
5.79802e-20
1.71602e-19
5.27595e-19
1.64552e-18
5.15681e-18
1.61983e-17
5.08845e-17
1.59353e-16
4.97408e-16
1.55151e-15
4.83607e-15
1.50195e-14
4.64799e-14
1.43858e-13
4.45408e-13
1.37317e-12
4.21188e-12
1.29252e-11
3.97589e-11
1.21808e-10
3.70391e-10
1.12594e-09
3.44159e-09
1.0501e-08
3.17056e-08
9.52647e-08
2.87477e-07
8.60218e-07
2.46429e-06
6.52781e-06
1.56728e-05
3.39213e-05
6.64013e-05
0.000118372
0.000193782
0.000294308
0.000419191
0.000565432
0.000728892
0.000905384
0.00109125
0.0012833
0.00147873
0.00167678
0.00187413
0.00207054
0.00226452
0.00245555
0.00264278
0.00282507
0.00300096
0.00317096
0.00333515
0.00349142
0.00363991
0.00378072
0.00391185
0.00403344
0.00414782
0.00425443
0.0043548
0.004448
0.00453381
0.00461408
0.00468652
0.00475291
0.00481148
0.00486406
0.00491074
0.00495249
0.00499035
0.00502348
0.00505109
0.00507566
0.00509627
0.00511232
0.00512434
0.00513441
0.00514067
0.00514333
0.0051432
0.00513957
0.00513321
0.00512392
0.00511213
0.005099
0.00508398
0.00506818
0.00505171
0.00503279
0.0050125
0.00499195
0.00497051
0.00494835
0.00492433
0.00490017
0.00487505
0.00484888
0.0048224
0.00479532
0.00476781
0.00473949
0.00471059
0.00467999
0.0046487
0.00461611
0.00458038
0.00454328
5.53613e-31
6.09159e-30
3.74972e-29
1.69621e-28
6.28944e-28
2.02832e-27
5.89712e-27
1.57928e-26
3.94073e-26
9.20612e-26
2.01613e-25
4.13995e-25
7.97621e-25
1.44466e-24
2.46886e-24
4.00479e-24
6.22508e-24
9.42001e-24
1.4264e-23
2.26502e-23
4.03013e-23
8.50159e-23
2.12939e-22
6.02752e-22
1.82504e-21
5.69908e-21
1.80247e-20
5.73217e-20
1.82563e-19
5.80274e-19
1.83879e-18
5.81875e-18
1.83972e-17
5.80032e-17
1.82258e-16
5.72155e-16
1.79594e-15
5.61976e-15
1.75054e-14
5.44733e-14
1.69735e-13
5.27545e-13
1.62977e-12
5.02506e-12
1.55446e-11
4.80692e-11
1.4755e-10
4.50769e-10
1.38343e-09
4.26248e-09
1.30367e-08
3.94606e-08
1.19524e-07
3.63488e-07
1.08297e-06
3.03638e-06
7.78123e-06
1.80178e-05
3.76358e-05
7.12852e-05
0.000123471
0.000197397
0.000294068
0.000412104
0.00054836
0.000698975
0.000859992
0.00102812
0.00120069
0.00137576
0.00155177
0.00172723
0.00190074
0.00207172
0.00223939
0.00240176
0.00255954
0.0027121
0.00286033
0.00300134
0.00313552
0.00326321
0.00338423
0.00349764
0.00360418
0.00370449
0.00379841
0.00388549
0.00396556
0.00403994
0.00410737
0.00416967
0.00422704
0.00427919
0.00432698
0.00437117
0.00440935
0.00444323
0.00447414
0.00450147
0.00452345
0.00454218
0.00455795
0.00457021
0.00457918
0.00458546
0.00458854
0.00458948
0.00458858
0.00458584
0.00458237
0.00457707
0.0045697
0.00456111
0.00455203
0.00454098
0.00452825
0.00451461
0.00450008
0.00448444
0.00446757
0.00444993
0.00443172
0.00441258
0.00439239
0.00437034
0.00434709
0.00432188
0.00429441
0.00426397
7.53756e-34
9.08119e-33
6.14273e-32
3.05483e-31
1.24424e-30
4.39686e-30
1.39377e-29
4.03842e-29
1.07993e-28
2.67746e-28
6.16939e-28
1.32396e-27
2.65365e-27
4.98711e-27
8.83497e-27
1.48591e-26
2.39542e-26
3.75218e-26
5.82935e-26
9.2761e-26
1.58575e-25
3.07781e-25
7.01326e-25
1.85051e-24
5.40101e-24
1.66693e-23
5.28554e-23
1.69678e-22
5.47261e-22
1.76468e-21
5.67752e-21
1.82373e-20
5.85212e-20
1.87355e-19
5.97956e-19
1.9053e-18
6.06715e-18
1.92724e-17
6.09776e-17
1.92564e-16
6.08303e-16
1.91825e-15
6.02018e-15
1.8841e-14
5.90522e-14
1.85107e-13
5.77234e-13
1.79135e-12
5.56935e-12
1.73722e-11
5.39606e-11
1.66252e-10
5.12031e-10
1.58905e-09
4.92998e-09
1.50693e-08
4.55683e-08
1.38353e-07
4.18914e-07
1.22646e-06
3.35e-06
8.33751e-06
1.87402e-05
3.80897e-05
7.04544e-05
0.000119623
0.000188152
0.000276694
0.00038387
0.000506836
0.000641853
0.000785908
0.000935317
0.00108891
0.00124333
0.00139669
0.00155028
0.00170215
0.00185054
0.0019954
0.00213674
0.00227434
0.00240644
0.00253428
0.00265702
0.00277472
0.00288718
0.00299272
0.00309121
0.00318388
0.00327045
0.00335131
0.00342714
0.00349825
0.00356418
0.00362513
0.00368134
0.00373338
0.00378096
0.00382422
0.00386322
0.00389826
0.00392987
0.00395786
0.003983
0.00400432
0.00402263
0.00403834
0.00405146
0.00406318
0.00407258
0.00408057
0.0040867
0.00409085
0.00409411
0.00409499
0.00409427
0.00409158
0.00408826
0.00408313
0.00407647
0.00406903
0.00406034
0.00405062
0.00403944
0.00402688
0.00401226
0.00399527
0.00397565
0.00395307
8.70868e-37
1.14066e-35
8.43128e-35
4.58672e-34
2.04055e-33
7.84245e-33
2.6847e-32
8.32544e-32
2.36051e-31
6.15307e-31
1.4808e-30
3.30408e-30
6.86825e-30
1.33778e-29
2.45845e-29
4.29834e-29
7.22302e-29
1.18146e-28
1.91209e-28
3.13054e-28
5.34821e-28
9.92851e-28
2.08584e-27
5.0524e-27
1.38702e-26
4.14987e-26
1.30413e-25
4.20169e-25
1.36873e-24
4.47263e-24
1.46059e-23
4.76381e-23
1.55211e-22
5.04698e-22
1.63648e-21
5.2954e-21
1.7116e-20
5.52049e-20
1.77439e-19
5.68961e-19
1.82343e-18
5.83539e-18
1.8603e-17
5.91216e-17
1.87913e-16
5.97309e-16
1.89166e-15
5.9641e-15
1.88038e-14
5.94216e-14
1.87344e-13
5.86931e-13
1.83512e-12
5.76679e-12
1.81342e-11
5.63978e-11
1.73712e-10
5.36482e-10
1.66375e-09
5.12395e-09
1.55389e-08
4.67358e-08
1.40862e-07
4.20922e-07
1.20735e-06
3.21744e-06
7.81292e-06
1.71988e-05
3.45062e-05
6.28929e-05
0.000105467
0.000164608
0.000241108
0.000333988
0.000440579
0.000557578
0.000682671
0.000812822
0.000945754
0.00107995
0.00121411
0.00134736
0.00147883
0.00160818
0.00173453
0.00185763
0.00197742
0.0020932
0.00220384
0.00231053
0.00241274
0.00251026
0.00260302
0.00268989
0.00277181
0.00284886
0.00292177
0.00298966
0.00305284
0.00311187
0.00316637
0.00321705
0.00326433
0.00330771
0.00334713
0.00338363
0.00341707
0.00344744
0.00347559
0.00350105
0.0035238
0.0035452
0.00356477
0.00358185
0.00359736
0.00361097
0.00362218
0.00363073
0.00363837
0.00364426
0.00364853
0.00365148
0.00365304
0.00365319
0.00365164
0.00364759
0.00364154
0.00363343
0.00362225
0.00360811
8.54871e-40
1.20915e-38
9.71153e-38
5.74511e-37
2.77107e-36
1.14759e-35
4.19829e-35
1.37899e-34
4.10769e-34
1.11762e-33
2.79478e-33
6.46314e-33
1.39147e-32
2.80968e-32
5.36588e-32
9.78515e-32
1.72232e-31
2.96139e-31
5.04043e-31
8.62114e-31
1.50959e-30
2.77489e-30
5.5325e-30
1.23584e-29
3.13581e-29
8.89265e-29
2.72364e-28
8.72206e-28
2.85598e-27
9.43671e-27
3.12526e-26
1.03489e-25
3.42425e-25
1.13111e-24
3.72673e-24
1.22508e-23
4.02108e-23
1.31717e-22
4.30134e-22
1.40095e-21
4.55756e-21
1.48056e-20
4.79445e-20
1.54771e-19
4.99187e-19
1.60966e-18
5.17643e-18
1.65811e-17
5.30515e-17
1.69954e-16
5.43766e-16
1.7314e-15
5.49751e-15
1.75024e-14
5.5763e-14
1.76308e-13
5.52827e-13
1.73294e-12
5.44682e-12
1.70506e-11
5.27434e-11
1.61733e-10
4.96409e-10
1.52451e-09
4.62703e-09
1.37848e-08
4.06647e-08
1.20127e-07
3.52729e-07
9.86567e-07
2.57032e-06
6.14406e-06
1.33861e-05
2.66011e-05
4.84866e-05
8.1738e-05
0.000128471
0.000189686
0.00026508
0.000353153
0.000451602
0.000557365
0.000668209
0.000782173
0.000897851
0.00101347
0.00112893
0.00124266
0.0013548
0.00146464
0.00157123
0.00167458
0.00177479
0.00187135
0.00196451
0.00205435
0.00214061
0.00222235
0.00229947
0.00237236
0.00244142
0.00250669
0.00256777
0.00262482
0.00267826
0.00272873
0.00277667
0.00282112
0.00286328
0.00290248
0.00293859
0.0029731
0.00300576
0.00303525
0.00306291
0.00308849
0.00311131
0.00313199
0.00315119
0.0031685
0.00318331
0.00319656
0.00320818
0.00321809
0.0032259
0.0032308
0.00323376
0.00323467
0.00323269
0.00322743
7.13276e-43
1.08221e-41
9.38392e-41
5.99145e-40
3.10486e-39
1.37155e-38
5.30836e-38
1.83037e-37
5.68742e-37
1.60693e-36
4.16204e-36
9.96108e-36
2.22131e-35
4.6569e-35
9.2683e-35
1.76966e-34
3.27766e-34
5.95371e-34
1.07159e-33
1.92926e-33
3.50904e-33
6.53615e-33
1.27403e-32
2.68045e-32
6.28002e-32
1.65847e-31
4.85456e-31
1.52416e-30
4.97839e-30
1.65706e-29
5.5561e-29
1.86683e-28
6.27252e-28
2.1049e-27
7.04742e-27
2.35403e-26
7.84891e-26
2.61174e-25
8.66608e-25
2.86771e-24
9.47381e-24
3.12496e-23
1.02795e-22
3.37114e-22
1.10388e-21
3.61233e-21
1.17958e-20
3.83866e-20
1.24695e-19
4.05199e-19
1.31561e-18
4.25593e-18
1.37252e-17
4.42989e-17
1.4304e-16
4.59562e-16
1.46649e-15
4.66956e-15
1.4886e-14
4.73346e-14
1.4914e-13
4.65767e-13
1.45173e-12
4.52392e-12
1.39812e-11
4.2555e-11
1.28132e-10
3.85725e-10
1.16188e-09
3.43271e-09
9.92807e-09
2.83586e-08
8.08137e-08
2.28461e-07
6.25842e-07
1.61669e-06
3.8675e-06
8.49944e-06
1.71139e-05
3.16932e-05
5.4375e-05
8.71043e-05
0.000131273
0.000187387
0.000254956
0.000332607
0.000418404
0.000510162
0.000605937
0.000704113
0.000802797
0.000901266
0.000999002
0.00109507
0.00118953
0.00128216
0.00137239
0.00145999
0.00154422
0.00162529
0.00170318
0.00177833
0.00185058
0.00191949
0.00198528
0.00204805
0.00210811
0.00216547
0.00222057
0.00227216
0.00232093
0.00236749
0.002412
0.00245377
0.00249327
0.00253012
0.0025648
0.00259703
0.00262688
0.00265468
0.00268029
0.0027041
0.00272569
0.00274537
0.00276258
0.00277674
0.00278877
0.00279889
0.00280617
0.00280975
5.05371e-46
8.166e-45
7.58544e-44
5.18068e-43
2.85621e-42
1.33274e-41
5.40958e-41
1.9444e-40
6.27028e-40
1.83379e-39
4.91185e-39
1.21658e-38
2.81384e-38
6.14048e-38
1.27807e-37
2.56549e-37
5.01968e-37
9.66282e-37
1.84309e-36
3.50063e-36
6.64814e-36
1.27045e-35
2.47471e-35
5.03205e-35
1.10515e-34
2.70559e-34
7.44512e-34
2.25512e-33
7.2699e-33
2.42351e-32
8.20369e-32
2.79337e-31
9.52673e-31
3.2473e-30
1.10481e-29
3.75032e-29
1.27052e-28
4.29533e-28
1.4483e-27
4.87006e-27
1.6343e-26
5.47498e-26
1.82957e-25
6.0961e-25
2.02728e-24
6.73476e-24
2.2332e-23
7.38308e-23
2.43564e-22
8.03192e-22
2.64671e-21
8.69665e-21
2.84882e-20
9.32753e-20
3.05412e-19
9.96752e-19
3.23531e-18
1.04682e-17
3.38655e-17
1.09351e-16
3.50606e-16
1.11483e-15
3.53133e-15
1.11714e-14
3.51217e-14
1.09049e-13
3.34805e-13
1.02413e-12
3.12726e-12
9.4269e-12
2.79213e-11
8.15686e-11
2.37114e-10
6.87145e-10
1.96751e-09
5.51662e-09
1.52226e-08
4.17581e-08
1.13538e-07
3.02225e-07
7.72123e-07
1.85674e-06
4.15033e-06
8.5827e-06
1.6435e-05
2.92621e-05
4.87144e-05
7.62929e-05
0.000113086
0.000159582
0.000215632
0.000280164
0.000350995
0.000427343
0.000507552
0.000589716
0.000672767
0.000755741
0.000837645
0.0009182
0.000997282
0.00107461
0.0011502
0.00122385
0.00129542
0.00136485
0.00143219
0.0014974
0.00156065
0.00162143
0.00167993
0.00173601
0.00179021
0.00184219
0.00189213
0.00193962
0.0019846
0.00202717
0.00206742
0.00210546
0.00214137
0.00217496
0.00220602
0.00223461
0.00226073
0.00228433
0.00230575
0.00232512
0.0023416
0.00235414
3.03132e-49
5.17533e-48
5.10491e-47
3.69424e-46
2.14645e-45
1.049e-44
4.43478e-44
1.65325e-43
5.51503e-43
1.66684e-42
4.61656e-42
1.18476e-41
2.84895e-41
6.4931e-41
1.41881e-40
3.00513e-40
6.22817e-40
1.27182e-39
2.56908e-39
5.14105e-39
1.01978e-38
2.00975e-38
3.96453e-38
7.96116e-38
1.67591e-37
3.84129e-37
9.8686e-37
2.84206e-36
8.92866e-36
2.95736e-35
1.00633e-34
3.46532e-34
1.19851e-33
4.14812e-33
1.4339e-32
4.94652e-32
1.70288e-31
5.84992e-31
2.00452e-30
6.84997e-30
2.33554e-29
7.94791e-29
2.6983e-28
9.13528e-28
3.08602e-27
1.04105e-26
3.50575e-26
1.17745e-25
3.94547e-25
1.32081e-24
4.41796e-24
1.47433e-23
4.90582e-23
1.63031e-22
5.41586e-22
1.79507e-21
5.92359e-21
1.9478e-20
6.39715e-20
2.09739e-19
6.83857e-19
2.21312e-18
7.12738e-18
2.28998e-17
7.32023e-17
2.31613e-16
7.24902e-16
2.25518e-15
6.99101e-15
2.14713e-14
6.49847e-14
1.93927e-13
5.74148e-13
1.69208e-12
4.93917e-12
1.41742e-11
4.01344e-11
1.12692e-10
3.12821e-10
8.57195e-10
2.30861e-09
6.09189e-09
1.58247e-08
4.0825e-08
1.04746e-07
2.64109e-07
6.41861e-07
1.47753e-06
3.1871e-06
6.41597e-06
1.20591e-05
2.12136e-05
3.50923e-05
5.48995e-05
8.16569e-05
0.000115886
0.00015777
0.000206852
0.0002622
0.000322575
0.000386631
0.000453133
0.000520526
0.00058838
0.000656109
0.000723254
0.000789612
0.000855
0.000919216
0.00098235
0.00104431
0.00110479
0.00116352
0.00122069
0.00127634
0.0013303
0.001382
0.00143157
0.00147878
0.00152413
0.00156725
0.00160814
0.00164738
0.00168472
0.00171978
0.00175285
0.00178374
0.00181231
0.00183826
0.00186051
1.53126e-52
2.73949e-51
2.84366e-50
2.16087e-49
1.31238e-48
6.67249e-48
2.92339e-47
1.1266e-46
3.88116e-46
1.21196e-45
3.47465e-45
9.26005e-45
2.32243e-44
5.54863e-44
1.27745e-43
2.86257e-43
6.28989e-43
1.36096e-42
2.90319e-42
6.10052e-42
1.26123e-41
2.56645e-41
5.16344e-41
1.03931e-40
2.14162e-40
4.68081e-40
1.12833e-39
3.06378e-39
9.26423e-39
3.01922e-38
1.02669e-37
3.56428e-37
1.24825e-36
4.38365e-36
1.5391e-35
5.39511e-35
1.88742e-34
6.58895e-34
2.29451e-33
7.96883e-33
2.76091e-32
9.54555e-32
3.29262e-31
1.13271e-30
3.88758e-30
1.332e-29
4.55579e-29
1.55443e-28
5.29122e-28
1.79863e-27
6.1078e-27
2.06998e-26
6.99659e-26
2.36078e-25
7.95959e-25
2.67894e-24
8.98408e-24
3.00208e-23
1.00125e-22
3.33333e-22
1.10475e-21
3.63736e-21
1.19119e-20
3.88839e-20
1.26352e-19
4.07072e-19
1.29824e-18
4.11014e-18
1.29493e-17
4.04868e-17
1.25026e-16
3.8089e-16
1.14924e-15
3.44629e-15
1.02469e-14
3.00399e-14
8.70232e-14
2.49303e-13
7.04204e-13
1.96514e-12
5.41004e-12
1.4639e-11
3.898e-11
1.0279e-10
2.69606e-10
7.01066e-10
1.793e-09
4.48896e-09
1.10363e-08
2.68642e-08
6.50426e-08
1.55808e-07
3.64376e-07
8.1933e-07
1.75036e-06
3.52802e-06
6.69207e-06
1.1951e-05
2.01381e-05
3.21271e-05
4.87016e-05
7.0418e-05
9.75118e-05
0.000129768
0.000166713
0.000207886
0.000252559
0.000299724
0.000348932
0.000399474
0.000451002
0.000503196
0.000555344
0.000607748
0.000660288
0.000712732
0.000764683
0.00081598
0.000866352
0.000915435
0.00096328
0.00100968
0.00105459
0.00109793
0.00113992
0.00118066
0.00122041
0.001259
0.0012959
0.00132933
6.471e-56
1.20351e-54
1.30373e-53
1.03223e-52
6.51055e-52
3.42671e-51
1.55077e-50
6.16727e-50
2.19339e-49
7.08327e-49
2.10649e-48
5.84743e-48
1.53508e-47
3.85829e-47
9.38472e-47
2.22726e-46
5.18321e-46
1.18478e-45
2.65786e-45
5.83984e-45
1.25446e-44
2.63412e-44
5.42357e-44
1.10451e-43
2.26411e-43
4.81226e-43
1.10349e-42
2.82668e-42
8.15288e-42
2.58755e-41
8.72816e-41
3.04154e-40
1.07611e-39
3.83026e-39
1.36516e-38
4.86137e-38
1.72815e-37
6.13074e-37
2.16971e-36
7.65848e-36
2.69647e-35
9.47273e-35
3.32004e-34
1.1606e-33
4.04729e-33
1.40867e-32
4.89394e-32
1.69634e-31
5.86605e-31
2.02512e-30
6.98262e-30
2.40327e-29
8.25123e-29
2.82738e-28
9.67766e-28
3.30736e-27
1.1269e-26
3.82637e-26
1.29618e-25
4.38208e-25
1.47587e-24
4.94194e-24
1.64577e-23
5.45955e-23
1.8032e-22
5.91212e-22
1.92046e-21
6.1891e-21
1.983e-20
6.30927e-20
1.98601e-19
6.17296e-19
1.89862e-18
5.79599e-18
1.75488e-17
5.24916e-17
1.55235e-16
4.53224e-16
1.30428e-15
3.71139e-15
1.04403e-14
2.89273e-14
7.88795e-14
2.12506e-13
5.68052e-13
1.50588e-12
3.93874e-12
1.01168e-11
2.5525e-11
6.35949e-11
1.57321e-10
3.86636e-10
9.39604e-10
2.24611e-09
5.27969e-09
1.22749e-08
2.844e-08
6.57665e-08
1.5046e-07
3.35206e-07
7.15136e-07
1.475e-06
2.79165e-06
4.89789e-06
8.13232e-06
1.27974e-05
1.91267e-05
2.72946e-05
3.73995e-05
4.94203e-05
6.34552e-05
7.95469e-05
9.75102e-05
0.000117564
0.000140062
0.000165171
0.00019314
0.000224076
0.000258261
0.000295806
0.000336723
0.000380837
0.000427637
0.000476518
0.000526896
0.000577865
0.000628689
0.00067886
0.000727867
0.000774238
2.27198e-59
4.36228e-58
4.89684e-57
4.0149e-56
2.61725e-55
1.42141e-54
6.63255e-54
2.7208e-53
9.99784e-53
3.34544e-52
1.03497e-51
3.0029e-51
8.28072e-51
2.19569e-50
5.64967e-50
1.419e-49
3.48774e-49
8.38676e-49
1.96926e-48
4.50474e-48
1.00228e-47
2.16902e-47
4.57754e-47
9.48547e-47
1.95625e-46
4.11164e-46
9.12377e-46
2.22389e-45
6.09947e-45
1.8684e-44
6.19921e-44
2.1562e-43
7.68214e-43
2.76655e-42
1.00006e-41
3.61621e-41
1.30601e-40
4.70793e-40
1.69324e-39
6.07418e-39
2.17345e-38
7.7587e-38
2.76315e-37
9.81544e-37
3.47803e-36
1.22983e-35
4.34022e-35
1.52833e-34
5.36914e-34
1.88267e-33
6.59204e-33
2.30416e-32
8.03558e-32
2.79658e-31
9.71936e-31
3.37283e-30
1.1674e-29
4.02756e-29
1.38589e-28
4.75852e-28
1.62838e-27
5.54397e-27
1.87739e-26
6.33025e-26
2.12518e-25
7.08851e-25
2.34445e-24
7.69187e-24
2.50735e-23
8.11789e-23
2.60337e-22
8.25204e-22
2.58755e-21
8.0449e-21
2.48054e-20
7.56573e-20
2.28165e-19
6.78922e-19
1.99253e-18
5.78561e-18
1.66234e-17
4.71143e-17
1.31495e-16
3.62166e-16
9.87898e-16
2.67136e-15
7.14043e-15
1.87914e-14
4.8627e-14
1.2408e-13
3.13601e-13
7.86743e-13
1.95513e-12
4.79381e-12
1.1578e-11
2.76264e-11
6.5509e-11
1.5498e-10
3.65051e-10
8.49867e-10
1.9384e-09
4.37501e-09
9.39204e-09
1.93765e-08
3.85724e-08
7.33814e-08
1.32381e-07
2.25868e-07
3.64712e-07
5.59807e-07
8.23061e-07
1.16808e-06
1.61371e-06
2.19063e-06
2.94627e-06
3.9541e-06
5.32778e-06
7.23929e-06
9.94226e-06
1.37972e-05
1.92955e-05
2.70724e-05
3.78999e-05
5.26496e-05
7.22053e-05
9.73349e-05
0.000128553
0.00016598
0.000209259
0.000256819
6.58751e-63
1.29835e-61
1.50196e-60
1.26945e-59
8.52562e-59
4.76883e-58
2.29314e-57
9.70977e-57
3.69294e-56
1.28387e-55
4.14556e-55
1.26154e-54
3.66458e-54
1.02661e-53
2.79305e-53
7.40582e-53
1.91482e-52
4.82094e-52
1.17934e-51
2.79772e-51
6.42964e-51
1.43221e-50
3.10038e-50
6.56041e-50
1.37172e-49
2.88768e-49
6.30284e-49
1.48158e-48
3.87773e-48
1.14007e-47
3.68976e-47
1.27228e-46
4.54482e-46
1.65192e-45
6.04836e-45
2.21927e-44
8.14002e-44
2.98121e-43
1.08955e-42
3.97214e-42
1.44442e-41
5.23976e-41
1.89621e-40
6.84478e-40
2.46456e-39
8.85411e-39
3.17441e-38
1.1356e-37
4.05304e-37
1.44364e-36
5.13376e-36
1.82248e-35
6.45603e-35
2.28224e-34
8.05515e-34
2.8387e-33
9.98066e-33
3.49869e-32
1.22313e-31
4.2661e-31
1.48338e-30
5.13454e-30
1.76818e-29
6.06169e-29
2.06897e-28
7.02054e-28
2.36404e-27
7.89796e-27
2.62068e-26
8.63727e-26
2.82209e-25
9.1222e-25
2.91714e-24
9.24362e-24
2.90421e-23
9.03338e-23
2.77857e-22
8.43459e-22
2.52733e-21
7.49397e-21
2.19967e-20
6.37613e-20
1.82175e-19
5.13513e-19
1.43196e-18
3.95653e-18
1.08188e-17
2.91917e-17
7.75799e-17
2.03309e-16
5.27128e-16
1.35568e-15
3.45756e-15
8.72377e-15
2.17365e-14
5.35509e-14
1.30972e-13
3.19218e-13
7.75392e-13
1.86825e-12
4.43146e-12
1.03409e-11
2.32607e-11
5.05205e-11
1.05661e-10
2.11342e-10
4.02277e-10
7.27347e-10
1.24952e-09
2.045e-09
3.20237e-09
4.82466e-09
7.04305e-09
1.0043e-08
1.40963e-08
1.96044e-08
2.71751e-08
3.77708e-08
5.30188e-08
7.59334e-08
1.12676e-07
1.76742e-07
2.98178e-07
5.41646e-07
1.03741e-06
2.02729e-06
3.92263e-06
7.36364e-06
1.32643e-05
2.27225e-05
1.57016e-66
3.16307e-65
3.75577e-64
3.26248e-63
2.25321e-62
1.29728e-61
6.43199e-61
2.81569e-60
1.11122e-59
4.02643e-59
1.36153e-58
4.35806e-58
1.33575e-57
3.95275e-57
1.13463e-56
3.16412e-56
8.56635e-56
2.24759e-55
5.70442e-55
1.39876e-54
3.31301e-54
7.58841e-54
1.68571e-53
3.65114e-53
7.78059e-53
1.65588e-52
3.60364e-52
8.28925e-52
2.0885e-51
5.88824e-51
1.84613e-50
6.26387e-50
2.23127e-49
8.15796e-49
3.01971e-48
1.12316e-47
4.18168e-47
1.55559e-46
5.77649e-46
2.1401e-45
7.90896e-45
2.91567e-44
1.07227e-43
3.9335e-43
1.43932e-42
5.25441e-42
1.9141e-41
6.95756e-41
2.52323e-40
9.13165e-40
3.29904e-39
1.18982e-38
4.28255e-38
1.53829e-37
5.51629e-37
1.97508e-36
7.05695e-36
2.51466e-35
8.93686e-35
3.16854e-34
1.12021e-33
3.94448e-33
1.38235e-32
4.82268e-32
1.67523e-31
5.78808e-31
1.98607e-30
6.76412e-30
2.28795e-29
7.68746e-29
2.56235e-28
8.45675e-28
2.76213e-27
8.93698e-27
2.86666e-26
9.10849e-26
2.86308e-25
8.88755e-25
2.72518e-24
8.26973e-24
2.48472e-23
7.37986e-23
2.163e-22
6.25717e-22
1.79004e-21
5.07329e-21
1.42449e-20
3.95547e-20
1.08429e-19
2.9347e-19
7.85995e-19
2.08839e-18
5.51e-18
1.44227e-17
3.74071e-17
9.61725e-17
2.4572e-16
6.25813e-16
1.58997e-15
4.01661e-15
1.00224e-14
2.45577e-14
5.84167e-14
1.34315e-13
2.96821e-13
6.26513e-13
1.25717e-12
2.39271e-12
4.31879e-12
7.40728e-12
1.21148e-11
1.89895e-11
2.87201e-11
4.22499e-11
6.09347e-11
8.67199e-11
1.22396e-10
1.72029e-10
2.41771e-10
3.41632e-10
4.89808e-10
7.23153e-10
1.1217e-09
1.86521e-09
3.37018e-09
6.66596e-09
1.45526e-08
3.51867e-08
9.22775e-08
2.49257e-07
3.06756e-70
6.29661e-69
7.65309e-68
6.82016e-67
4.84041e-66
2.86964e-65
1.4691e-64
6.66431e-64
2.73723e-63
1.03706e-62
3.68293e-62
1.24213e-61
4.01722e-61
1.25339e-60
3.78279e-60
1.10456e-59
3.11681e-59
8.4861e-59
2.2268e-58
5.62949e-58
1.37199e-57
3.22938e-57
7.36518e-57
1.6359e-56
3.56651e-56
7.72543e-56
1.69412e-55
3.86489e-55
9.48347e-55
2.57437e-54
7.78911e-54
2.5824e-53
9.11648e-53
3.33897e-52
1.24651e-51
4.69412e-51
1.77314e-50
6.69932e-50
2.52806e-49
9.52101e-49
3.57742e-48
1.34098e-47
5.0147e-47
1.87073e-46
6.96172e-46
2.58478e-45
9.57666e-45
3.54072e-44
1.30628e-43
4.80959e-43
1.76781e-42
6.4873e-42
2.3764e-41
8.68917e-41
3.17212e-40
1.15639e-39
4.2082e-39
1.5279e-38
5.53415e-38
2.00009e-37
7.21029e-37
2.59038e-36
9.26701e-36
3.30121e-35
1.17116e-34
4.13496e-34
1.45101e-33
5.05706e-33
1.75087e-32
6.02291e-32
2.05648e-31
6.95821e-31
2.33107e-30
7.73593e-30
2.545e-29
8.29711e-29
2.67738e-28
8.53874e-28
2.69155e-27
8.39671e-27
2.594e-26
7.92812e-26
2.39392e-25
7.14008e-25
2.10637e-24
6.15747e-24
1.78517e-23
5.12919e-23
1.45849e-22
4.10235e-22
1.14279e-21
3.15976e-21
8.6858e-21
2.37442e-20
6.45159e-20
1.74236e-19
4.68336e-19
1.25542e-18
3.35812e-18
8.9404e-18
2.3549e-17
6.09127e-17
1.53325e-16
3.72916e-16
8.70361e-16
1.93698e-15
4.0906e-15
8.1761e-15
1.54613e-14
2.77123e-14
4.72485e-14
7.70208e-14
1.20805e-13
1.83624e-13
2.72447e-13
3.97118e-13
5.71512e-13
8.14978e-13
1.15446e-12
1.62882e-12
2.29981e-12
3.27928e-12
4.79267e-12
7.32617e-12
1.1977e-11
2.13505e-11
4.21049e-11
9.26333e-11
2.26885e-10
6.11801e-10
4.90504e-74
1.0238e-72
1.27171e-71
1.1618e-70
8.47552e-70
5.18036e-69
2.74414e-68
1.29357e-67
5.5466e-67
2.20351e-66
8.23366e-66
2.92693e-65
9.97371e-65
3.27088e-64
1.03369e-63
3.14673e-63
9.21755e-63
2.59578e-62
7.02561e-62
1.82848e-61
4.58273e-61
1.10883e-60
2.59943e-60
5.93402e-60
1.32837e-59
2.94551e-59
6.56651e-59
1.50406e-58
3.64253e-58
9.60856e-58
2.81021e-57
9.07082e-57
3.15922e-56
1.15575e-55
4.34782e-55
1.65892e-54
6.36933e-54
2.45045e-53
9.4262e-53
3.62139e-52
1.38876e-51
5.31505e-51
2.03006e-50
7.73753e-50
2.94295e-49
1.11711e-48
4.23271e-48
1.60091e-47
6.04416e-47
2.27807e-46
8.57367e-46
3.22249e-45
1.20949e-44
4.53274e-44
1.69646e-43
6.3418e-43
2.36739e-42
8.82101e-42
3.27993e-41
1.21713e-40
4.50641e-40
1.66346e-39
6.11709e-39
2.24041e-38
8.17273e-38
2.96786e-37
1.07175e-36
3.84561e-36
1.37098e-35
4.85621e-35
1.7077e-34
5.95302e-34
2.05511e-33
7.02687e-33
2.38113e-32
7.99596e-32
2.6583e-31
8.73855e-31
2.83986e-30
9.13189e-30
2.9074e-29
9.16077e-29
2.85364e-28
8.78516e-28
2.67537e-27
8.07354e-27
2.41774e-26
7.18557e-26
2.1171e-25
6.1776e-25
1.78577e-24
5.12256e-24
1.46108e-23
4.14864e-23
1.17288e-22
3.30135e-22
9.25694e-22
2.58855e-21
7.22112e-21
2.00546e-20
5.51642e-20
1.49196e-19
3.93448e-19
1.00378e-18
2.45947e-18
5.75029e-18
1.27648e-17
2.68241e-17
5.33214e-17
1.00409e-16
1.79729e-16
3.07346e-16
5.05264e-16
8.04115e-16
1.24739e-15
1.89718e-15
2.8414e-15
4.20419e-15
6.17177e-15
9.08175e-15
1.37395e-14
2.24556e-14
4.21611e-14
9.29915e-14
2.29996e-13
5.93535e-13
1.51673e-12
3.73633e-12
8.77731e-12
1.95985e-11
1.51542e-77
2.92349e-76
3.56969e-75
3.27344e-74
2.42455e-73
1.51701e-72
8.28389e-72
4.05107e-71
1.81207e-70
7.54211e-70
2.95966e-69
1.1051e-68
3.94761e-68
1.35242e-67
4.44597e-67
1.40199e-66
4.23874e-66
1.2286e-65
3.41612e-65
9.1244e-65
2.34635e-64
5.8267e-64
1.40287e-63
3.29109e-63
7.57108e-63
1.72244e-62
3.92142e-62
9.0875e-62
2.1945e-61
5.6774e-61
1.61054e-60
5.04365e-60
1.72075e-59
6.24185e-59
2.35166e-58
9.04687e-58
3.5163e-57
1.37264e-56
5.36442e-56
2.09536e-55
8.17348e-55
3.1828e-54
1.23713e-53
4.79952e-53
1.85841e-52
7.18255e-52
2.77122e-51
1.06746e-50
4.10509e-50
1.57622e-49
6.04384e-49
2.31463e-48
8.85328e-48
3.3818e-47
1.29019e-46
4.9168e-46
1.87141e-45
7.1113e-45
2.69717e-44
1.021e-43
3.85664e-43
1.45271e-42
5.45274e-42
2.03873e-41
7.59238e-41
2.81515e-40
1.03838e-39
3.8072e-39
1.38716e-38
5.02175e-38
1.80492e-37
6.43227e-37
2.27046e-36
7.93712e-36
2.74927e-35
9.43678e-35
3.20753e-34
1.07844e-33
3.58541e-33
1.1793e-32
3.83974e-32
1.2374e-31
3.94393e-31
1.24271e-30
3.87332e-30
1.19607e-29
3.66553e-29
1.11553e-28
3.36807e-28
1.00738e-27
2.98336e-27
8.75872e-27
2.55476e-26
7.41756e-26
2.1456e-25
6.18413e-25
1.77638e-24
5.08816e-24
1.45359e-23
4.13555e-23
1.16701e-22
3.24583e-22
8.83137e-22
2.3329e-21
5.94069e-21
1.44917e-20
3.36969e-20
7.44542e-20
1.56163e-19
3.11301e-19
5.91733e-19
1.078e-18
1.89412e-18
3.23276e-18
5.40439e-18
8.98393e-18
1.54677e-17
3.05251e-17
7.91524e-17
2.69872e-16
1.0411e-15
4.01885e-15
1.4731e-14
5.04237e-14
1.60557e-13
4.7571e-13
1.31362e-12
3.38739e-12
8.17321e-12
1.84491e-11
)
;

boundaryField
{
    nozzle
    {
        type            fixedValue;
        value           uniform 0.0357;
    }
    coflow
    {
        type            fixedValue;
        value           uniform 0;
    }
    walls
    {
        type            fixedValue;
        value           uniform 0;
    }
    back
    {
        type            wedge;
    }
    front
    {
        type            wedge;
    }
    outlet
    {
        type            zeroGradient;
    }
    defaultFaces
    {
        type            empty;
    }
}


// ************************************************************************* //
