/*--------------------------------*- C++ -*----------------------------------*\
| =========                 |                                                 |
| \\      /  F ield         | OpenFOAM: The Open Source CFD Toolbox           |
|  \\    /   O peration     | Version:  1.7.0                                 |
|   \\  /    A nd           | Web:      www.OpenFOAM.com                      |
|    \\/     M anipulation  |                                                 |
\*---------------------------------------------------------------------------*/
FoamFile
{
    version     2.0;
    format      ascii;
    class       volScalarField;
    location    "0.33";
    object      alphat;
}
// * * * * * * * * * * * * * * * * * * * * * * * * * * * * * * * * * * * * * //

dimensions      [1 -1 -1 0 0 0 0];

internalField   nonuniform List<scalar> 
5460
(
0.00104247
0.00104232
0.0010423
0.00104228
0.00104231
0.00104237
0.00104251
0.00104272
0.001043
0.00104342
0.00104399
0.00104454
0.00104524
0.00104611
0.00104705
0.00104815
0.00104941
0.0010509
0.00105267
0.00105475
0.00105717
0.0010601
0.00106318
0.00106713
0.00107227
0.00107889
0.00108738
0.00109815
0.00111167
0.00112889
0.00115071
0.00117869
0.00121442
0.00125902
0.00131537
0.00138561
0.00147149
0.0015742
0.00169413
0.00183029
0.00198081
0.0021429
0.00231328
0.00248868
0.00266565
0.00284018
0.00300962
0.00317428
0.00333268
0.0034816
0.00362292
0.00375674
0.00388347
0.00400183
0.00411127
0.00421488
0.00430937
0.00439834
0.00448036
0.00455811
0.00462923
0.00469126
0.00474608
0.00479785
0.00484536
0.00488922
0.00493128
0.00496926
0.00500192
0.00502948
0.00505677
0.00508028
0.0050985
0.00511485
0.00512932
0.00514292
0.0051532
0.00516128
0.00516876
0.00517442
0.00517693
0.00517985
0.00517762
0.00517728
0.00517196
0.00517006
0.00516318
0.00515646
0.00514897
0.00513863
0.00513146
0.00512136
0.00510769
0.00509865
0.00508507
0.00507162
0.00505693
0.00504128
0.00502687
0.0050099
0.00499272
0.00497545
0.00495852
0.00494126
0.00492403
0.00490419
0.00488193
0.00486179
0.00483949
0.00481695
0.00479255
0.00476682
0.00473992
0.00470958
0.00467874
0.00464337
0.0046055
0.004564
0.00452362
0.00447969
0.00443538
0.00439047
0.00434556
0.00430279
0.00426218
0.00422624
0.0041937
0.00416682
0.00414824
0.00414025
0.00102796
0.00102804
0.00102821
0.00102839
0.00102862
0.00102896
0.0010293
0.00102972
0.0010302
0.00103078
0.00103148
0.00103213
0.00103294
0.00103385
0.0010349
0.00103611
0.00103751
0.00103907
0.00104096
0.00104326
0.0010459
0.00104867
0.00105225
0.00105663
0.00106225
0.00106936
0.00107851
0.00109011
0.00110482
0.00112361
0.0011477
0.00117851
0.00121781
0.00126738
0.00132929
0.00140542
0.00149711
0.00160487
0.00172849
0.00186651
0.00201727
0.00217826
0.00234642
0.00251891
0.00269278
0.00286395
0.00303113
0.00319312
0.00334838
0.003496
0.0036359
0.00376839
0.00389347
0.00401005
0.00411898
0.00422107
0.00431537
0.00440331
0.0044845
0.00455994
0.00462939
0.00469173
0.00474755
0.00479908
0.00484681
0.0048905
0.00493132
0.0049684
0.00500017
0.00502838
0.00505453
0.00507724
0.005096
0.00511272
0.0051271
0.00514029
0.00515017
0.00515821
0.00516515
0.00517007
0.00517321
0.00517494
0.00517396
0.0051725
0.00516859
0.00516547
0.00515927
0.00515228
0.00514475
0.00513494
0.00512661
0.00511615
0.00510375
0.00509327
0.00508028
0.00506723
0.00505243
0.00503688
0.00502229
0.00500544
0.00498863
0.00497143
0.0049543
0.00493672
0.00491906
0.00489953
0.00487821
0.00485768
0.0048356
0.00481341
0.00478875
0.00476313
0.00473589
0.00470595
0.0046745
0.00463951
0.00460197
0.00456128
0.00452035
0.00447657
0.00443238
0.00438747
0.00434296
0.00430007
0.00425968
0.00422354
0.00419107
0.00416458
0.00414596
0.00413821
0.0010024
0.00100262
0.00100291
0.0010033
0.00100375
0.00100424
0.00100477
0.00100539
0.00100606
0.00100679
0.00100759
0.00100846
0.00100944
0.00101053
0.00101175
0.0010131
0.00101466
0.00101646
0.00101853
0.00102104
0.00102405
0.00102769
0.0010322
0.00103784
0.00104499
0.00105414
0.00106589
0.001081
0.00110055
0.00112574
0.00115802
0.00119882
0.00124987
0.00131246
0.00138778
0.00147658
0.00157911
0.00169465
0.00182268
0.00196174
0.00211014
0.00226625
0.00242783
0.00259266
0.00275826
0.00292204
0.00308233
0.00323794
0.00338766
0.00353062
0.00366653
0.00379542
0.00391722
0.00403079
0.00413737
0.00423695
0.00432971
0.0044158
0.00449566
0.00456914
0.00463681
0.00469835
0.00475389
0.00480487
0.00485188
0.00489506
0.00493495
0.00497088
0.00500231
0.00503038
0.00505573
0.00507783
0.00509653
0.00511306
0.00512724
0.00513981
0.00514934
0.00515735
0.00516382
0.00516848
0.00517164
0.00517266
0.00517209
0.00516996
0.00516663
0.00516277
0.0051568
0.00514967
0.00514192
0.0051325
0.00512372
0.00511308
0.0051011
0.00509005
0.00507719
0.00506398
0.00504936
0.00503404
0.00501912
0.00500242
0.00498581
0.00496862
0.0049513
0.00493369
0.0049156
0.00489627
0.00487551
0.00485469
0.0048329
0.00481074
0.00478601
0.00476045
0.00473308
0.00470327
0.0046715
0.00463671
0.00459932
0.004559
0.00451772
0.00447417
0.00442995
0.00438514
0.00434069
0.00429782
0.00425756
0.00422126
0.00418896
0.0041627
0.00414418
0.00413654
0.000969408
0.000969907
0.000970519
0.000971232
0.000971936
0.000972662
0.000973456
0.0009743
0.000975218
0.000976171
0.000977191
0.000978257
0.000979424
0.000980684
0.000982108
0.00098376
0.000985666
0.000987887
0.000990598
0.000993945
0.000998163
0.00100354
0.00101047
0.0010191
0.00103039
0.00104491
0.00106373
0.00108813
0.00111938
0.00115868
0.00120718
0.0012658
0.00133527
0.00141584
0.00150719
0.00160922
0.0017214
0.00184279
0.00197243
0.00210922
0.00225215
0.00240006
0.00255154
0.00270513
0.00285913
0.00301169
0.00316172
0.00330768
0.00344892
0.00358434
0.00371376
0.00383686
0.00395346
0.00406292
0.00416588
0.00426209
0.00435183
0.00443525
0.00451268
0.0045842
0.0046499
0.00470985
0.00476444
0.00481439
0.00486047
0.00490256
0.0049412
0.00497632
0.0050069
0.00503442
0.00505906
0.00508049
0.00509889
0.00511495
0.00512876
0.00514054
0.00514993
0.00515776
0.00516387
0.00516821
0.0051709
0.00517176
0.00517115
0.00516867
0.00516541
0.00516117
0.00515514
0.00514798
0.00514009
0.00513073
0.00512159
0.00511087
0.00509905
0.00508746
0.00507482
0.0050615
0.00504695
0.00503177
0.00501655
0.00499993
0.00498341
0.00496626
0.00494882
0.00493116
0.00491282
0.00489362
0.00487311
0.00485229
0.00483061
0.00480825
0.00478362
0.00475803
0.00473057
0.00470085
0.00466887
0.00463409
0.00459684
0.00455671
0.00451526
0.0044718
0.00442753
0.0043828
0.00433843
0.00429564
0.00425542
0.00421906
0.00418691
0.0041608
0.00414243
0.00413497
0.000931051
0.000931785
0.000932656
0.000933606
0.000934607
0.000935654
0.000936733
0.000937847
0.000939003
0.000940224
0.000941534
0.000942972
0.000944548
0.000946025
0.00094782
0.00095003
0.000952687
0.000956005
0.000960259
0.000965782
0.000972994
0.000982469
0.000994925
0.0010112
0.0010323
0.00105915
0.00109282
0.00113441
0.0011847
0.00124407
0.0013128
0.00139081
0.0014778
0.00157322
0.00167646
0.00178677
0.00190361
0.00202617
0.00215376
0.00228568
0.00242113
0.00255943
0.00269983
0.0028413
0.00298274
0.00312291
0.00326095
0.00339599
0.00352694
0.00365332
0.00377461
0.00389059
0.00400091
0.00410474
0.00420273
0.0042947
0.00438072
0.00446064
0.00453509
0.00460408
0.00466741
0.00472547
0.00477848
0.00482705
0.00487166
0.00491252
0.00494965
0.00498352
0.00501343
0.00504015
0.0050639
0.0050845
0.00510236
0.00511794
0.00513124
0.00514246
0.00515152
0.00515901
0.00516474
0.00516875
0.00517093
0.00517141
0.0051707
0.00516805
0.00516463
0.00516016
0.00515383
0.00514669
0.00513862
0.0051293
0.00511982
0.005109
0.00509729
0.0050854
0.00507278
0.0050593
0.0050448
0.0050296
0.00501415
0.00499765
0.00498114
0.00496393
0.00494653
0.00492877
0.00491028
0.00489108
0.00487075
0.0048499
0.00482832
0.00480574
0.00478133
0.00475565
0.00472818
0.00469843
0.00466629
0.00463151
0.00459429
0.00455424
0.00451262
0.00446922
0.00442495
0.00438021
0.00433593
0.00429319
0.00425311
0.00421674
0.00418474
0.00415882
0.00414055
0.00413318
0.000885072
0.000886276
0.000887603
0.000888971
0.000890345
0.000891725
0.000893107
0.000894495
0.0008959
0.00089736
0.000898927
0.00090066
0.000902629
0.00090498
0.000907905
0.000911645
0.000916486
0.000922919
0.000931499
0.000942915
0.000957964
0.000977546
0.00100262
0.00103402
0.00107255
0.00111878
0.00117304
0.00123542
0.00130578
0.00138379
0.00146897
0.0015608
0.00165867
0.00176199
0.00187025
0.00198288
0.00209947
0.00221946
0.00234236
0.00246776
0.00259509
0.00272396
0.00285387
0.00298409
0.00311391
0.00324241
0.00336903
0.00349303
0.00361388
0.00373091
0.00384372
0.00395188
0.0040552
0.00415299
0.00424552
0.00433262
0.00441428
0.00449054
0.00456153
0.00462757
0.0046882
0.00474395
0.00479508
0.00484188
0.00488485
0.00492427
0.00495993
0.0049924
0.0050213
0.00504708
0.00506993
0.00508982
0.00510687
0.00512189
0.00513459
0.00514517
0.00515376
0.00516087
0.0051662
0.00516981
0.00517153
0.00517175
0.00517065
0.00516784
0.00516424
0.00515937
0.00515289
0.00514568
0.00513737
0.00512809
0.00511833
0.00510741
0.00509562
0.00508355
0.00507081
0.00505727
0.00504272
0.00502745
0.00501194
0.00499541
0.0049789
0.00496175
0.00494429
0.00492645
0.00490781
0.00488862
0.00486841
0.00484755
0.00482596
0.0048033
0.00477895
0.00475314
0.0047256
0.00469586
0.00466357
0.00462873
0.0045915
0.00455154
0.0045098
0.00446645
0.00442212
0.0043774
0.00433315
0.00429054
0.00425051
0.00421418
0.00418235
0.00415653
0.0041385
0.00413131
0.000829118
0.000830591
0.000832235
0.000833874
0.000835463
0.000837029
0.000838581
0.000840159
0.000841808
0.000843643
0.000845823
0.000848487
0.000851919
0.000856513
0.000862697
0.000871085
0.000882368
0.000897328
0.000916833
0.000941694
0.000972651
0.00101036
0.00105522
0.00110738
0.00116659
0.00123279
0.00130557
0.00138426
0.0014685
0.00155786
0.00165179
0.00174986
0.0018516
0.00195668
0.00206473
0.00217551
0.00228866
0.00240389
0.00252086
0.00263933
0.00275876
0.00287906
0.00299973
0.00312024
0.0032401
0.00335867
0.00347534
0.00358976
0.0037014
0.00380986
0.0039147
0.0040155
0.00411219
0.00420393
0.00429097
0.00437304
0.00445027
0.00452262
0.00459007
0.00465279
0.00471071
0.00476406
0.00481307
0.00485794
0.00489915
0.00493699
0.00497123
0.00500232
0.00503008
0.00505485
0.00507666
0.00509568
0.00511207
0.00512638
0.00513841
0.00514845
0.00515654
0.00516314
0.005168
0.0051711
0.0051725
0.00517229
0.00517085
0.00516787
0.00516394
0.00515874
0.00515214
0.00514478
0.0051363
0.00512689
0.00511688
0.00510587
0.00509404
0.00508178
0.00506895
0.00505522
0.00504063
0.00502531
0.00500972
0.00499318
0.00497657
0.00495946
0.00494192
0.00492403
0.00490534
0.00488609
0.00486596
0.0048451
0.00482343
0.00480073
0.00477639
0.00475052
0.00472287
0.00469309
0.00466071
0.00462577
0.00458846
0.00454854
0.00450675
0.00446332
0.00441902
0.00437424
0.00433009
0.00428755
0.00424764
0.00421128
0.00417968
0.00415405
0.00413611
0.00412917
0.000756036
0.00075812
0.000760305
0.000762105
0.000763772
0.000765438
0.000767205
0.000769221
0.000771722
0.000775048
0.000779627
0.000785994
0.000794798
0.000806783
0.000822751
0.000843499
0.000869734
0.00090205
0.000940823
0.000986223
0.00103819
0.0010965
0.00116078
0.00123057
0.00130534
0.00138468
0.00146812
0.00155518
0.00164551
0.00173891
0.00183512
0.00193388
0.00203487
0.00213797
0.00224302
0.00234981
0.00245813
0.00256785
0.00267878
0.00279059
0.00290305
0.00301588
0.00312878
0.00324133
0.003353
0.00346341
0.00357201
0.00367854
0.00378265
0.00388398
0.00398203
0.00407635
0.00416707
0.00425338
0.00433533
0.00441286
0.004486
0.00455457
0.00461857
0.0046782
0.00473343
0.00478431
0.00483122
0.00487429
0.00491377
0.00494995
0.00498277
0.00501248
0.00503902
0.00506268
0.00508348
0.00510162
0.00511741
0.00513092
0.00514238
0.00515187
0.00515938
0.00516541
0.00516986
0.00517243
0.00517344
0.00517292
0.00517108
0.00516785
0.00516364
0.00515822
0.00515136
0.00514375
0.00513511
0.00512559
0.00511542
0.00510427
0.00509232
0.00507993
0.00506696
0.0050531
0.00503841
0.00502313
0.00500735
0.00499081
0.00497416
0.00495702
0.00493947
0.00492149
0.00490277
0.00488342
0.00486335
0.00484244
0.00482078
0.004798
0.00477365
0.0047477
0.00471998
0.00469006
0.00465754
0.00462256
0.00458518
0.00454524
0.00450335
0.00445988
0.00441556
0.00437082
0.00432669
0.00428416
0.00424437
0.00420819
0.00417669
0.00415128
0.00413359
0.00412681
0.000661573
0.000663359
0.000665102
0.000666768
0.000668617
0.000671004
0.000674359
0.000679246
0.000686347
0.000696408
0.000710244
0.000728642
0.000752295
0.000781733
0.000817268
0.000859021
0.00090683
0.000960419
0.00101937
0.00108322
0.00115147
0.00122364
0.00129941
0.00137837
0.00146023
0.0015447
0.00163152
0.00172055
0.00181162
0.00190461
0.00199942
0.00209594
0.00219402
0.00229361
0.0023946
0.0024969
0.00260028
0.00270478
0.00281017
0.00291623
0.00302273
0.00312948
0.00323611
0.00334228
0.00344757
0.00355165
0.003654
0.00375442
0.00385264
0.00394826
0.00404105
0.00413015
0.00421589
0.00429767
0.0043754
0.00444911
0.00451864
0.004584
0.00464497
0.00470184
0.0047546
0.00480336
0.00484823
0.00488961
0.00492752
0.00496214
0.0049937
0.00502204
0.00504743
0.00507016
0.00509004
0.00510735
0.00512242
0.00513522
0.00514603
0.00515492
0.00516193
0.00516745
0.0051714
0.00517353
0.00517421
0.0051734
0.00517119
0.00516771
0.00516315
0.00515754
0.00515044
0.00514262
0.00513376
0.00512412
0.00511375
0.00510247
0.00509047
0.00507793
0.00506478
0.00505081
0.00503603
0.00502069
0.00500484
0.0049883
0.00497156
0.00495439
0.00493678
0.00491875
0.00489999
0.0048806
0.00486059
0.00483963
0.00481792
0.00479507
0.00477066
0.00474461
0.00471679
0.00468677
0.00465414
0.00461904
0.00458156
0.00454157
0.00449962
0.00445611
0.00441168
0.00436696
0.00432287
0.00428048
0.00424079
0.00420472
0.00417341
0.00414824
0.00413078
0.00412426
0.000532467
0.000534554
0.000537235
0.000541159
0.000547179
0.000556179
0.00056905
0.00058662
0.000609594
0.000638447
0.000673369
0.000714284
0.000760893
0.000812721
0.000869233
0.000929906
0.000994246
0.00106181
0.00113223
0.00120523
0.00128057
0.00135801
0.00143746
0.00151876
0.00160183
0.00168663
0.00177289
0.00186064
0.00194993
0.00204063
0.00213272
0.00222618
0.00232083
0.00241671
0.00251385
0.00261203
0.00271116
0.00281123
0.00291207
0.00301346
0.00311524
0.0032172
0.00331902
0.00342045
0.00352102
0.00362032
0.00371805
0.00381407
0.00390796
0.00399938
0.00408811
0.0041735
0.00425549
0.00433386
0.00440834
0.00447902
0.00454577
0.00460858
0.00466716
0.00472185
0.00477255
0.0048195
0.00486271
0.00490262
0.00493924
0.00497255
0.00500286
0.00503012
0.00505467
0.00507641
0.00509546
0.0051121
0.00512652
0.00513876
0.00514895
0.00515731
0.00516385
0.00516896
0.00517236
0.00517414
0.00517445
0.00517335
0.00517088
0.00516708
0.00516229
0.00515638
0.00514916
0.00514116
0.00513213
0.00512236
0.00511178
0.00510042
0.00508832
0.00507566
0.00506239
0.00504824
0.00503344
0.00501809
0.00500207
0.00498553
0.00496871
0.00495149
0.00493384
0.00491576
0.00489695
0.00487753
0.00485755
0.00483655
0.00481479
0.00479181
0.00476741
0.00474126
0.00471329
0.00468321
0.00465041
0.00461523
0.00457759
0.00453755
0.00449547
0.00445198
0.00440745
0.00436275
0.00431872
0.00427643
0.00423677
0.00420089
0.00416984
0.00414485
0.00412772
0.00412148
0.000366758
0.000374403
0.000386831
0.000404738
0.000428762
0.000459259
0.000496216
0.000539281
0.000587822
0.000641045
0.000698138
0.0007584
0.000821305
0.000886367
0.000953413
0.00102228
0.00109287
0.00116517
0.00123886
0.00131401
0.00139058
0.00146848
0.00154769
0.0016283
0.0017102
0.00179344
0.00187799
0.00196381
0.00205092
0.00213927
0.00222871
0.00231938
0.0024112
0.00250413
0.00259821
0.00269321
0.00278912
0.00288587
0.00298333
0.00308137
0.00317964
0.00327812
0.00337653
0.00347458
0.00357186
0.00366787
0.0037625
0.00385548
0.00394653
0.00403509
0.00412108
0.00420403
0.00428356
0.0043596
0.00443194
0.00450064
0.00456545
0.00462644
0.00468335
0.00473645
0.00478573
0.00483134
0.0048734
0.00491223
0.00494775
0.00498009
0.00500948
0.00503601
0.00505975
0.00508083
0.00509931
0.00511536
0.00512924
0.00514097
0.00515074
0.00515864
0.00516481
0.00516956
0.00517255
0.005174
0.00517398
0.00517268
0.00516998
0.00516592
0.00516091
0.00515475
0.00514738
0.00513921
0.00513008
0.00512016
0.00510949
0.00509798
0.0050858
0.00507298
0.00505962
0.00504537
0.0050305
0.00501509
0.00499903
0.00498244
0.0049656
0.00494832
0.00493063
0.00491247
0.00489368
0.00487424
0.00485418
0.00483313
0.00481133
0.00478835
0.00476386
0.0047376
0.00470953
0.00467925
0.00464637
0.00461101
0.0045733
0.00453312
0.004491
0.00444739
0.00440285
0.00435812
0.00431414
0.00427196
0.00423241
0.00419671
0.00416593
0.00414113
0.0041243
0.00411839
0.000164431
0.000203126
0.000247386
0.000297833
0.000354349
0.000415636
0.000479941
0.000545808
0.000612304
0.000679023
0.000745914
0.000813123
0.000880857
0.000949384
0.00101885
0.00108934
0.00116093
0.0012337
0.0013077
0.00138266
0.00145874
0.00153595
0.00161433
0.00169395
0.00177482
0.0018569
0.00194016
0.00202465
0.0021103
0.00219703
0.00228488
0.00237384
0.00246386
0.00255495
0.0026471
0.00274019
0.00283403
0.00292863
0.00302395
0.00311984
0.00321597
0.00331224
0.00340852
0.00350447
0.00359967
0.00369375
0.00378652
0.0038778
0.00396719
0.00405417
0.0041386
0.00422013
0.00429838
0.00437331
0.00444455
0.00451214
0.00457599
0.004636
0.00469209
0.00474426
0.00479276
0.00483762
0.00487907
0.0049172
0.00495219
0.00498394
0.00501272
0.00503875
0.00506203
0.0050827
0.0051008
0.00511655
0.00513007
0.00514149
0.0051509
0.00515848
0.0051644
0.00516886
0.00517161
0.00517281
0.00517258
0.00517102
0.00516815
0.00516393
0.00515874
0.0051524
0.00514493
0.0051367
0.00512744
0.0051174
0.00510663
0.00509504
0.00508276
0.00506989
0.00505638
0.00504205
0.00502716
0.00501169
0.00499559
0.00497899
0.00496206
0.00494474
0.00492706
0.00490885
0.00489003
0.00487061
0.00485049
0.00482951
0.00480758
0.0047845
0.00475997
0.0047336
0.00470546
0.00467503
0.00464197
0.00460648
0.00456858
0.00452835
0.00448611
0.00444241
0.00439781
0.00435313
0.00430914
0.00426706
0.00422774
0.00419219
0.00416159
0.00413719
0.00412066
0.00411504
7.26255e-05
0.000144545
0.000223252
0.000299643
0.000371059
0.000437801
0.000501669
0.000564191
0.000626316
0.000689537
0.000754412
0.000820921
0.000888957
0.000958328
0.00102898
0.00110069
0.00117347
0.00124728
0.00132208
0.00139783
0.00147459
0.00155234
0.0016312
0.00171121
0.00179236
0.00187463
0.00195797
0.00204245
0.00212801
0.00221449
0.00230193
0.00239045
0.00248
0.0025705
0.00266195
0.00275423
0.00284733
0.00294097
0.0030353
0.00313018
0.00322535
0.00332059
0.00341579
0.00351069
0.003605
0.00369819
0.00379027
0.00388088
0.00396968
0.00405609
0.00414008
0.00422132
0.00429932
0.00437395
0.00444509
0.00451257
0.00457625
0.00463614
0.00469204
0.00474411
0.00479252
0.0048373
0.00487859
0.00491668
0.00495145
0.00498304
0.00501175
0.00503761
0.00506075
0.00508128
0.00509934
0.00511492
0.00512829
0.00513959
0.00514894
0.00515637
0.00516209
0.00516641
0.00516904
0.00517012
0.00516977
0.00516806
0.00516507
0.0051608
0.00515549
0.00514902
0.00514151
0.00513321
0.00512392
0.00511379
0.00510293
0.00509129
0.00507895
0.005066
0.00505244
0.00503808
0.00502315
0.00500763
0.00499154
0.00497491
0.00495794
0.00494058
0.00492288
0.00490466
0.00488587
0.00486644
0.00484628
0.00482521
0.00480327
0.00478017
0.0047555
0.00472912
0.00470077
0.00467017
0.00463697
0.00460128
0.00456327
0.00452288
0.00448056
0.00443674
0.00439211
0.00434742
0.00430355
0.00426156
0.00422238
0.0041871
0.0041568
0.00413265
0.00411647
0.00411124
3.47563e-06
1.52036e-05
4.20666e-05
8.66247e-05
0.000148158
0.000222999
0.000305691
0.000391147
0.000475811
0.000557891
0.00063772
0.000716114
0.000793814
0.000871339
0.000949006
0.00102675
0.00110465
0.00118301
0.001262
0.0013418
0.00142235
0.0015035
0.00158555
0.00166844
0.00175213
0.00183673
0.00192219
0.0020086
0.00209589
0.00218394
0.00227284
0.0023626
0.00245328
0.00254474
0.00263693
0.0027299
0.00282348
0.00291772
0.00301239
0.00310753
0.00320294
0.00329835
0.0033938
0.00348886
0.00358335
0.00367692
0.00376936
0.00386038
0.00394967
0.00403677
0.0041214
0.00420336
0.00428221
0.00435775
0.00442976
0.0044981
0.00456265
0.00462339
0.00468011
0.00473294
0.00478206
0.00482753
0.00486944
0.00490804
0.00494339
0.00497541
0.00500452
0.00503073
0.00505424
0.00507502
0.00509335
0.00510914
0.00512269
0.00513411
0.00514359
0.00515114
0.00515697
0.00516129
0.00516393
0.00516505
0.00516473
0.00516303
0.00516004
0.0051558
0.00515047
0.00514403
0.00513648
0.00512821
0.00511893
0.00510878
0.00509787
0.00508626
0.0050739
0.00506095
0.00504731
0.00503296
0.00501806
0.00500252
0.00498644
0.00496981
0.00495285
0.00493547
0.00491775
0.00489955
0.00488075
0.00486131
0.00484116
0.0048201
0.0047981
0.00477487
0.00475016
0.00472367
0.00469511
0.00466433
0.004631
0.00459512
0.00455696
0.00451641
0.0044739
0.00443005
0.00438537
0.00434065
0.00429684
0.00425503
0.0042161
0.00418101
0.00415105
0.00412728
0.00411157
0.00410672
2.12555e-07
4.57405e-07
1.80483e-06
6.33019e-06
1.7797e-05
4.09774e-05
7.9736e-05
0.000135299
0.000206063
0.00028815
0.000377069
0.000469101
0.000561911
0.000654383
0.000746131
0.000837228
0.000927495
0.00101693
0.00110589
0.00119465
0.00128339
0.00137225
0.00146124
0.0015503
0.00163965
0.00172945
0.00181979
0.00191073
0.00200225
0.00209427
0.00218678
0.00227992
0.00237366
0.00246797
0.00256289
0.00265824
0.00275413
0.00285047
0.00294714
0.0030441
0.00314119
0.00323835
0.00333528
0.00343191
0.00352798
0.00362317
0.0037173
0.00380999
0.00390114
0.00399008
0.00407666
0.00416062
0.00424158
0.00431919
0.00439332
0.00446369
0.00453033
0.004593
0.00465168
0.0047064
0.00475726
0.00480437
0.00484789
0.00488797
0.00492464
0.00495793
0.00498816
0.00501534
0.00503975
0.00506146
0.00508049
0.00509705
0.00511119
0.0051232
0.00513322
0.0051412
0.00514745
0.00515209
0.00515502
0.00515644
0.00515628
0.00515481
0.00515203
0.00514799
0.00514282
0.00513653
0.00512916
0.00512094
0.00511179
0.00510176
0.00509091
0.00507938
0.00506708
0.00505411
0.00504058
0.00502627
0.0050114
0.00499595
0.00497991
0.00496336
0.00494638
0.00492906
0.00491134
0.00489315
0.00487437
0.00485497
0.00483481
0.00481373
0.00479171
0.00476843
0.00474362
0.00471695
0.00468827
0.00465727
0.00462373
0.00458765
0.00454927
0.00450854
0.00446591
0.00442195
0.00437721
0.00433261
0.00428891
0.00424722
0.00420848
0.00417377
0.00414417
0.00412088
0.00410562
0.00410133
3.27258e-07
2.97675e-07
2.48825e-07
2.74853e-07
5.78691e-07
1.73329e-06
5.26307e-06
1.41102e-05
3.2444e-05
6.44616e-05
0.000112727
0.000177226
0.000255619
0.000344286
0.00043941
0.000538139
0.000638618
0.000739706
0.000840797
0.000941602
0.00104201
0.00114203
0.00124176
0.0013412
0.00144019
0.0015389
0.00163756
0.00173618
0.00183488
0.00193356
0.00203226
0.00213118
0.00223035
0.00232983
0.00242958
0.00252952
0.00262971
0.00273006
0.00283052
0.0029311
0.00303165
0.00313215
0.00323233
0.00333216
0.00343127
0.00352955
0.0036268
0.00372267
0.00381696
0.00390922
0.00399911
0.00408649
0.00417085
0.00425192
0.00432949
0.00440341
0.00447343
0.00453941
0.00460131
0.00465925
0.00471308
0.00476309
0.00480936
0.00485198
0.00489102
0.00492659
0.00495878
0.00498792
0.00501408
0.0050374
0.00505793
0.00507584
0.00509134
0.0051044
0.00511549
0.00512445
0.00513155
0.00513695
0.00514057
0.00514266
0.00514308
0.00514209
0.00513976
0.00513613
0.0051314
0.00512544
0.00511843
0.0051105
0.00510165
0.00509187
0.00508119
0.00506984
0.00505775
0.00504493
0.00503153
0.00501736
0.00500265
0.00498728
0.00497141
0.00495496
0.0049381
0.00492089
0.00490324
0.0048851
0.00486639
0.00484708
0.00482687
0.00480587
0.00478381
0.00476043
0.00473552
0.00470875
0.00467987
0.00464863
0.00461488
0.00457861
0.00454
0.00449909
0.0044563
0.00441221
0.00436744
0.00432284
0.00427931
0.00423783
0.00419941
0.00416511
0.00413598
0.00411318
0.00409861
0.00409494
3.31442e-07
3.2344e-07
3.15e-07
3.04088e-07
2.85426e-07
2.57597e-07
2.68791e-07
4.54089e-07
1.1641e-06
3.36964e-06
9.17457e-06
2.20196e-05
4.61157e-05
8.51297e-05
0.00014076
0.000212335
0.000297366
0.000392431
0.00049412
0.00059977
0.000707633
0.000816649
0.000926203
0.00103597
0.0011456
0.00125493
0.00136394
0.00147258
0.00158095
0.00168911
0.001797
0.00190459
0.00201196
0.00211916
0.0022263
0.00233312
0.00243979
0.00254634
0.00265277
0.00275907
0.00286511
0.00297078
0.00307606
0.00318073
0.00328471
0.00338783
0.00348983
0.00359045
0.00368945
0.00378649
0.00388132
0.00397354
0.00406286
0.00414893
0.00423154
0.00431028
0.00438522
0.00445604
0.00452266
0.00458516
0.00464354
0.00469783
0.00474815
0.00479467
0.00483736
0.00487638
0.00491192
0.00494402
0.00497297
0.0049989
0.00502192
0.00504204
0.00505954
0.00507463
0.00508746
0.00509804
0.00510666
0.0051134
0.00511825
0.00512144
0.0051229
0.00512289
0.00512138
0.00511857
0.00511456
0.00510927
0.00510289
0.00509554
0.00508719
0.00507786
0.00506762
0.00505665
0.00504488
0.00503243
0.00501928
0.00500544
0.00499096
0.0049759
0.00496026
0.00494398
0.00492734
0.00491027
0.00489279
0.00487485
0.00485626
0.00483703
0.00481696
0.00479595
0.00477386
0.00475049
0.0047255
0.00469858
0.00466947
0.00463799
0.00460405
0.00456751
0.00452866
0.00448753
0.00444457
0.0044004
0.00435565
0.00431109
0.00426776
0.00422654
0.00418846
0.00415463
0.00412604
0.00410394
0.00409013
0.00408714
3.30458e-07
3.22187e-07
3.14864e-07
3.0837e-07
3.02505e-07
2.96853e-07
2.90373e-07
2.80434e-07
2.63174e-07
2.53204e-07
3.26048e-07
6.68673e-07
1.80218e-06
5.02742e-06
1.28631e-05
2.90576e-05
5.78423e-05
0.000102569
0.000164471
0.000242436
0.000333681
0.00043478
0.000542512
0.000654529
0.000769233
0.000885563
0.00100281
0.0011205
0.00123829
0.00135613
0.00147384
0.00159129
0.00170839
0.00182511
0.00194151
0.00205768
0.00217335
0.00228854
0.00240322
0.00251749
0.00263116
0.00274411
0.00285639
0.00296805
0.00307887
0.00318868
0.00329722
0.00340435
0.00350988
0.00361349
0.00371487
0.00381368
0.00390955
0.00400219
0.00409137
0.00417677
0.00425822
0.00433547
0.00440851
0.00447721
0.00454166
0.0046019
0.00465794
0.00470982
0.00475771
0.00480156
0.00484173
0.00487822
0.00491129
0.00494096
0.00496761
0.00499108
0.00501173
0.00502978
0.00504531
0.00505839
0.00506931
0.00507815
0.00508499
0.00508993
0.00509311
0.00509457
0.00509451
0.005093
0.00509014
0.00508597
0.00508063
0.0050742
0.00506672
0.00505821
0.00504868
0.00503837
0.00502721
0.00501529
0.00500267
0.00498936
0.00497529
0.00496067
0.00494543
0.00492954
0.00491321
0.00489646
0.00487923
0.00486151
0.0048432
0.00482414
0.00480426
0.00478336
0.00476133
0.00473793
0.00471285
0.00468579
0.00465648
0.0046248
0.00459062
0.00455386
0.0045147
0.00447337
0.00443028
0.00438602
0.00434128
0.00429686
0.0042537
0.00421288
0.00417527
0.00414198
0.00411416
0.00409282
0.00407986
0.00407775
3.3014e-07
3.21853e-07
3.1459e-07
3.08172e-07
3.02461e-07
2.97359e-07
2.92766e-07
2.88578e-07
2.84624e-07
2.80485e-07
2.75066e-07
2.65836e-07
2.52373e-07
2.62211e-07
3.89887e-07
8.78204e-07
2.39678e-06
6.49923e-06
1.59978e-05
3.48356e-05
6.72099e-05
0.000116205
0.000182729
0.000265487
0.000361704
0.000468064
0.000581497
0.000699611
0.0008208
0.000944075
0.00106872
0.00119416
0.00131997
0.00144585
0.00157163
0.00169728
0.00182261
0.00194747
0.00207179
0.00219555
0.00231877
0.00244131
0.00256294
0.00268373
0.00280353
0.002922
0.00303902
0.00315465
0.00326867
0.00338068
0.00349043
0.00359756
0.00370184
0.00380287
0.00390037
0.00399413
0.0040839
0.00416943
0.00425061
0.00432738
0.00439969
0.00446754
0.00453099
0.00458997
0.00464466
0.00469519
0.00474166
0.00478407
0.0048227
0.00485775
0.0048893
0.00491752
0.0049426
0.00496477
0.00498419
0.00500086
0.00501512
0.00502709
0.00503679
0.00504441
0.00505004
0.00505385
0.00505593
0.00505642
0.00505538
0.00505287
0.00504908
0.00504411
0.00503795
0.00503066
0.00502236
0.00501306
0.0050029
0.00499182
0.00498003
0.00496752
0.00495419
0.0049402
0.0049256
0.0049103
0.00489454
0.00487829
0.00486153
0.00484416
0.00482625
0.00480745
0.00478784
0.0047672
0.00474529
0.0047219
0.00469682
0.00466969
0.00464019
0.00460829
0.00457382
0.00453687
0.00449747
0.00445595
0.00441271
0.00436836
0.00432373
0.00427943
0.00423669
0.00419622
0.00415926
0.00412668
0.00409966
0.00407923
0.00406736
0.00406634
3.29988e-07
3.21655e-07
3.14378e-07
3.07954e-07
3.02248e-07
2.97145e-07
2.92558e-07
2.88414e-07
2.84647e-07
2.81207e-07
2.78042e-07
2.75083e-07
2.72183e-07
2.68963e-07
2.64426e-07
2.56605e-07
2.48128e-07
2.73485e-07
4.39204e-07
1.02709e-06
2.79234e-06
7.40884e-06
1.77977e-05
3.79666e-05
7.21449e-05
0.000123473
0.000192938
0.00027927
0.000379649
0.000490772
0.000609571
0.000733635
0.000861277
0.000991366
0.00112306
0.0012558
0.00138915
0.00152272
0.00165623
0.00178951
0.00192244
0.00205492
0.0021867
0.00231765
0.0024477
0.00257677
0.00270454
0.00283078
0.00295528
0.00307775
0.00319772
0.00331514
0.00342971
0.00354103
0.00364878
0.00375278
0.00385278
0.00394846
0.00403974
0.00412646
0.0042085
0.00428589
0.00435863
0.00442675
0.00449019
0.00454912
0.00460359
0.00465375
0.00469976
0.00474182
0.00478005
0.0048146
0.00484567
0.00487343
0.00489809
0.0049198
0.00493867
0.00495493
0.00496869
0.0049801
0.00498927
0.00499634
0.00500151
0.00500487
0.00500645
0.00500643
0.00500495
0.00500208
0.0049979
0.00499248
0.00498581
0.00497814
0.00496939
0.0049597
0.00494919
0.00493784
0.00492562
0.00491267
0.004899
0.00488463
0.00486968
0.00485419
0.00483814
0.00482143
0.00480403
0.00478579
0.00476659
0.00474629
0.00472459
0.0047014
0.00467636
0.00464915
0.00461955
0.00458747
0.00455286
0.00451563
0.00447599
0.00443429
0.00439096
0.00434665
0.00430209
0.00425813
0.00421581
0.00417593
0.00413969
0.00410803
0.00408205
0.00406274
0.00405217
0.0040524
3.29914e-07
3.21562e-07
3.14294e-07
3.07894e-07
3.02202e-07
2.97107e-07
2.92517e-07
2.88358e-07
2.84571e-07
2.81106e-07
2.77923e-07
2.74988e-07
2.72272e-07
2.69747e-07
2.67385e-07
2.65138e-07
2.6289e-07
2.60322e-07
2.56608e-07
2.50295e-07
2.45179e-07
2.76523e-07
4.51872e-07
1.058e-06
2.85448e-06
7.51093e-06
1.79441e-05
3.81878e-05
7.25734e-05
0.00012446
0.000195129
0.000283549
0.000387023
0.00050219
0.00062582
0.000755378
0.000889041
0.00102559
0.00116413
0.00130395
0.00144452
0.00158548
0.00172647
0.0018672
0.00200744
0.00214699
0.00228562
0.00242304
0.00255901
0.00269332
0.00282565
0.00295544
0.00308241
0.00320605
0.00332601
0.00344218
0.00355444
0.00366241
0.00376568
0.00386434
0.00395827
0.0040473
0.00413141
0.00421056
0.00428483
0.00435416
0.00441874
0.00447863
0.004534
0.00458498
0.00463174
0.00467444
0.00471322
0.00474837
0.00477996
0.00480818
0.00483329
0.00485536
0.00487458
0.00489115
0.00490513
0.00491672
0.00492617
0.00493346
0.00493873
0.00494218
0.00494391
0.00494406
0.00494268
0.00493987
0.00493567
0.00493023
0.00492362
0.00491593
0.00490722
0.00489758
0.00488701
0.00487554
0.00486326
0.00485023
0.00483652
0.00482218
0.00480717
0.0047914
0.00477483
0.00475737
0.00473878
0.00471901
0.00469772
0.00467483
0.00464996
0.0046228
0.00459326
0.00456106
0.00452624
0.00448883
0.00444911
0.00440733
0.00436395
0.00431977
0.00427548
0.00423192
0.00419018
0.0041511
0.00411576
0.0040852
0.00406045
0.0040426
0.00403353
0.00403524
3.29868e-07
3.21512e-07
3.1425e-07
3.07861e-07
3.02183e-07
2.97096e-07
2.92508e-07
2.88345e-07
2.84547e-07
2.81066e-07
2.77863e-07
2.74902e-07
2.72157e-07
2.69605e-07
2.67223e-07
2.64996e-07
2.62908e-07
2.60943e-07
2.59082e-07
2.57295e-07
2.55492e-07
2.53431e-07
2.5049e-07
2.45611e-07
2.42116e-07
2.70772e-07
4.29807e-07
9.82047e-07
2.62446e-06
6.91022e-06
1.66141e-05
3.56972e-05
6.86245e-05
0.000119143
0.000189076
0.000277854
0.000383021
0.000501218
0.000629069
0.000763745
0.000903172
0.00104596
0.00119116
0.00133794
0.00148561
0.0016337
0.00178179
0.00192946
0.00207634
0.00222211
0.00236642
0.00250875
0.00264871
0.00278601
0.00292029
0.00305089
0.00317758
0.00329977
0.00341723
0.00353001
0.00363793
0.00374079
0.0038384
0.00393083
0.00401808
0.00410007
0.00417694
0.00424873
0.00431556
0.0043776
0.004435
0.0044879
0.00453646
0.00458087
0.00462131
0.00465798
0.00469106
0.00472068
0.00474705
0.00477037
0.00479075
0.00480837
0.00482344
0.00483605
0.00484637
0.00485451
0.00486062
0.0048649
0.00486737
0.00486817
0.00486734
0.00486509
0.00486144
0.00485655
0.00485046
0.00484322
0.00483491
0.00482559
0.00481536
0.00480423
0.00479224
0.00477954
0.00476603
0.0047516
0.00473628
0.00471987
0.00470226
0.00468331
0.00466273
0.00464034
0.00461581
0.00458891
0.00455945
0.00452729
0.0044924
0.00445499
0.00441517
0.00437342
0.00433023
0.00428628
0.00424238
0.00419945
0.00415849
0.00412041
0.00408627
0.00405703
0.00403389
0.00401774
0.00401052
0.00401409
3.29846e-07
3.21479e-07
3.14223e-07
3.07851e-07
3.02185e-07
2.9711e-07
2.92529e-07
2.8837e-07
2.84571e-07
2.81084e-07
2.77865e-07
2.7489e-07
2.72125e-07
2.69549e-07
2.67141e-07
2.64884e-07
2.62765e-07
2.60769e-07
2.58886e-07
2.57108e-07
2.55423e-07
2.53823e-07
2.52297e-07
2.50825e-07
2.49348e-07
2.47699e-07
2.45467e-07
2.41889e-07
2.38955e-07
2.59392e-07
3.83726e-07
8.28804e-07
2.17597e-06
5.76783e-06
1.41116e-05
3.09777e-05
6.09062e-05
0.000108111
0.000175198
0.000262369
0.000367617
0.000487644
0.000618892
0.000758182
0.000903059
0.00105184
0.00120338
0.00135673
0.00151109
0.00166573
0.00182011
0.00197357
0.00212564
0.00227585
0.00242376
0.00256874
0.00271035
0.00284831
0.00298213
0.00311132
0.00323559
0.00335442
0.00346776
0.00357577
0.00367836
0.00377535
0.00386681
0.00395283
0.00403348
0.00410893
0.00417925
0.0042446
0.00430514
0.00436101
0.0044125
0.00445967
0.00450273
0.00454192
0.00457739
0.0046093
0.0046379
0.00466331
0.00468572
0.00470526
0.00472212
0.00473646
0.00474843
0.00475817
0.00476581
0.00477141
0.00477521
0.00477725
0.00477767
0.00477657
0.00477403
0.00477015
0.00476502
0.00475865
0.0047512
0.00474271
0.0047332
0.00472273
0.00471132
0.00469882
0.0046852
0.00467035
0.00465419
0.00463642
0.00461685
0.00459522
0.00457131
0.00454486
0.00451577
0.00448385
0.00444912
0.00441182
0.00437223
0.00433065
0.0042878
0.00424434
0.00420116
0.00415911
0.00411924
0.00408243
0.00404982
0.00402235
0.00400109
0.00398705
0.00398208
0.00398785
3.29832e-07
3.21464e-07
3.1421e-07
3.07844e-07
3.02192e-07
2.97129e-07
2.92559e-07
2.88404e-07
2.84606e-07
2.81118e-07
2.77897e-07
2.74914e-07
2.72136e-07
2.69546e-07
2.6712e-07
2.64844e-07
2.62701e-07
2.60681e-07
2.58771e-07
2.56963e-07
2.55248e-07
2.53619e-07
2.52068e-07
2.50593e-07
2.49185e-07
2.47839e-07
2.46547e-07
2.453e-07
2.44061e-07
2.42734e-07
2.41067e-07
2.38564e-07
2.35929e-07
2.46815e-07
3.29549e-07
6.46457e-07
1.63701e-06
4.36897e-06
1.09683e-05
2.48654e-05
5.05379e-05
9.26211e-05
0.000154626
0.000237837
0.000341049
0.000461246
0.000594667
0.000737745
0.000887473
0.00104172
0.00119897
0.00135808
0.00151806
0.00167799
0.00183711
0.00199468
0.00215
0.0023026
0.00245192
0.00259735
0.00273842
0.00287502
0.00300652
0.00313261
0.00325302
0.00336735
0.00347576
0.00357847
0.00367551
0.00376682
0.00385251
0.00393274
0.0040077
0.0040775
0.00414232
0.00420231
0.00425771
0.00430869
0.00435542
0.0043981
0.00443695
0.00447215
0.00450386
0.00453222
0.00455749
0.0045798
0.00459929
0.00461616
0.00463051
0.0046425
0.00465232
0.00466003
0.00466585
0.00466982
0.00467205
0.00467267
0.00467178
0.00466941
0.00466575
0.00466077
0.00465462
0.00464725
0.00463867
0.00462881
0.00461761
0.00460499
0.00459073
0.00457468
0.00455657
0.0045362
0.00451327
0.00448761
0.00445914
0.00442775
0.00439351
0.00435658
0.00431742
0.0042764
0.00423418
0.0041916
0.00414939
0.00410862
0.00407024
0.00403515
0.00400452
0.00397915
0.00396026
0.00394884
0.00394659
0.00395495
3.29822e-07
3.21456e-07
3.14204e-07
3.07842e-07
3.02201e-07
2.97148e-07
2.92586e-07
2.8844e-07
2.8465e-07
2.81163e-07
2.77942e-07
2.74956e-07
2.72174e-07
2.69574e-07
2.67138e-07
2.6485e-07
2.62692e-07
2.60654e-07
2.58726e-07
2.56897e-07
2.5516e-07
2.53506e-07
2.51931e-07
2.50428e-07
2.4899e-07
2.47617e-07
2.46299e-07
2.45039e-07
2.43827e-07
2.42662e-07
2.41544e-07
2.4046e-07
2.39397e-07
2.38301e-07
2.37042e-07
2.35338e-07
2.33229e-07
2.36962e-07
2.82294e-07
4.79533e-07
1.12894e-06
3.00224e-06
7.76381e-06
1.8342e-05
3.89374e-05
7.4424e-05
0.000129185
0.000205811
0.000304307
0.000422306
0.000556035
0.000701429
0.000854834
0.00101341
0.00117518
0.00133865
0.0015026
0.00166601
0.00182795
0.00198753
0.00214398
0.00229685
0.00244557
0.00258953
0.00272839
0.0028621
0.00299011
0.00311218
0.00322827
0.00333797
0.00344152
0.00353924
0.00363124
0.00371758
0.00379829
0.00387364
0.00394384
0.00400911
0.00406954
0.00412537
0.00417681
0.00422405
0.00426725
0.00430661
0.00434238
0.00437468
0.0044037
0.00442957
0.00445251
0.00447267
0.00449024
0.0045053
0.00451805
0.00452862
0.00453707
0.00454363
0.00454833
0.00455127
0.00455263
0.00455235
0.00455058
0.00454734
0.00454262
0.00453634
0.00452841
0.00451869
0.00450714
0.00449343
0.00447733
0.00445873
0.0044373
0.00441297
0.00438558
0.00435515
0.00432175
0.00428567
0.00424732
0.00420731
0.00416618
0.00412488
0.00408422
0.00404517
0.0040088
0.00397602
0.00394781
0.00392524
0.00390937
0.00390102
0.00390221
0.00391373
3.29814e-07
3.21446e-07
3.14199e-07
3.07844e-07
3.02209e-07
2.97165e-07
2.92612e-07
2.88474e-07
2.84688e-07
2.81208e-07
2.7799e-07
2.75004e-07
2.72222e-07
2.6962e-07
2.67178e-07
2.64882e-07
2.62716e-07
2.60666e-07
2.58726e-07
2.56883e-07
2.55129e-07
2.5346e-07
2.51866e-07
2.50341e-07
2.48884e-07
2.47487e-07
2.46148e-07
2.4486e-07
2.43624e-07
2.42434e-07
2.4129e-07
2.40185e-07
2.39122e-07
2.38093e-07
2.37101e-07
2.3614e-07
2.35205e-07
2.34268e-07
2.33273e-07
2.32089e-07
2.30611e-07
2.3087e-07
2.50135e-07
3.54846e-07
7.31495e-07
1.88109e-06
4.98682e-06
1.23511e-05
2.7644e-05
5.56499e-05
0.000101372
0.000168704
0.000259195
0.000371635
0.000502639
0.000647789
0.000802696
0.000963698
0.00112806
0.00129386
0.00145967
0.00162439
0.001787
0.00194654
0.00210226
0.00225368
0.0024003
0.00254161
0.00267733
0.00280753
0.00293174
0.00304978
0.00316168
0.00326722
0.00336644
0.00345982
0.00354757
0.00362984
0.00370662
0.00377817
0.00384474
0.00390652
0.00396372
0.00401652
0.00406513
0.00410971
0.00415047
0.00418758
0.00422125
0.00425163
0.00427891
0.00430328
0.00432487
0.00434383
0.00436031
0.00437441
0.00438632
0.00439611
0.00440391
0.00440979
0.00441377
0.00441598
0.00441625
0.00441465
0.00441101
0.00440528
0.00439725
0.0043867
0.00437344
0.00435731
0.00433808
0.00431562
0.00428989
0.00426096
0.00422903
0.00419434
0.0041575
0.00411899
0.00407963
0.00404025
0.00400175
0.00396516
0.00393145
0.00390164
0.00387674
0.00385764
0.0038454
0.00384098
0.00384622
0.00386165
3.29812e-07
3.21446e-07
3.14198e-07
3.07847e-07
3.02215e-07
2.97177e-07
2.92633e-07
2.88501e-07
2.84723e-07
2.81247e-07
2.78036e-07
2.75053e-07
2.7227e-07
2.69669e-07
2.67227e-07
2.64926e-07
2.62755e-07
2.60701e-07
2.58753e-07
2.56901e-07
2.55137e-07
2.53455e-07
2.51848e-07
2.50311e-07
2.48839e-07
2.47425e-07
2.46068e-07
2.44762e-07
2.43506e-07
2.42296e-07
2.41129e-07
2.40002e-07
2.38917e-07
2.37866e-07
2.36849e-07
2.35867e-07
2.34915e-07
2.33992e-07
2.331e-07
2.32232e-07
2.31391e-07
2.3056e-07
2.29724e-07
2.28831e-07
2.27832e-07
2.27207e-07
2.33064e-07
2.78302e-07
4.68464e-07
1.09466e-06
2.90589e-06
7.53081e-06
1.78813e-05
3.8236e-05
7.37317e-05
0.000129231
0.000207922
0.000310268
0.000433949
0.000574705
0.000727611
0.000888128
0.00105262
0.00121852
0.00138402
0.00154798
0.00170939
0.00186732
0.00202098
0.00216992
0.00231367
0.00245182
0.00258414
0.00271068
0.00283133
0.00294575
0.00305399
0.0031562
0.00325199
0.00334197
0.00342641
0.00350557
0.00357953
0.0036484
0.0037124
0.00377181
0.00382683
0.00387762
0.00392442
0.00396738
0.0040067
0.00404255
0.00407512
0.00410458
0.00413107
0.00415479
0.0041758
0.00419427
0.00421031
0.00422397
0.00423533
0.00424441
0.00425119
0.00425558
0.00425749
0.00425682
0.00425346
0.00424707
0.00423758
0.00422479
0.00420857
0.00418883
0.00416556
0.00413892
0.00410919
0.00407674
0.00404214
0.00400603
0.00396923
0.00393259
0.00389718
0.00386392
0.00383385
0.00380791
0.00378715
0.00377244
0.00376479
0.00376522
0.00377546
0.00379553
3.29811e-07
3.2144e-07
3.14199e-07
3.07851e-07
3.02221e-07
2.97189e-07
2.92649e-07
2.88525e-07
2.84752e-07
2.81283e-07
2.78075e-07
2.75094e-07
2.72318e-07
2.69717e-07
2.67276e-07
2.64975e-07
2.62802e-07
2.60746e-07
2.58793e-07
2.56936e-07
2.55167e-07
2.53477e-07
2.51863e-07
2.50316e-07
2.48831e-07
2.47409e-07
2.46038e-07
2.44721e-07
2.4345e-07
2.42226e-07
2.41043e-07
2.399e-07
2.38796e-07
2.37728e-07
2.36694e-07
2.35688e-07
2.34717e-07
2.33773e-07
2.3286e-07
2.31969e-07
2.31109e-07
2.30269e-07
2.29454e-07
2.28659e-07
2.27885e-07
2.2713e-07
2.2639e-07
2.25647e-07
2.24901e-07
2.24291e-07
2.25449e-07
2.40416e-07
3.20496e-07
6.1787e-07
1.54594e-06
4.10891e-06
1.03372e-05
2.36131e-05
4.85798e-05
9.04224e-05
0.000153613
0.000240564
0.00035081
0.000481219
0.00062697
0.00078292
0.000944504
0.00110818
0.00127153
0.00143309
0.00159185
0.00174697
0.00189774
0.00204367
0.00218435
0.00231936
0.00244846
0.00257163
0.00268921
0.00280072
0.00290616
0.00300567
0.00309937
0.003187
0.00326917
0.00334618
0.00341824
0.00348553
0.00354811
0.00360624
0.00366007
0.00370993
0.00375595
0.00379831
0.00383718
0.00387271
0.003905
0.00393426
0.00396052
0.00398391
0.00400451
0.00402226
0.00403714
0.00404913
0.00405801
0.00406384
0.00406635
0.00406538
0.00406074
0.0040524
0.00404017
0.00402416
0.00400434
0.00398105
0.00395451
0.0039253
0.00389401
0.00386134
0.00382824
0.00379555
0.0037643
0.00373557
0.00371022
0.00368938
0.00367392
0.00366473
0.0036629
0.00366925
0.00368556
0.00371142
3.2981e-07
3.2144e-07
3.14198e-07
3.07849e-07
3.02227e-07
2.97198e-07
2.92663e-07
2.88543e-07
2.84775e-07
2.8131e-07
2.78109e-07
2.75134e-07
2.72359e-07
2.69761e-07
2.67322e-07
2.65024e-07
2.62851e-07
2.60793e-07
2.5884e-07
2.5698e-07
2.55209e-07
2.53515e-07
2.51895e-07
2.50343e-07
2.48853e-07
2.4742e-07
2.46044e-07
2.44716e-07
2.43436e-07
2.422e-07
2.41008e-07
2.39853e-07
2.38736e-07
2.37653e-07
2.36606e-07
2.35588e-07
2.34599e-07
2.33641e-07
2.32709e-07
2.31803e-07
2.30923e-07
2.30066e-07
2.2923e-07
2.28418e-07
2.27626e-07
2.26853e-07
2.26102e-07
2.25367e-07
2.24651e-07
2.23951e-07
2.23268e-07
2.226e-07
2.21958e-07
2.21424e-07
2.21462e-07
2.25292e-07
2.51446e-07
3.6877e-07
7.73968e-07
1.98564e-06
5.19374e-06
1.26653e-05
2.79765e-05
5.57935e-05
0.000101064
0.000167799
0.000257855
0.000370294
0.000501667
0.00064707
0.000801333
0.000959917
0.00111933
0.00127731
0.00143253
0.00158412
0.00173147
0.0018741
0.00201172
0.00214394
0.0022704
0.002391
0.00250578
0.00261513
0.00271865
0.00281642
0.00290863
0.00299537
0.00307655
0.00315255
0.00322373
0.00329032
0.00335255
0.00341055
0.00346436
0.00351422
0.00356031
0.00360268
0.0036415
0.00367686
0.00370876
0.00373716
0.00376206
0.00378336
0.00380092
0.00381476
0.00382456
0.00383034
0.00383188
0.00382922
0.00382229
0.00381117
0.00379613
0.00377737
0.00375534
0.00373068
0.00370404
0.00367626
0.00364823
0.00362095
0.00359542
0.00357261
0.00355357
0.00353926
0.00353056
0.00352846
0.00353383
0.00354751
0.0035712
0.00360406
3.29807e-07
3.21439e-07
3.14195e-07
3.0785e-07
3.02231e-07
2.97204e-07
2.92673e-07
2.88557e-07
2.84794e-07
2.81334e-07
2.78135e-07
2.75164e-07
2.72394e-07
2.69801e-07
2.67363e-07
2.65067e-07
2.62897e-07
2.6084e-07
2.58887e-07
2.57028e-07
2.55255e-07
2.5356e-07
2.51937e-07
2.50381e-07
2.48887e-07
2.47451e-07
2.46068e-07
2.44736e-07
2.43449e-07
2.42207e-07
2.41006e-07
2.39844e-07
2.38719e-07
2.37624e-07
2.36566e-07
2.35539e-07
2.34542e-07
2.33572e-07
2.32627e-07
2.31708e-07
2.30813e-07
2.29943e-07
2.29097e-07
2.28268e-07
2.27463e-07
2.26675e-07
2.25905e-07
2.25154e-07
2.24421e-07
2.23704e-07
2.23004e-07
2.22318e-07
2.21647e-07
2.20991e-07
2.20349e-07
2.19725e-07
2.19127e-07
2.186e-07
2.18339e-07
2.1919e-07
2.25789e-07
2.60888e-07
4.02752e-07
8.68854e-07
2.2125e-06
5.64903e-06
1.34075e-05
2.8899e-05
5.64777e-05
0.000100701
0.000165258
0.000251904
0.000359854
0.000486009
0.000625771
0.000774138
0.000926577
0.00107951
0.00123059
0.00137842
0.0015222
0.00166146
0.00179591
0.00192546
0.0020498
0.00216858
0.0022818
0.00238938
0.00249175
0.00258876
0.00268045
0.00276692
0.00284842
0.00292503
0.00299662
0.00306352
0.00312603
0.0031842
0.00323821
0.00328802
0.00333358
0.0033749
0.00341183
0.00344436
0.00347234
0.00349576
0.0035145
0.00352847
0.00353767
0.00354212
0.00354184
0.00353714
0.00352824
0.0035156
0.00349972
0.00348126
0.00346099
0.00343982
0.00341875
0.00339876
0.00338082
0.00336591
0.00335506
0.00334912
0.00334915
0.0033558
0.0033701
0.0033929
0.00342565
0.00346696
3.29808e-07
3.21439e-07
3.14195e-07
3.07851e-07
3.02234e-07
2.9721e-07
2.92681e-07
2.88569e-07
2.8481e-07
2.81352e-07
2.78157e-07
2.7519e-07
2.72424e-07
2.69833e-07
2.674e-07
2.65105e-07
2.62937e-07
2.60882e-07
2.58931e-07
2.57072e-07
2.553e-07
2.53604e-07
2.51982e-07
2.50424e-07
2.48928e-07
2.4749e-07
2.46104e-07
2.4477e-07
2.43481e-07
2.42234e-07
2.41027e-07
2.39859e-07
2.38728e-07
2.37631e-07
2.36564e-07
2.35529e-07
2.34523e-07
2.33545e-07
2.32591e-07
2.31667e-07
2.30762e-07
2.29881e-07
2.29023e-07
2.28182e-07
2.27368e-07
2.26569e-07
2.25787e-07
2.25024e-07
2.24278e-07
2.23549e-07
2.22835e-07
2.22137e-07
2.21452e-07
2.20782e-07
2.20126e-07
2.19481e-07
2.1885e-07
2.1823e-07
2.17624e-07
2.1703e-07
2.16456e-07
2.15921e-07
2.15507e-07
2.15505e-07
2.17e-07
2.24899e-07
2.60784e-07
3.96483e-07
8.27328e-07
2.03686e-06
5.06706e-06
1.18132e-05
2.51829e-05
4.89455e-05
8.7185e-05
0.000143443
0.000219817
0.0003163
0.00043077
0.000559454
0.000697783
0.00084127
0.000986128
0.00112962
0.00126998
0.00140624
0.00153792
0.00166486
0.00178708
0.0019045
0.00201692
0.00212421
0.00222631
0.00232329
0.00241541
0.00250255
0.00258463
0.00266171
0.00273377
0.00280077
0.00286266
0.00291915
0.00297021
0.00301586
0.00305614
0.00309088
0.00312015
0.00314392
0.00316221
0.00317527
0.00318326
0.00318648
0.00318545
0.00318066
0.00317278
0.00316253
0.00315077
0.0031385
0.00312665
0.00311625
0.00310834
0.00310382
0.00310353
0.00310845
0.00311939
0.00313714
0.00316258
0.00319652
0.0032403
0.0032919
3.29805e-07
3.21438e-07
3.14195e-07
3.07851e-07
3.02236e-07
2.97214e-07
2.92688e-07
2.88577e-07
2.8482e-07
2.81366e-07
2.78176e-07
2.75213e-07
2.72448e-07
2.6986e-07
2.67429e-07
2.65138e-07
2.62972e-07
2.60919e-07
2.5897e-07
2.57113e-07
2.55341e-07
2.53647e-07
2.52024e-07
2.50469e-07
2.48973e-07
2.47534e-07
2.46147e-07
2.4481e-07
2.43519e-07
2.42269e-07
2.41061e-07
2.39888e-07
2.38756e-07
2.37653e-07
2.36583e-07
2.35544e-07
2.34534e-07
2.33548e-07
2.32591e-07
2.31659e-07
2.30747e-07
2.29859e-07
2.28994e-07
2.28148e-07
2.27325e-07
2.26516e-07
2.25727e-07
2.24956e-07
2.24201e-07
2.23462e-07
2.22739e-07
2.22031e-07
2.21336e-07
2.20656e-07
2.1999e-07
2.19336e-07
2.18694e-07
2.18066e-07
2.17447e-07
2.1684e-07
2.16244e-07
2.15658e-07
2.15083e-07
2.1452e-07
2.13969e-07
2.13439e-07
2.12956e-07
2.12617e-07
2.12728e-07
2.14302e-07
2.21106e-07
2.48158e-07
3.4562e-07
6.49715e-07
1.49351e-06
3.60152e-06
8.32627e-06
1.7825e-05
3.5048e-05
6.34436e-05
0.000106383
0.000166448
0.000244777
0.000340728
0.000451977
0.000574978
0.000705658
0.000840112
0.000975112
0.00110827
0.00123805
0.00136364
0.00148469
0.00160113
0.00171303
0.0018203
0.0019227
0.00201993
0.00211167
0.00219763
0.00227756
0.00235145
0.00241904
0.00248005
0.00253441
0.00258219
0.00262349
0.00265841
0.00268722
0.00271022
0.00272781
0.00274048
0.00274895
0.00275392
0.00275611
0.00275638
0.00275563
0.0027549
0.00275518
0.00275748
0.00276273
0.0027717
0.00278515
0.00280389
0.00282874
0.00286041
0.00289968
0.00294731
0.00300449
0.00306861
3.29805e-07
3.21438e-07
3.14197e-07
3.07854e-07
3.02237e-07
2.97218e-07
2.92693e-07
2.88585e-07
2.84831e-07
2.81378e-07
2.7819e-07
2.75228e-07
2.72467e-07
2.69882e-07
2.67454e-07
2.65167e-07
2.63003e-07
2.60952e-07
2.59005e-07
2.57149e-07
2.5538e-07
2.53687e-07
2.52066e-07
2.5051e-07
2.49015e-07
2.47576e-07
2.46192e-07
2.44854e-07
2.43561e-07
2.42312e-07
2.41102e-07
2.3993e-07
2.38791e-07
2.37689e-07
2.36616e-07
2.35576e-07
2.3456e-07
2.33574e-07
2.32612e-07
2.31676e-07
2.30761e-07
2.29869e-07
2.28996e-07
2.28147e-07
2.27316e-07
2.26503e-07
2.25708e-07
2.24932e-07
2.24171e-07
2.23426e-07
2.22696e-07
2.21982e-07
2.21281e-07
2.20594e-07
2.1992e-07
2.19259e-07
2.18612e-07
2.17976e-07
2.17353e-07
2.16741e-07
2.1614e-07
2.1555e-07
2.14972e-07
2.14403e-07
2.13847e-07
2.13302e-07
2.12767e-07
2.12243e-07
2.11732e-07
2.11237e-07
2.10764e-07
2.10338e-07
2.10035e-07
2.10088e-07
2.11194e-07
2.15492e-07
2.30351e-07
2.80531e-07
4.36201e-07
8.70216e-07
1.96979e-06
4.5008e-06
9.77749e-06
1.976e-05
3.69935e-05
6.43424e-05
0.00010455
0.000159712
0.00023083
0.000317546
0.000418169
0.000529968
0.000649629
0.000773724
0.000899175
0.00102341
0.00114443
0.00126086
0.00137173
0.00147642
0.00157449
0.00166566
0.00174964
0.00182608
0.00189482
0.0019558
0.00200917
0.00205526
0.00209452
0.00212754
0.00215505
0.00217776
0.00219655
0.00221241
0.0022264
0.00223947
0.00225258
0.00226663
0.00228262
0.00230142
0.00232391
0.00235066
0.00238189
0.00241842
0.00246099
0.00251026
0.00256678
0.00263129
0.0027048
0.00278408
3.29806e-07
3.21438e-07
3.14194e-07
3.07852e-07
3.02238e-07
2.9722e-07
2.92696e-07
2.8859e-07
2.84838e-07
2.81388e-07
2.78202e-07
2.75244e-07
2.72483e-07
2.69901e-07
2.67476e-07
2.65189e-07
2.63029e-07
2.60981e-07
2.59036e-07
2.57182e-07
2.55416e-07
2.53724e-07
2.52104e-07
2.50551e-07
2.49057e-07
2.4762e-07
2.46233e-07
2.44897e-07
2.43605e-07
2.42355e-07
2.41146e-07
2.39975e-07
2.38835e-07
2.37731e-07
2.36659e-07
2.35617e-07
2.34599e-07
2.33611e-07
2.32649e-07
2.3171e-07
2.30792e-07
2.29898e-07
2.29023e-07
2.28172e-07
2.27335e-07
2.26522e-07
2.25725e-07
2.24942e-07
2.24178e-07
2.2343e-07
2.22697e-07
2.21979e-07
2.21276e-07
2.20586e-07
2.1991e-07
2.19249e-07
2.18601e-07
2.17966e-07
2.17346e-07
2.16739e-07
2.16145e-07
2.15566e-07
2.15001e-07
2.14451e-07
2.13916e-07
2.13398e-07
2.12897e-07
2.12416e-07
2.11953e-07
2.11513e-07
2.11093e-07
2.10699e-07
2.1033e-07
2.09992e-07
2.09685e-07
2.09421e-07
2.09213e-07
2.09109e-07
2.09238e-07
2.09951e-07
2.12196e-07
2.1863e-07
2.37366e-07
2.92678e-07
4.48238e-07
8.52013e-07
1.81793e-06
3.94212e-06
8.22563e-06
1.61585e-05
2.97163e-05
5.12309e-05
8.31327e-05
0.000127591
0.000186113
0.00025915
0.000345849
0.000444017
0.000550339
0.000660804
0.00077128
0.000878042
0.000978142
0.00106954
0.00115114
0.00122268
0.00128454
0.00133757
0.00138289
0.00142174
0.00145547
0.00148534
0.0015126
0.00153854
0.00156439
0.00159123
0.00162001
0.00165149
0.00168633
0.00172506
0.00176814
0.00181612
0.00186968
0.00192899
0.00199438
0.00206628
0.0021447
0.00223012
0.00232359
0.0024214
3.29806e-07
3.21437e-07
3.14198e-07
3.07853e-07
3.0224e-07
2.97222e-07
2.927e-07
2.88595e-07
2.84843e-07
2.81396e-07
2.7821e-07
2.75253e-07
2.72497e-07
2.69917e-07
2.67493e-07
2.6521e-07
2.63051e-07
2.61006e-07
2.59061e-07
2.57212e-07
2.55445e-07
2.53756e-07
2.5214e-07
2.50587e-07
2.49095e-07
2.47658e-07
2.46276e-07
2.44938e-07
2.43648e-07
2.42401e-07
2.41192e-07
2.40019e-07
2.38882e-07
2.37782e-07
2.36706e-07
2.35664e-07
2.34646e-07
2.33658e-07
2.32696e-07
2.31755e-07
2.3084e-07
2.29941e-07
2.2907e-07
2.28216e-07
2.2738e-07
2.26564e-07
2.25764e-07
2.24986e-07
2.24224e-07
2.23478e-07
2.2275e-07
2.22037e-07
2.21342e-07
2.20663e-07
2.20002e-07
2.19358e-07
2.18734e-07
2.18128e-07
2.17543e-07
2.16981e-07
2.16442e-07
2.15928e-07
2.15442e-07
2.14986e-07
2.14565e-07
2.14179e-07
2.13835e-07
2.13534e-07
2.1328e-07
2.1308e-07
2.12939e-07
2.12862e-07
2.12852e-07
2.1292e-07
2.13069e-07
2.13307e-07
2.13646e-07
2.14096e-07
2.14671e-07
2.1539e-07
2.16278e-07
2.1737e-07
2.18719e-07
2.20411e-07
2.22612e-07
2.25678e-07
2.30391e-07
2.38625e-07
2.55436e-07
2.95285e-07
3.96534e-07
6.48737e-07
1.24275e-06
2.55413e-06
5.25256e-06
1.04074e-05
1.95344e-05
3.45111e-05
5.73017e-05
8.9497e-05
0.000131775
0.000183476
0.000242495
0.000305572
0.00036895
0.000429161
0.000483639
0.000531078
0.000571442
0.000605755
0.00063574
0.00066345
0.000691033
0.000720531
0.000753711
0.000791932
0.000836088
0.000886589
0.000943427
0.00100638
0.00107514
0.00114958
0.00122969
0.00131539
0.00140678
0.00150403
0.00160781
0.00171855
0.00183652
0.00195732
3.29806e-07
3.21437e-07
3.14196e-07
3.07853e-07
3.02241e-07
2.97224e-07
2.92703e-07
2.88597e-07
2.84849e-07
2.81403e-07
2.78218e-07
2.75265e-07
2.72509e-07
2.69931e-07
2.6751e-07
2.65227e-07
2.63072e-07
2.61029e-07
2.59087e-07
2.5724e-07
2.55475e-07
2.53789e-07
2.52174e-07
2.50623e-07
2.49134e-07
2.47699e-07
2.46316e-07
2.44984e-07
2.43693e-07
2.42449e-07
2.41242e-07
2.40069e-07
2.38937e-07
2.37832e-07
2.36761e-07
2.35719e-07
2.34705e-07
2.33719e-07
2.32757e-07
2.31821e-07
2.30906e-07
2.30017e-07
2.29148e-07
2.283e-07
2.27479e-07
2.26673e-07
2.25892e-07
2.25134e-07
2.24398e-07
2.23686e-07
2.22998e-07
2.22337e-07
2.21704e-07
2.21103e-07
2.20535e-07
2.20005e-07
2.19515e-07
2.19072e-07
2.1868e-07
2.18345e-07
2.18074e-07
2.17873e-07
2.17751e-07
2.17719e-07
2.17783e-07
2.17957e-07
2.18248e-07
2.18674e-07
2.19243e-07
2.1997e-07
2.20872e-07
2.21961e-07
2.23254e-07
2.24768e-07
2.26523e-07
2.28535e-07
2.30834e-07
2.33443e-07
2.36402e-07
2.39754e-07
2.43558e-07
2.4789e-07
2.52846e-07
2.58547e-07
2.6514e-07
2.72804e-07
2.8175e-07
2.92227e-07
3.0452e-07
3.18958e-07
3.3592e-07
3.55848e-07
3.79258e-07
4.06818e-07
4.39788e-07
4.82414e-07
5.50319e-07
6.8927e-07
1.00121e-06
1.67371e-06
3.00689e-06
5.40106e-06
9.26049e-06
1.48153e-05
2.19375e-05
3.00711e-05
3.83567e-05
4.59223e-05
5.22002e-05
5.71097e-05
6.10488e-05
6.4758e-05
6.91808e-05
7.53942e-05
8.46147e-05
9.82475e-05
0.000117947
0.000145606
0.000183262
0.000232875
0.00029602
0.000373551
0.000465284
0.000569933
0.00068545
0.000809707
0.000941123
0.00107882
0.00122284
0.00136952
3.29806e-07
3.21437e-07
3.142e-07
3.07857e-07
3.02242e-07
2.97225e-07
2.92705e-07
2.88601e-07
2.84853e-07
2.81409e-07
2.78226e-07
2.75272e-07
2.72518e-07
2.69943e-07
2.67522e-07
2.65243e-07
2.63088e-07
2.61048e-07
2.59109e-07
2.57262e-07
2.55502e-07
2.53817e-07
2.52204e-07
2.50657e-07
2.49168e-07
2.47738e-07
2.46358e-07
2.45027e-07
2.4374e-07
2.42499e-07
2.41296e-07
2.40129e-07
2.38997e-07
2.37906e-07
2.36841e-07
2.35812e-07
2.34811e-07
2.33839e-07
2.32901e-07
2.31993e-07
2.31113e-07
2.30267e-07
2.29452e-07
2.28673e-07
2.27933e-07
2.27232e-07
2.26576e-07
2.25967e-07
2.25414e-07
2.24923e-07
2.245e-07
2.24154e-07
2.23895e-07
2.23734e-07
2.23684e-07
2.23757e-07
2.23972e-07
2.24343e-07
2.24889e-07
2.25631e-07
2.26591e-07
2.27794e-07
2.29264e-07
2.31029e-07
2.33119e-07
2.35564e-07
2.38397e-07
2.41653e-07
2.45368e-07
2.49578e-07
2.54322e-07
2.59641e-07
2.65576e-07
2.72172e-07
2.79474e-07
2.87532e-07
2.96412e-07
3.0618e-07
3.16937e-07
3.28793e-07
3.41913e-07
3.56503e-07
3.72841e-07
3.91276e-07
4.12252e-07
4.36324e-07
4.64169e-07
4.96605e-07
5.34594e-07
5.79267e-07
6.31905e-07
6.9394e-07
7.66893e-07
8.52281e-07
9.51449e-07
1.0653e-06
1.19387e-06
1.3358e-06
1.48748e-06
1.64195e-06
1.78719e-06
1.90334e-06
1.96029e-06
1.9209e-06
1.7615e-06
1.50449e-06
1.21772e-06
9.65274e-07
7.72395e-07
6.34433e-07
5.37596e-07
4.70554e-07
4.28068e-07
4.11707e-07
4.31438e-07
5.12446e-07
7.14385e-07
1.17708e-06
2.21727e-06
4.50275e-06
9.30548e-06
1.87684e-05
3.60415e-05
6.51155e-05
0.000110291
0.000175403
0.000263069
0.000374249
0.00050833
0.00066085
3.29806e-07
3.21436e-07
3.14196e-07
3.07855e-07
3.02244e-07
2.97228e-07
2.92709e-07
2.88607e-07
2.84859e-07
2.81415e-07
2.78236e-07
2.75284e-07
2.72532e-07
2.69958e-07
2.67541e-07
2.65264e-07
2.63111e-07
2.61073e-07
2.59137e-07
2.57294e-07
2.55538e-07
2.53857e-07
2.52249e-07
2.50707e-07
2.49229e-07
2.47807e-07
2.46441e-07
2.45126e-07
2.43862e-07
2.42646e-07
2.41477e-07
2.40357e-07
2.39283e-07
2.38258e-07
2.37282e-07
2.36359e-07
2.35497e-07
2.34692e-07
2.3396e-07
2.33302e-07
2.32724e-07
2.32243e-07
2.31868e-07
2.31611e-07
2.31493e-07
2.31525e-07
2.31731e-07
2.32133e-07
2.32755e-07
2.33627e-07
2.3478e-07
2.36246e-07
2.38064e-07
2.40275e-07
2.42923e-07
2.46056e-07
2.49725e-07
2.53988e-07
2.58904e-07
2.64536e-07
2.70953e-07
2.78226e-07
2.86433e-07
2.9565e-07
3.05965e-07
3.17459e-07
3.30226e-07
3.44357e-07
3.59945e-07
3.77087e-07
3.95876e-07
4.1641e-07
4.3879e-07
4.63109e-07
4.89475e-07
5.17999e-07
5.48823e-07
5.8211e-07
6.18089e-07
6.57069e-07
6.99467e-07
7.45867e-07
7.97052e-07
8.54022e-07
9.18106e-07
9.90962e-07
1.07462e-06
1.17162e-06
1.28497e-06
1.41817e-06
1.57537e-06
1.76112e-06
1.98041e-06
2.2383e-06
2.53947e-06
2.88736e-06
3.28326e-06
3.72459e-06
4.20364e-06
4.70583e-06
5.20877e-06
5.68249e-06
6.09092e-06
6.39563e-06
6.56083e-06
6.55832e-06
6.37191e-06
5.99813e-06
5.44274e-06
4.71489e-06
3.82944e-06
2.83639e-06
1.86473e-06
1.08492e-06
5.76061e-07
2.9133e-07
1.44677e-07
7.21316e-08
3.80987e-08
2.51778e-08
2.81085e-08
5.98368e-08
1.85865e-07
6.25234e-07
1.97363e-06
5.58288e-06
1.40552e-05
3.17077e-05
6.48041e-05
0.000120807
3.29806e-07
3.21436e-07
3.14197e-07
3.07855e-07
3.02244e-07
2.97229e-07
2.92711e-07
2.88608e-07
2.84863e-07
2.81423e-07
2.78244e-07
2.75295e-07
2.72548e-07
2.69979e-07
2.6757e-07
2.65304e-07
2.63166e-07
2.61148e-07
2.59238e-07
2.57428e-07
2.55717e-07
2.54096e-07
2.52565e-07
2.51124e-07
2.49771e-07
2.48508e-07
2.47343e-07
2.46278e-07
2.45323e-07
2.44486e-07
2.43779e-07
2.43218e-07
2.42822e-07
2.42605e-07
2.42591e-07
2.42812e-07
2.43295e-07
2.4407e-07
2.45179e-07
2.4666e-07
2.48566e-07
2.5094e-07
2.53847e-07
2.57349e-07
2.61509e-07
2.66411e-07
2.72131e-07
2.78758e-07
2.86393e-07
2.95146e-07
3.05118e-07
3.16439e-07
3.29238e-07
3.43654e-07
3.59833e-07
3.77932e-07
3.98119e-07
4.20557e-07
4.45438e-07
4.72927e-07
5.03227e-07
5.36517e-07
5.72996e-07
6.12852e-07
6.56285e-07
7.03463e-07
7.54577e-07
8.09791e-07
8.6926e-07
9.33158e-07
1.00158e-06
1.07466e-06
1.15253e-06
1.23526e-06
1.32296e-06
1.41578e-06
1.51389e-06
1.61753e-06
1.72718e-06
1.84345e-06
1.9673e-06
2.10003e-06
2.2435e-06
2.40013e-06
2.57297e-06
2.7659e-06
2.98358e-06
3.23167e-06
3.51668e-06
3.84612e-06
4.22841e-06
4.67265e-06
5.18829e-06
5.7844e-06
6.46868e-06
7.24605e-06
8.11643e-06
9.07236e-06
1.00967e-05
1.11594e-05
1.22171e-05
1.32127e-05
1.40789e-05
1.4744e-05
1.51416e-05
1.52203e-05
1.49552e-05
1.43539e-05
1.34579e-05
1.23366e-05
1.10768e-05
9.7681e-06
8.48957e-06
7.30024e-06
6.23376e-06
5.29662e-06
4.46961e-06
3.71062e-06
2.96843e-06
2.2199e-06
1.51321e-06
9.41975e-07
5.54059e-07
3.25878e-07
2.1018e-07
1.76417e-07
2.37074e-07
5.16429e-07
1.46714e-06
4.40187e-06
3.29806e-07
3.21438e-07
3.142e-07
3.07863e-07
3.02258e-07
2.97254e-07
2.92755e-07
2.88684e-07
2.84981e-07
2.81604e-07
2.78514e-07
2.7569e-07
2.73111e-07
2.70765e-07
2.68647e-07
2.66753e-07
2.65092e-07
2.63669e-07
2.625e-07
2.61602e-07
2.61e-07
2.60722e-07
2.608e-07
2.61276e-07
2.62191e-07
2.63599e-07
2.65555e-07
2.68125e-07
2.71379e-07
2.75398e-07
2.80269e-07
2.86088e-07
2.92963e-07
3.01012e-07
3.10362e-07
3.21162e-07
3.33555e-07
3.47716e-07
3.63824e-07
3.82082e-07
4.02695e-07
4.25896e-07
4.51927e-07
4.81051e-07
5.13536e-07
5.49675e-07
5.89762e-07
6.34111e-07
6.83047e-07
7.36891e-07
7.95978e-07
8.60635e-07
9.31207e-07
1.008e-06
1.09135e-06
1.18154e-06
1.27887e-06
1.38361e-06
1.49602e-06
1.61629e-06
1.74463e-06
1.88119e-06
2.0261e-06
2.17944e-06
2.34126e-06
2.51156e-06
2.69032e-06
2.87746e-06
3.07285e-06
3.27634e-06
3.48775e-06
3.70685e-06
3.9334e-06
4.16713e-06
4.40783e-06
4.65532e-06
4.9096e-06
5.1708e-06
5.43945e-06
5.71639e-06
6.00313e-06
6.30183e-06
6.61544e-06
6.94786e-06
7.30395e-06
7.6895e-06
8.11144e-06
8.57737e-06
9.09575e-06
9.67554e-06
1.03258e-05
1.10553e-05
1.18718e-05
1.27813e-05
1.37865e-05
1.48857e-05
1.60713e-05
1.73274e-05
1.86287e-05
1.9939e-05
2.12102e-05
2.23844e-05
2.33952e-05
2.41734e-05
2.46528e-05
2.47802e-05
2.45224e-05
2.38751e-05
2.28652e-05
2.15506e-05
2.0013e-05
1.83483e-05
1.6654e-05
1.50172e-05
1.35063e-05
1.21676e-05
1.1024e-05
1.00795e-05
9.3233e-06
8.73457e-06
8.28603e-06
7.94552e-06
7.6756e-06
7.42964e-06
7.14444e-06
6.73134e-06
6.0817e-06
5.12455e-06
3.95205e-06
2.88117e-06
3.3e-07
3.22024e-07
3.15441e-07
3.10091e-07
3.05869e-07
3.0273e-07
3.00652e-07
2.99647e-07
2.99745e-07
3.00994e-07
3.03464e-07
3.07244e-07
3.12432e-07
3.19146e-07
3.27521e-07
3.37712e-07
3.49889e-07
3.64244e-07
3.8099e-07
4.00365e-07
4.22621e-07
4.4805e-07
4.76952e-07
5.09663e-07
5.46545e-07
5.87976e-07
6.3437e-07
6.86152e-07
7.43787e-07
8.07733e-07
8.78486e-07
9.56548e-07
1.04243e-06
1.13666e-06
1.23974e-06
1.35219e-06
1.47453e-06
1.60723e-06
1.75076e-06
1.90557e-06
2.07207e-06
2.25063e-06
2.44155e-06
2.64516e-06
2.86162e-06
3.09112e-06
3.33376e-06
3.58958e-06
3.85851e-06
4.14047e-06
4.43525e-06
4.74264e-06
5.06227e-06
5.39377e-06
5.73665e-06
6.0904e-06
6.45443e-06
6.82807e-06
7.21064e-06
7.6014e-06
7.99954e-06
8.40428e-06
8.81475e-06
9.23009e-06
9.64941e-06
1.00718e-05
1.04965e-05
1.09225e-05
1.1349e-05
1.17752e-05
1.22002e-05
1.26232e-05
1.30435e-05
1.34605e-05
1.38737e-05
1.42825e-05
1.46867e-05
1.50865e-05
1.54822e-05
1.58746e-05
1.6265e-05
1.66555e-05
1.70488e-05
1.74481e-05
1.78577e-05
1.82821e-05
1.87263e-05
1.91958e-05
1.96955e-05
2.02303e-05
2.08041e-05
2.14196e-05
2.2078e-05
2.27784e-05
2.35178e-05
2.42901e-05
2.50865e-05
2.58947e-05
2.66989e-05
2.74794e-05
2.82132e-05
2.88738e-05
2.94322e-05
2.9858e-05
3.01215e-05
3.01958e-05
3.00606e-05
2.97053e-05
2.91313e-05
2.83544e-05
2.74043e-05
2.63233e-05
2.51621e-05
2.39746e-05
2.28126e-05
2.17207e-05
2.07328e-05
1.98707e-05
1.91437e-05
1.85507e-05
1.80824e-05
1.77235e-05
1.74556e-05
1.72589e-05
1.71143e-05
1.70039e-05
1.69116e-05
1.68223e-05
1.67211e-05
1.6591e-05
3.62706e-05
3.62382e-05
3.62051e-05
3.61712e-05
3.61362e-05
3.61009e-05
3.60645e-05
3.60275e-05
3.59897e-05
3.59514e-05
3.59125e-05
3.58726e-05
3.58324e-05
3.57912e-05
3.57493e-05
3.57072e-05
3.5664e-05
3.56204e-05
3.55762e-05
3.55312e-05
3.54855e-05
3.5439e-05
3.53922e-05
3.53447e-05
3.52964e-05
3.52473e-05
3.51974e-05
3.51472e-05
3.50962e-05
3.50448e-05
3.49926e-05
3.49396e-05
3.48858e-05
3.48316e-05
3.47765e-05
3.47211e-05
3.46644e-05
3.46076e-05
3.45496e-05
3.44912e-05
3.44323e-05
3.43726e-05
3.43119e-05
3.42508e-05
3.41887e-05
3.41262e-05
3.40627e-05
3.39987e-05
3.39343e-05
3.38688e-05
3.38023e-05
3.37358e-05
3.36682e-05
3.36001e-05
3.35309e-05
3.34611e-05
3.33907e-05
3.33196e-05
3.32479e-05
3.3175e-05
3.3102e-05
3.30281e-05
3.29532e-05
3.28779e-05
3.28018e-05
3.27249e-05
3.26473e-05
3.25688e-05
3.24898e-05
3.241e-05
3.23297e-05
3.22485e-05
3.21667e-05
3.2084e-05
3.20007e-05
3.19169e-05
3.1832e-05
3.17468e-05
3.16606e-05
3.15736e-05
3.14864e-05
3.13979e-05
3.13091e-05
3.12196e-05
3.11296e-05
3.10383e-05
3.0947e-05
3.08547e-05
3.07615e-05
3.06678e-05
3.05735e-05
3.04787e-05
3.03829e-05
3.02865e-05
3.01892e-05
3.00912e-05
2.99921e-05
2.98923e-05
2.97916e-05
2.96892e-05
2.95849e-05
2.9479e-05
2.93705e-05
2.92595e-05
2.91456e-05
2.90283e-05
2.89068e-05
2.87814e-05
2.86516e-05
2.85174e-05
2.83793e-05
2.82371e-05
2.80919e-05
2.79431e-05
2.77913e-05
2.76376e-05
2.7482e-05
2.73255e-05
2.7167e-05
2.70083e-05
2.68487e-05
2.66886e-05
2.65279e-05
2.63667e-05
2.62049e-05
2.60426e-05
2.58797e-05
2.57163e-05
2.55521e-05
2.53876e-05
)
;

boundaryField
{
    nozzle
    {
        type            calculated;
        value           nonuniform List<scalar> 
12
(
0.00104268
0.00102801
0.00100231
0.000969067
0.000930562
0.000884173
0.00082809
0.000754434
0.000660263
0.000530958
0.000364092
0.00013438
)
;
    }
    coflow
    {
        type            calculated;
        value           uniform 3.39539e-07;
    }
    walls
    {
        type            alphatWallFunction;
        Prt             0.85;
        value           uniform 0;
    }
    back
    {
        type            wedge;
    }
    front
    {
        type            wedge;
    }
    outlet
    {
        type            calculated;
        value           nonuniform List<scalar> 
42
(
0.00414025
0.00413821
0.00413654
0.00413497
0.00413318
0.00413131
0.00412917
0.00412681
0.00412426
0.00412148
0.00411839
0.00411504
0.00411124
0.00410672
0.00410133
0.00409494
0.00408714
0.00407775
0.00406634
0.0040524
0.00403524
0.00401409
0.00398785
0.00395495
0.00391373
0.00386165
0.00379553
0.00371142
0.00360406
0.00346696
0.0032919
0.00306861
0.00278408
0.0024214
0.00195732
0.00136952
0.00066085
0.000120807
4.40187e-06
2.88117e-06
1.6591e-05
2.53876e-05
)
;
    }
    defaultFaces
    {
        type            empty;
    }
}


// ************************************************************************* //
