/*--------------------------------*- C++ -*----------------------------------*\
| =========                 |                                                 |
| \\      /  F ield         | OpenFOAM: The Open Source CFD Toolbox           |
|  \\    /   O peration     | Version:  1.7.x                                 |
|   \\  /    A nd           | Web:      www.OpenFOAM.com                      |
|    \\/     M anipulation  |                                                 |
\*---------------------------------------------------------------------------*/
FoamFile
{
    version     2.0;
    format      ascii;
    class       volScalarField;
    location    "2500";
    object      mut;
}
// * * * * * * * * * * * * * * * * * * * * * * * * * * * * * * * * * * * * * //

dimensions      [1 -1 -1 0 0 0 0];

internalField   nonuniform List<scalar> 
5460
(
0.00102546
0.00102518
0.00102493
0.00102472
0.00102457
0.00102447
0.00102444
0.00102446
0.00102455
0.0010247
0.0010249
0.00102518
0.00102552
0.00102594
0.00102645
0.00102707
0.00102783
0.00102877
0.00102993
0.00103139
0.00103325
0.00103561
0.00103865
0.00104256
0.00104761
0.0010541
0.00106247
0.00107321
0.00108697
0.00110456
0.00112698
0.00115545
0.00119145
0.00123666
0.00129295
0.00136214
0.00144574
0.00154473
0.00165921
0.0017883
0.0019302
0.00208237
0.00224183
0.00240548
0.00257039
0.002734
0.00289417
0.00304926
0.0031981
0.00333989
0.00347414
0.00360067
0.0037195
0.00383082
0.00393494
0.00403215
0.0041227
0.00420672
0.00428436
0.00435583
0.00442151
0.00448193
0.00453765
0.00458908
0.00463641
0.00467963
0.00471867
0.00475354
0.00478447
0.00481186
0.00483619
0.00485792
0.00487735
0.00489465
0.0049099
0.00492313
0.00493443
0.0049439
0.00495172
0.00495808
0.00496312
0.00496699
0.00496975
0.00497145
0.0049721
0.00497171
0.00497029
0.00496787
0.00496451
0.00496026
0.00495519
0.00494935
0.0049428
0.00493559
0.00492777
0.00491937
0.00491043
0.00490099
0.00489109
0.00488076
0.00487002
0.00485891
0.00484744
0.00483563
0.00482348
0.00481099
0.00479816
0.00478498
0.00477146
0.00475757
0.00474334
0.00472876
0.00471387
0.0046987
0.00468329
0.00466771
0.00465201
0.00463628
0.00462058
0.00460498
0.00458953
0.00457429
0.00455927
0.00454449
0.00452997
0.00451564
0.00450157
0.0044876
0.00447465
0.0044663
0.00101116
0.00101111
0.00101111
0.00101116
0.00101123
0.00101134
0.00101149
0.00101167
0.00101189
0.00101215
0.00101246
0.00101283
0.00101326
0.00101376
0.00101435
0.00101506
0.00101592
0.00101698
0.00101829
0.00101993
0.00102201
0.00102465
0.00102804
0.00103237
0.00103793
0.00104507
0.00105422
0.00106597
0.00108103
0.00110031
0.00112496
0.00115632
0.00119597
0.00124559
0.00130688
0.00138128
0.00146985
0.00157301
0.00169044
0.00182107
0.00196314
0.00211432
0.00227196
0.00243331
0.00259572
0.0027568
0.00291457
0.00306746
0.0032143
0.00335431
0.003487
0.00361215
0.00372976
0.00384001
0.00394318
0.00403955
0.00412935
0.0042127
0.00428974
0.00436067
0.00442588
0.00448588
0.00454122
0.0045923
0.00463931
0.00468225
0.00472103
0.00475569
0.00478643
0.00481365
0.00483784
0.00485942
0.00487872
0.0048959
0.00491103
0.00492416
0.00493536
0.00494475
0.00495249
0.00495877
0.00496374
0.00496754
0.00497024
0.00497188
0.00497248
0.00497203
0.00497057
0.00496812
0.00496473
0.00496044
0.00495534
0.00494947
0.0049429
0.00493567
0.00492783
0.00491941
0.00491046
0.00490101
0.00489109
0.00488074
0.00487
0.00485887
0.0048474
0.00483558
0.00482342
0.00481093
0.00479809
0.00478491
0.00477138
0.00475749
0.00474326
0.00472868
0.00471379
0.00469862
0.00468321
0.00466763
0.00465194
0.0046362
0.0046205
0.0046049
0.00458944
0.00457419
0.00455917
0.00454438
0.00452984
0.00451551
0.00450143
0.00448745
0.00447448
0.00446613
0.000985948
0.000985995
0.000986123
0.000986308
0.000986533
0.000986797
0.000987097
0.000987432
0.000987803
0.000988213
0.000988667
0.000989173
0.000989745
0.000990399
0.000991163
0.000992071
0.00099317
0.000994521
0.000996203
0.000998316
0.00100099
0.0010044
0.00100875
0.00101433
0.0010215
0.00103075
0.0010427
0.00105813
0.00107804
0.0011036
0.00113612
0.00117701
0.00122762
0.00128911
0.00136237
0.00144787
0.00154569
0.00165548
0.0017765
0.00190765
0.0020475
0.00219433
0.00234617
0.00250093
0.00265652
0.00281098
0.00296256
0.00310984
0.0032517
0.00338733
0.00351619
0.00363801
0.00375272
0.00386045
0.00396142
0.00405586
0.00414395
0.00422579
0.00430149
0.00437124
0.0044354
0.00449446
0.00454895
0.00459926
0.00464559
0.00468791
0.00472616
0.00476035
0.00479067
0.00481753
0.00484138
0.00486265
0.00488166
0.00489858
0.00491347
0.00492637
0.00493736
0.00494656
0.00495413
0.00496025
0.00496508
0.00496873
0.0049713
0.00497281
0.00497329
0.00497275
0.00497119
0.00496866
0.00496518
0.00496083
0.00495567
0.00494975
0.00494312
0.00493585
0.00492796
0.00491951
0.00491052
0.00490104
0.00489109
0.00488072
0.00486995
0.0048588
0.00484731
0.00483547
0.00482329
0.00481079
0.00479794
0.00478475
0.00477121
0.00475732
0.00474308
0.00472851
0.00471362
0.00469845
0.00468304
0.00466746
0.00465177
0.00463603
0.00462032
0.00460471
0.00458925
0.00457398
0.00455894
0.00454414
0.00452958
0.00451522
0.00450112
0.00448711
0.00447414
0.00446576
0.000953406
0.000953657
0.000953999
0.00095439
0.000954815
0.000955272
0.000955759
0.000956274
0.000956821
0.000957404
0.000958034
0.000958725
0.0009595
0.00096039
0.000961439
0.000962701
0.000964251
0.000966184
0.000968622
0.000971726
0.000975706
0.000980841
0.000987499
0.000996166
0.00100747
0.00102221
0.00104133
0.00106593
0.00109717
0.0011362
0.00118403
0.00124143
0.00130885
0.00138643
0.001474
0.00157116
0.00167734
0.00179187
0.00191401
0.0020429
0.00217759
0.00231696
0.00245976
0.00260459
0.00274996
0.00289441
0.00303656
0.00317519
0.00330927
0.00343802
0.00356086
0.00367743
0.00378759
0.00389137
0.0039889
0.00408034
0.00416579
0.00424532
0.00431898
0.00438693
0.0044495
0.00450714
0.00456037
0.00460955
0.00465485
0.00469626
0.00473371
0.00476719
0.0047969
0.0048232
0.00484656
0.00486739
0.00488598
0.0049025
0.00491703
0.00492961
0.0049403
0.00494923
0.00495654
0.00496242
0.00496702
0.00497047
0.00497284
0.00497418
0.00497449
0.00497379
0.0049721
0.00496944
0.00496585
0.0049614
0.00495615
0.00495014
0.00494344
0.0049361
0.00492815
0.00491964
0.0049106
0.00490107
0.00489108
0.00488067
0.00486986
0.00485869
0.00484716
0.0048353
0.0048231
0.00481057
0.00479771
0.0047845
0.00477095
0.00475706
0.00474281
0.00472824
0.00471335
0.00469818
0.00468277
0.00466719
0.0046515
0.00463576
0.00462005
0.00460442
0.00458895
0.00457366
0.0045586
0.00454377
0.00452918
0.00451479
0.00450066
0.00448662
0.00447362
0.00446521
0.000915569
0.000915963
0.000916488
0.000917077
0.000917705
0.000918367
0.000919056
0.000919772
0.000920518
0.000921307
0.000922159
0.000923107
0.000924194
0.000925481
0.000927048
0.000929001
0.00093148
0.000934667
0.000938808
0.000944225
0.000951342
0.000960708
0.000973012
0.000989083
0.00100987
0.00103639
0.00106964
0.00111051
0.00115966
0.00121751
0.00128413
0.00135933
0.0014427
0.00153369
0.00163166
0.001736
0.00184613
0.00196149
0.00208155
0.00220577
0.00233355
0.00246421
0.00259693
0.00273082
0.00286487
0.00299806
0.00312937
0.00325782
0.00338257
0.0035029
0.00361822
0.00372816
0.0038325
0.00393118
0.00402427
0.00411181
0.00419386
0.00427038
0.0043414
0.00440701
0.00446751
0.00452333
0.00457493
0.00462265
0.00466665
0.0047069
0.00474331
0.00477589
0.00480481
0.00483041
0.00485314
0.00487339
0.00489145
0.00490748
0.00492156
0.00493371
0.00494402
0.0049526
0.00495959
0.00496518
0.0049695
0.00497268
0.0049748
0.00497591
0.00497601
0.00497511
0.00497324
0.00497042
0.00496669
0.00496211
0.00495674
0.00495062
0.00494383
0.0049364
0.00492837
0.00491979
0.00491068
0.00490109
0.00489105
0.00488059
0.00486973
0.00485851
0.00484695
0.00483505
0.00482282
0.00481027
0.00479738
0.00478416
0.0047706
0.00475669
0.00474244
0.00472786
0.00471297
0.0046978
0.0046824
0.00466682
0.00465113
0.00463539
0.00461967
0.00460403
0.00458854
0.00457323
0.00455814
0.00454327
0.00452865
0.00451422
0.00450005
0.00448597
0.00447293
0.00446449
0.000870234
0.000870991
0.000871865
0.000872764
0.000873671
0.000874586
0.000875507
0.000876443
0.000877416
0.000878462
0.000879636
0.000881012
0.000882692
0.000884814
0.000887559
0.000891169
0.000895961
0.000902346
0.000910847
0.000922105
0.000936878
0.000956011
0.000980393
0.00101088
0.00104823
0.001093
0.00114551
0.00120583
0.00127376
0.00134891
0.00143071
0.00151855
0.0016118
0.00170986
0.00181221
0.00191841
0.00202809
0.00214093
0.00225663
0.00237484
0.00249519
0.0026172
0.00274034
0.00286397
0.00298739
0.00310987
0.00323068
0.00334907
0.00346437
0.00357597
0.00368335
0.00378613
0.00388408
0.00397711
0.00406518
0.0041483
0.00422643
0.0042995
0.00436746
0.00443037
0.00448848
0.00454218
0.00459189
0.00463791
0.00468039
0.00471927
0.00475449
0.00478601
0.00481401
0.0048388
0.0048608
0.00488037
0.00489782
0.00491327
0.00492682
0.00493849
0.00494836
0.00495653
0.00496315
0.00496838
0.00497237
0.00497525
0.00497708
0.00497791
0.00497776
0.00497664
0.00497456
0.00497155
0.00496765
0.00496291
0.0049574
0.00495116
0.00494425
0.00493671
0.00492859
0.00491992
0.00491073
0.00490107
0.00489096
0.00488044
0.00486953
0.00485827
0.00484665
0.00483471
0.00482245
0.00480986
0.00479695
0.00478371
0.00477013
0.00475621
0.00474195
0.00472737
0.00471248
0.00469732
0.00468192
0.00466635
0.00465066
0.00463491
0.00461918
0.00460353
0.00458801
0.00457268
0.00455755
0.00454264
0.00452797
0.0045135
0.00449927
0.00448514
0.00447207
0.00446358
0.000815071
0.000815992
0.000817052
0.000818119
0.00081918
0.000820241
0.000821317
0.00082245
0.000823712
0.000825209
0.000827089
0.00082955
0.000832857
0.000837352
0.000843474
0.000851763
0.000862862
0.000877498
0.000896447
0.00092048
0.000950302
0.000986487
0.00102943
0.00107932
0.00113613
0.00119965
0.0012695
0.00134521
0.00142621
0.00151194
0.00160183
0.00169534
0.00179204
0.00189153
0.00199355
0.00209787
0.00220432
0.00231276
0.00242301
0.00253487
0.00264805
0.0027622
0.0028769
0.00299164
0.00310591
0.00321914
0.00333077
0.00344024
0.003547
0.00365056
0.00375048
0.00384641
0.00393813
0.00402554
0.00410857
0.00418717
0.00426127
0.00433073
0.00439548
0.00445554
0.00451112
0.00456256
0.00461024
0.00465444
0.00469528
0.0047327
0.00476661
0.004797
0.004824
0.00484791
0.00486911
0.00488797
0.00490474
0.00491957
0.00493254
0.00494369
0.00495307
0.0049608
0.00496702
0.00497187
0.0049755
0.00497804
0.00497955
0.00498009
0.00497966
0.00497828
0.00497596
0.00497274
0.00496865
0.00496374
0.00495807
0.00495169
0.00494465
0.004937
0.00492877
0.00492
0.00491073
0.00490098
0.0048908
0.00488021
0.00486924
0.00485792
0.00484625
0.00483427
0.00482196
0.00480934
0.0047964
0.00478313
0.00476953
0.0047556
0.00474134
0.00472676
0.00471187
0.00469671
0.00468132
0.00466575
0.00465006
0.00463432
0.00461858
0.00460291
0.00458737
0.004572
0.00455683
0.00454188
0.00452716
0.00451262
0.00449834
0.00448415
0.00447103
0.00446249
0.000743065
0.000744435
0.000745798
0.000747047
0.000748242
0.000749469
0.000750844
0.000752546
0.000754817
0.000757976
0.000762432
0.00076869
0.00077735
0.000789094
0.000804647
0.000824729
0.00084999
0.000880956
0.000917981
0.000961229
0.00101068
0.00106616
0.00112736
0.00119392
0.00126541
0.00134139
0.00142142
0.00150505
0.00159184
0.0016814
0.00177335
0.00186738
0.00196325
0.00206079
0.00215988
0.00226045
0.00236248
0.00246589
0.00257061
0.00267646
0.00278323
0.0028906
0.00299821
0.00310562
0.00321241
0.00331809
0.00342222
0.00352433
0.00362398
0.00372074
0.00381424
0.00390418
0.00399037
0.0040727
0.00415111
0.00422551
0.00429581
0.00436184
0.00442351
0.00448081
0.00453392
0.00458314
0.00462882
0.00467121
0.0047104
0.00474635
0.00477895
0.00480819
0.00483419
0.00485721
0.00487761
0.00489574
0.00491183
0.00492603
0.00493841
0.00494902
0.00495791
0.00496519
0.00497098
0.00497544
0.00497871
0.0049809
0.00498208
0.00498229
0.00498157
0.00497992
0.00497736
0.00497392
0.00496963
0.00496454
0.0049587
0.00495217
0.00494499
0.00493721
0.00492886
0.00491999
0.00491062
0.00490079
0.00489053
0.00487987
0.00486883
0.00485744
0.00484573
0.00483369
0.00482134
0.00480868
0.0047957
0.00478241
0.0047688
0.00475485
0.00474059
0.004726
0.00471112
0.00469597
0.00468059
0.00466503
0.00464934
0.00463359
0.00461784
0.00460216
0.00458659
0.00457119
0.00455598
0.00454097
0.00452619
0.00451159
0.00449724
0.00448298
0.00446981
0.00446121
0.000650021
0.000651104
0.000652173
0.000653291
0.000654732
0.000656817
0.000659956
0.000664669
0.000671578
0.000681381
0.000694813
0.000712592
0.000735347
0.000763555
0.0007975
0.000837253
0.000882698
0.000933564
0.00098949
0.00105007
0.00111491
0.00118362
0.00125585
0.00133131
0.00140971
0.00149077
0.00157424
0.00165985
0.00174735
0.0018365
0.00192709
0.00201896
0.002112
0.00220615
0.00230141
0.00239779
0.0024953
0.00259395
0.00269366
0.0027943
0.00289567
0.00299747
0.00309937
0.00320098
0.0033019
0.00340171
0.00350001
0.00359639
0.00369047
0.00378186
0.00387025
0.00395536
0.00403703
0.00411516
0.00418968
0.00426051
0.00432753
0.00439057
0.00444953
0.00450438
0.00455528
0.00460249
0.00464634
0.00468706
0.00472473
0.00475931
0.00479069
0.00481886
0.00484391
0.0048661
0.00488576
0.00490319
0.00491864
0.00493223
0.00494406
0.00495415
0.00496257
0.00496941
0.0049748
0.00497888
0.00498179
0.00498363
0.00498448
0.00498439
0.00498337
0.00498145
0.00497864
0.00497497
0.00497048
0.0049652
0.0049592
0.00495251
0.00494519
0.00493728
0.00492882
0.00491984
0.00491037
0.00490045
0.00489011
0.00487937
0.00486826
0.00485681
0.00484504
0.00483295
0.00482055
0.00480785
0.00479485
0.00478153
0.0047679
0.00475394
0.00473967
0.00472509
0.00471022
0.00469508
0.00467971
0.00466416
0.00464847
0.00463273
0.00461697
0.00460127
0.00458568
0.00457023
0.00455497
0.00453991
0.00452506
0.00451039
0.00449597
0.00448164
0.0044684
0.00445974
0.000523092
0.000524679
0.00052686
0.000530375
0.000536044
0.000544652
0.000556996
0.000573838
0.000595811
0.000623345
0.000656625
0.000695578
0.000739914
0.000789193
0.000842904
0.000900535
0.000961627
0.0010258
0.00109273
0.0011622
0.00123399
0.00130797
0.001384
0.00146197
0.00154178
0.0016233
0.00170642
0.00179097
0.0018768
0.00196377
0.00205176
0.00214066
0.00223046
0.00232114
0.00241275
0.00250534
0.00259895
0.00269358
0.00278919
0.00288565
0.00298276
0.00308025
0.00317779
0.00327501
0.00337154
0.003467
0.00356101
0.0036532
0.0037432
0.00383066
0.00391528
0.00399682
0.00407511
0.00415006
0.00422161
0.00428967
0.00435413
0.00441481
0.00447161
0.0045245
0.0045736
0.00461918
0.00466152
0.00470084
0.00473722
0.00477062
0.00480096
0.00482821
0.00485246
0.00487395
0.00489296
0.00490979
0.00492468
0.00493775
0.00494908
0.00495871
0.00496671
0.00497317
0.0049782
0.00498194
0.00498451
0.00498604
0.00498658
0.00498619
0.0049849
0.00498273
0.00497968
0.00497579
0.0049711
0.00496565
0.00495948
0.00495264
0.00494519
0.00493715
0.00492857
0.00491949
0.00490993
0.00489992
0.00488949
0.00487868
0.00486751
0.00485599
0.00484416
0.00483202
0.00481958
0.00480684
0.0047938
0.00478046
0.00476681
0.00475285
0.00473858
0.00472401
0.00470914
0.00469402
0.00467866
0.00466312
0.00464745
0.00463171
0.00461595
0.00460023
0.00458461
0.00456913
0.00455381
0.00453869
0.00452377
0.00450902
0.00449452
0.00448011
0.00446681
0.00445807
0.000359861
0.000367324
0.000379324
0.00039641
0.000419186
0.000448009
0.000482938
0.000523701
0.000569744
0.000620338
0.000674717
0.000732189
0.000792199
0.000854347
0.000918365
0.000984086
0.0010514
0.00112026
0.0011906
0.00126239
0.00133563
0.00141029
0.00148639
0.00156392
0.00164285
0.00172313
0.00180468
0.00188739
0.00197114
0.00205582
0.00214134
0.00222765
0.00231474
0.00240264
0.0024914
0.00258109
0.00267176
0.00276341
0.00285601
0.00294942
0.00304346
0.00313785
0.00323229
0.00332643
0.00341993
0.0035124
0.00360351
0.00369287
0.00378016
0.00386501
0.00394714
0.00402632
0.00410237
0.00417521
0.00424477
0.00431097
0.00437367
0.00443274
0.00448805
0.00453958
0.00458744
0.00463186
0.00467311
0.0047114
0.00474682
0.00477934
0.00480889
0.00483545
0.00485911
0.00488007
0.00489861
0.004915
0.00492945
0.0049421
0.00495304
0.00496232
0.00496998
0.00497613
0.00498087
0.00498433
0.00498664
0.00498789
0.00498817
0.00498753
0.00498599
0.00498359
0.00498033
0.00497625
0.00497139
0.00496577
0.00495945
0.00495248
0.0049449
0.00493675
0.00492807
0.00491888
0.00490923
0.00489914
0.00488864
0.00487776
0.00486652
0.00485495
0.00484306
0.00483087
0.00481839
0.00480561
0.00479255
0.00477918
0.00476552
0.00475156
0.00473729
0.00472272
0.00470788
0.00469277
0.00467743
0.00466191
0.00464625
0.00463052
0.00461475
0.00459902
0.00458337
0.00456785
0.00455248
0.00453729
0.0045223
0.00450747
0.00449289
0.00447838
0.00446502
0.0044562
0.000159754
0.000195147
0.000236394
0.000284089
0.000337932
0.000396601
0.000458408
0.00052187
0.000586002
0.000650316
0.000714729
0.000779387
0.000844505
0.000910288
0.000976894
0.00104444
0.001113
0.00118262
0.00125334
0.00132518
0.00139819
0.00147241
0.00154789
0.00162465
0.00170268
0.00178194
0.00186234
0.00194378
0.00202616
0.00210937
0.00219335
0.00227806
0.00236349
0.00244969
0.0025367
0.00262461
0.00271347
0.00280328
0.00289401
0.00298552
0.00307764
0.00317011
0.00326264
0.0033549
0.00344656
0.00353727
0.00362668
0.00371445
0.00380022
0.00388366
0.00396447
0.0040424
0.0041173
0.00418906
0.00425759
0.00432283
0.00438463
0.00444287
0.00449742
0.00454826
0.00459548
0.0046393
0.00467997
0.00471768
0.00475254
0.00478455
0.00481364
0.00483981
0.00486315
0.00488382
0.0049021
0.00491823
0.00493243
0.00494483
0.00495552
0.00496456
0.00497201
0.00497796
0.00498251
0.00498578
0.00498789
0.00498895
0.00498903
0.00498819
0.00498646
0.00498388
0.00498045
0.00497621
0.0049712
0.00496545
0.00495901
0.00495193
0.00494424
0.004936
0.00492722
0.00491795
0.00490822
0.00489806
0.00488749
0.00487655
0.00486526
0.00485363
0.0048417
0.00482947
0.00481695
0.00480414
0.00479105
0.00477767
0.004764
0.00475003
0.00473577
0.00472122
0.00470639
0.00469131
0.004676
0.0046605
0.00464487
0.00462914
0.00461338
0.00459763
0.00458196
0.00456639
0.00455097
0.00453572
0.00452065
0.00450573
0.00449106
0.00447646
0.00446302
0.00445412
6.63798e-05
0.000131676
0.000205166
0.000277763
0.000346584
0.000411506
0.000473822
0.000534721
0.000595093
0.000656362
0.000719054
0.000783231
0.000848782
0.000915572
0.000983494
0.00105244
0.00112233
0.00119312
0.00126486
0.00133759
0.00141136
0.00148624
0.00156228
0.0016395
0.00171786
0.00179733
0.00187782
0.00195924
0.00204151
0.00212453
0.00220823
0.0022926
0.00237761
0.00246332
0.00254979
0.0026371
0.00272529
0.00281438
0.00290432
0.00299501
0.00308627
0.00317788
0.00326955
0.00336098
0.00345186
0.00354184
0.00363061
0.00371781
0.0038031
0.00388615
0.00396665
0.00404435
0.00411906
0.00419067
0.00425908
0.00432421
0.00438593
0.00444412
0.00449864
0.00454949
0.00459673
0.00464055
0.00468117
0.00471881
0.00475356
0.00478546
0.00481447
0.0048406
0.00486392
0.0048846
0.00490288
0.00491899
0.00493314
0.00494548
0.0049561
0.00496506
0.00497244
0.00497832
0.0049828
0.00498599
0.004988
0.00498896
0.00498892
0.00498795
0.0049861
0.00498339
0.00497984
0.00497549
0.00497038
0.00496453
0.004958
0.00495084
0.00494307
0.00493475
0.0049259
0.00491657
0.00490678
0.00489656
0.00488594
0.00487495
0.0048636
0.00485194
0.00483996
0.00482769
0.00481514
0.00480231
0.0047892
0.00477581
0.00476214
0.00474818
0.00473393
0.0047194
0.00470461
0.00468955
0.00467428
0.00465881
0.0046432
0.00462749
0.00461173
0.00459598
0.00458028
0.00456467
0.0045492
0.00453387
0.00451872
0.00450371
0.00448895
0.00447425
0.00446073
0.00445174
3.05087e-06
1.36256e-05
3.77923e-05
7.83355e-05
0.000135263
0.000205672
0.000284382
0.000366281
0.000447697
0.000526953
0.000604095
0.000679789
0.000754734
0.000829454
0.000904285
0.000979145
0.00105408
0.00112947
0.00120547
0.00128216
0.00135963
0.00143794
0.00151711
0.00159712
0.00167797
0.00175966
0.00184217
0.00192544
0.0020094
0.00209397
0.00217908
0.0022647
0.00235085
0.00243758
0.00252496
0.00261306
0.00270193
0.0027916
0.00288203
0.00297312
0.00306471
0.00315662
0.00324858
0.00334031
0.00343152
0.00352189
0.0036111
0.00369883
0.00378474
0.00386849
0.00394976
0.0040283
0.00410389
0.00417639
0.0042457
0.00431171
0.0043743
0.00443335
0.00448874
0.00454043
0.00458848
0.00463305
0.00467434
0.00471255
0.0047478
0.00478014
0.00480958
0.00483613
0.00485987
0.00488096
0.0048996
0.00491602
0.00493043
0.00494298
0.00495378
0.0049629
0.00497042
0.00497642
0.004981
0.00498427
0.00498634
0.00498732
0.00498729
0.0049863
0.00498442
0.00498167
0.00497808
0.00497369
0.00496854
0.00496265
0.00495609
0.00494888
0.00494108
0.00493272
0.00492384
0.00491447
0.00490464
0.00489439
0.00488373
0.00487271
0.00486134
0.00484964
0.00483764
0.00482535
0.00481278
0.00479993
0.00478681
0.00477342
0.00475976
0.00474581
0.00473159
0.0047171
0.00470234
0.00468733
0.00467209
0.00465667
0.00464109
0.00462541
0.00460966
0.00459391
0.00457819
0.00456255
0.00454702
0.00453162
0.00451638
0.00450127
0.0044864
0.0044716
0.004458
0.00444891
2.12468e-07
4.16894e-07
1.55763e-06
5.39269e-06
1.52824e-05
3.57586e-05
7.07746e-05
0.000121943
0.00018809
0.000265792
0.000350753
0.000439217
0.000528711
0.000617986
0.000706594
0.000794466
0.000881554
0.000967909
0.00105378
0.00113941
0.00122502
0.00131076
0.00139663
0.00148255
0.00156882
0.00165555
0.00174276
0.00183043
0.0019185
0.00200686
0.00209547
0.00218435
0.00227357
0.00236318
0.00245326
0.00254389
0.0026351
0.00272693
0.00281935
0.00291231
0.00300568
0.00309927
0.00319286
0.00328621
0.00337903
0.00347106
0.00356197
0.00365147
0.00373922
0.00382489
0.00390815
0.00398874
0.00406641
0.00414101
0.00421239
0.00428044
0.00434504
0.00440605
0.00446337
0.00451695
0.00456682
0.00461309
0.00465596
0.0046956
0.00473215
0.00476568
0.00479624
0.00482386
0.00484862
0.00487066
0.00489017
0.00490739
0.00492249
0.00493566
0.00494701
0.00495662
0.00496459
0.004971
0.00497595
0.00497954
0.00498189
0.0049831
0.00498325
0.00498242
0.00498066
0.00497802
0.00497452
0.0049702
0.00496512
0.00495929
0.00495277
0.00494561
0.00493784
0.00492951
0.00492065
0.00491129
0.00490148
0.00489123
0.00488059
0.00486957
0.0048582
0.0048465
0.0048345
0.00482221
0.00480964
0.0047968
0.00478369
0.00477032
0.00475668
0.00474276
0.00472858
0.00471413
0.00469943
0.00468448
0.0046693
0.00465394
0.00463841
0.00462277
0.00460705
0.0045913
0.00457557
0.0045599
0.00454432
0.00452885
0.00451353
0.00449832
0.00448335
0.00446843
0.00445475
0.00444556
3.28708e-07
3.02205e-07
2.55542e-07
2.65149e-07
5.05319e-07
1.44198e-06
4.35338e-06
1.18237e-05
2.77055e-05
5.61535e-05
0.000100059
0.000159919
0.00023381
0.000318285
0.000409592
0.00050472
0.000601689
0.000699303
0.000796939
0.000894309
0.000991309
0.00108794
0.00118427
0.00128029
0.00137594
0.00147134
0.00156657
0.00166171
0.00175677
0.00185148
0.00194604
0.00204058
0.00213518
0.00222993
0.0023249
0.00242008
0.00251555
0.00261139
0.00270761
0.0028042
0.00290101
0.00299791
0.00309469
0.00319116
0.00328709
0.0033822
0.00347624
0.00356889
0.00365984
0.00374879
0.0038354
0.00391938
0.00400048
0.00407851
0.0041533
0.00422471
0.00429261
0.00435687
0.00441738
0.00447407
0.00452694
0.00457608
0.00462163
0.00466378
0.00470265
0.00473834
0.00477093
0.00480046
0.00482702
0.00485075
0.00487184
0.00489049
0.0049069
0.00492124
0.00493365
0.00494424
0.0049531
0.00496032
0.00496602
0.00497028
0.00497324
0.00497498
0.0049756
0.00497518
0.00497378
0.00497145
0.00496823
0.00496417
0.00495931
0.0049537
0.00494737
0.00494037
0.00493275
0.00492455
0.0049158
0.00490655
0.00489683
0.00488667
0.0048761
0.00486514
0.00485383
0.00484218
0.00483023
0.00481798
0.00480545
0.00479265
0.00477958
0.00476625
0.00475266
0.00473881
0.00472469
0.00471031
0.00469568
0.00468081
0.00466572
0.00465043
0.00463498
0.00461939
0.00460372
0.004588
0.00457228
0.00455659
0.00454097
0.00452545
0.00451005
0.00449475
0.00447968
0.00446465
0.0044509
0.0044416
3.31543e-07
3.23205e-07
3.14927e-07
3.04925e-07
2.8869e-07
2.62671e-07
2.61918e-07
4.00627e-07
9.61395e-07
2.73808e-06
7.53882e-06
1.849e-05
3.96512e-05
7.48067e-05
0.000126042
0.000193071
0.000273611
0.000364332
0.000461871
0.000563539
0.000667537
0.000772778
0.00087865
0.000984779
0.00109081
0.00119655
0.00130189
0.0014068
0.00151127
0.00161533
0.00171887
0.00182191
0.00192457
0.00202698
0.00212924
0.00223117
0.00233307
0.00243506
0.00253719
0.00263944
0.00274165
0.00284368
0.00294543
0.00304676
0.00314748
0.00324733
0.00334605
0.0034434
0.0035391
0.00363282
0.00372426
0.00381312
0.00389913
0.00398206
0.00406173
0.00413797
0.00421064
0.00427959
0.00434471
0.0044059
0.00446315
0.00451651
0.00456608
0.00461202
0.00465445
0.00469349
0.00472923
0.00476173
0.00479111
0.00481748
0.00484104
0.00486197
0.00488048
0.00489674
0.00491091
0.00492312
0.00493347
0.00494207
0.00494903
0.00495446
0.00495846
0.00496116
0.00496264
0.00496299
0.00496228
0.00496058
0.00495794
0.0049544
0.00495001
0.00494482
0.00493888
0.00493224
0.00492495
0.00491704
0.00490856
0.00489955
0.00489004
0.00488007
0.00486968
0.00485888
0.00484771
0.0048362
0.00482436
0.00481222
0.00479979
0.00478709
0.00477412
0.00476088
0.00474738
0.00473363
0.00471961
0.00470534
0.00469083
0.00467607
0.00466109
0.00464591
0.00463055
0.00461506
0.00459946
0.0045838
0.00456811
0.00455243
0.0045368
0.00452124
0.00450578
0.0044904
0.00447525
0.00446013
0.00444631
0.00443691
3.30933e-07
3.22675e-07
3.15368e-07
3.0887e-07
3.03012e-07
2.97453e-07
2.9136e-07
2.82639e-07
2.67566e-07
2.54278e-07
3.02955e-07
5.68208e-07
1.47122e-06
4.10008e-06
1.06654e-05
2.46229e-05
5.00789e-05
9.05293e-05
0.000147604
0.000220616
0.000307076
0.000403675
0.000507238
0.000615303
0.000726165
0.000838691
0.000952115
0.0010659
0.00117968
0.0012933
0.00140656
0.00151934
0.00163162
0.00174344
0.00185487
0.00196604
0.00207687
0.00218743
0.00229777
0.0024079
0.00251758
0.00262675
0.00273549
0.00284366
0.00295111
0.00305751
0.00316268
0.00326645
0.00336858
0.00346876
0.00356666
0.00366201
0.00375454
0.00384399
0.00393014
0.00401281
0.00409185
0.00416708
0.00423839
0.00430566
0.00436884
0.00442795
0.00448306
0.00453427
0.00458173
0.00462552
0.00466576
0.00470254
0.00473596
0.00476616
0.0047933
0.00481758
0.0048392
0.00485835
0.00487518
0.00488985
0.00490248
0.0049132
0.00492212
0.00492935
0.00493502
0.00493924
0.00494212
0.00494374
0.00494419
0.00494355
0.00494188
0.00493923
0.00493566
0.00493122
0.00492597
0.00491996
0.00491324
0.00490585
0.00489785
0.00488928
0.00488018
0.00487058
0.00486051
0.00485002
0.00483913
0.00482787
0.00481627
0.00480434
0.00479211
0.00477959
0.00476679
0.00475372
0.00474039
0.0047268
0.00471294
0.00469884
0.00468448
0.00466988
0.00465506
0.00464004
0.00462483
0.00460946
0.00459398
0.00457841
0.0045628
0.00454716
0.00453155
0.00451598
0.0045005
0.00448507
0.00446986
0.00445466
0.00444081
0.00443133
3.30655e-07
3.2233e-07
3.15032e-07
3.08582e-07
3.02858e-07
2.97747e-07
2.9315e-07
2.88968e-07
2.85059e-07
2.81095e-07
2.76241e-07
2.68492e-07
2.56337e-07
2.58042e-07
3.50132e-07
7.28252e-07
1.93072e-06
5.25848e-06
1.31878e-05
2.93866e-05
5.80089e-05
0.000102406
0.000163958
0.000241776
0.000333292
0.000435223
0.000544433
0.000658434
0.000775485
0.000894474
0.00101463
0.00113539
0.00125636
0.00137731
0.00149811
0.0016188
0.00173926
0.00185944
0.00197931
0.00209883
0.002218
0.00233664
0.00245459
0.00257175
0.00268799
0.00280285
0.00291639
0.0030285
0.00313898
0.00324744
0.00335358
0.00345718
0.00355799
0.00365572
0.0037501
0.00384094
0.00392808
0.00401133
0.00409055
0.00416561
0.00423643
0.004303
0.00436533
0.00442351
0.00447763
0.0045278
0.00457412
0.00461669
0.00465563
0.00469106
0.00472315
0.00475209
0.00477807
0.00480128
0.00482191
0.00484012
0.00485604
0.00486982
0.0048816
0.00489148
0.00489961
0.0049061
0.00491108
0.00491463
0.00491687
0.00491787
0.00491771
0.00491645
0.00491417
0.00491092
0.00490677
0.00490177
0.00489598
0.00488946
0.00488225
0.0048744
0.00486596
0.00485697
0.00484747
0.0048375
0.00482708
0.00481626
0.00480506
0.0047935
0.00478161
0.0047694
0.0047569
0.00474411
0.00473105
0.00471771
0.00470411
0.00469024
0.00467613
0.00466177
0.00464717
0.00463237
0.00461736
0.00460219
0.00458688
0.00457147
0.00455598
0.00454044
0.0045249
0.00450938
0.00449391
0.00447848
0.00446325
0.00444802
0.00443417
0.00442463
3.30524e-07
3.22169e-07
3.14879e-07
3.08448e-07
3.02734e-07
2.97624e-07
2.93027e-07
2.88868e-07
2.85088e-07
2.81633e-07
2.78455e-07
2.75494e-07
2.72637e-07
2.69596e-07
2.65622e-07
2.59079e-07
2.50505e-07
2.6384e-07
3.84865e-07
8.38148e-07
2.23465e-06
5.99419e-06
1.4727e-05
3.22021e-05
6.26227e-05
0.000109359
0.000173802
0.000255051
0.000350492
0.000456821
0.000570909
0.000690269
0.00081315
0.000938388
0.0010652
0.00119307
0.00132159
0.00145047
0.00157948
0.00170846
0.0018373
0.00196581
0.00209377
0.00222099
0.00234734
0.00247271
0.00259677
0.00271931
0.00284015
0.00295879
0.00307503
0.00318881
0.00329986
0.00340775
0.00351221
0.0036131
0.00371024
0.00380338
0.00389237
0.00397707
0.0040574
0.00413327
0.00420468
0.00427166
0.00433429
0.00439265
0.00444683
0.00449693
0.00454308
0.00458539
0.00462402
0.00465916
0.00469099
0.00471971
0.00474551
0.00476856
0.00478903
0.00480706
0.00482281
0.00483641
0.00484801
0.00485773
0.00486571
0.00487205
0.00487688
0.00488028
0.00488234
0.00488315
0.00488279
0.00488132
0.00487882
0.00487535
0.00487098
0.00486577
0.00485977
0.00485305
0.00484565
0.00483762
0.004829
0.00481984
0.00481018
0.00480005
0.00478949
0.00477853
0.00476719
0.0047555
0.00474347
0.00473113
0.00471848
0.00470554
0.00469232
0.00467883
0.00466506
0.00465104
0.00463678
0.00462228
0.00460758
0.00459268
0.00457763
0.00456245
0.00454716
0.0045318
0.0045164
0.00450099
0.00448561
0.00447024
0.00445505
0.00443983
0.00442605
0.0044165
3.30457e-07
3.22087e-07
3.14806e-07
3.08393e-07
3.02693e-07
2.97589e-07
2.92989e-07
2.8882e-07
2.85022e-07
2.81545e-07
2.7835e-07
2.75401e-07
2.72671e-07
2.70131e-07
2.67757e-07
2.65509e-07
2.63301e-07
2.60897e-07
2.57686e-07
2.52456e-07
2.46809e-07
2.65857e-07
3.96811e-07
8.70986e-07
2.31082e-06
6.14288e-06
1.49737e-05
3.2576e-05
6.32107e-05
0.000110411
0.000175834
0.000258848
0.000357019
0.000467072
0.000585785
0.000710556
0.000839542
0.000971504
0.00110557
0.00124109
0.00137753
0.00151448
0.00165157
0.00178847
0.00192492
0.00206074
0.0021956
0.00232923
0.00246137
0.00259186
0.00272031
0.00284635
0.00296966
0.00308963
0.00320612
0.00331908
0.00342828
0.00353331
0.00363404
0.00373038
0.00382222
0.00390939
0.00399187
0.00406965
0.00414279
0.00421132
0.00427533
0.0043349
0.00439016
0.00444121
0.00448821
0.00453133
0.00457075
0.00460665
0.00463924
0.0046687
0.00469521
0.00471893
0.00474003
0.00475866
0.00477497
0.00478911
0.00480122
0.00481143
0.00481986
0.00482663
0.00483183
0.00483557
0.00483794
0.00483902
0.0048389
0.00483764
0.00483533
0.00483204
0.00482783
0.00482276
0.0048169
0.0048103
0.00480301
0.00479508
0.00478656
0.00477749
0.00476791
0.00475785
0.00474736
0.00473645
0.00472515
0.0047135
0.00470149
0.00468916
0.00467651
0.00466355
0.00465031
0.00463678
0.00462299
0.00460894
0.00459467
0.00458018
0.0045655
0.00455066
0.00453568
0.0045206
0.00450545
0.00449025
0.00447504
0.00445981
0.00444475
0.00442964
0.004416
0.00440649
3.30421e-07
3.22044e-07
3.1477e-07
3.08371e-07
3.02686e-07
2.97592e-07
2.92997e-07
2.88826e-07
2.85019e-07
2.81528e-07
2.78313e-07
2.75341e-07
2.72583e-07
2.70016e-07
2.6762e-07
2.65377e-07
2.63272e-07
2.61291e-07
2.59418e-07
2.57627e-07
2.55855e-07
2.53927e-07
2.514e-07
2.47422e-07
2.4359e-07
2.61897e-07
3.81978e-07
8.16915e-07
2.13792e-06
5.66659e-06
1.3866e-05
3.04138e-05
5.96659e-05
0.000105532
0.000170235
0.000253674
0.000353715
0.000467109
0.000590462
0.000720889
0.000856265
0.000995137
0.00113647
0.00127945
0.00142339
0.00156776
0.00171209
0.00185597
0.00199903
0.00214098
0.00228146
0.00242002
0.00255629
0.00269001
0.00282068
0.00294787
0.00307128
0.00319017
0.0033047
0.00341484
0.00352038
0.00362096
0.00371661
0.00380735
0.00389315
0.003974
0.00404996
0.00412112
0.00418759
0.00424945
0.00430685
0.00435994
0.0044089
0.00445392
0.00449517
0.00453285
0.00456715
0.00459826
0.00462633
0.00465155
0.00467408
0.00469408
0.0047117
0.00472709
0.00474039
0.00475172
0.0047612
0.00476896
0.00477509
0.00477969
0.00478287
0.0047847
0.00478528
0.00478469
0.00478301
0.0047803
0.00477664
0.00477209
0.00476671
0.00476057
0.00475371
0.00474619
0.00473805
0.00472934
0.00472009
0.00471035
0.00470014
0.0046895
0.00467845
0.00466701
0.0046552
0.00464304
0.00463055
0.00461773
0.00460462
0.00459122
0.00457755
0.00456363
0.00454949
0.00453516
0.00452065
0.00450599
0.00449122
0.00447636
0.00446146
0.00444651
0.00443169
0.00441679
0.0044034
0.00439402
3.304e-07
3.2202e-07
3.14751e-07
3.08364e-07
3.02691e-07
2.9761e-07
2.93023e-07
2.88855e-07
2.85047e-07
2.81551e-07
2.78326e-07
2.75339e-07
2.72563e-07
2.69974e-07
2.67554e-07
2.65284e-07
2.6315e-07
2.61139e-07
2.59241e-07
2.57446e-07
2.55744e-07
2.54128e-07
2.52587e-07
2.51107e-07
2.49644e-07
2.48085e-07
2.4613e-07
2.43195e-07
2.40205e-07
2.53113e-07
3.4645e-07
6.96364e-07
1.77806e-06
4.73119e-06
1.17825e-05
2.64425e-05
5.31516e-05
9.62763e-05
0.000158792
0.000241341
0.000342227
0.000458237
0.000585722
0.000721414
0.000862792
0.0010081
0.00115612
0.00130589
0.0014566
0.0016076
0.00175828
0.0019081
0.00205654
0.0022032
0.00234756
0.00248908
0.00262732
0.00276208
0.00289273
0.00301895
0.00314042
0.00325649
0.00336754
0.00347354
0.00357434
0.00366977
0.00375995
0.00384499
0.00392494
0.00399986
0.00406987
0.00413514
0.00419582
0.00425207
0.00430408
0.00435205
0.00439615
0.00443658
0.00447352
0.00450716
0.00453767
0.00456523
0.00459
0.00461215
0.00463182
0.00464917
0.00466432
0.00467742
0.00468858
0.00469792
0.00470554
0.00471156
0.00471608
0.00471918
0.00472096
0.00472151
0.0047209
0.00471921
0.00471651
0.00471288
0.00470837
0.00470304
0.00469695
0.00469016
0.00468271
0.00467464
0.004666
0.00465683
0.00464715
0.00463701
0.00462641
0.0046154
0.00460399
0.0045922
0.00458005
0.00456756
0.00455476
0.00454166
0.00452829
0.00451467
0.00450084
0.00448681
0.00447261
0.00445828
0.00444386
0.00442934
0.00441493
0.0044004
0.00438741
0.00437827
3.30388e-07
3.22006e-07
3.14741e-07
3.08362e-07
3.02701e-07
2.9763e-07
2.93053e-07
2.88892e-07
2.85088e-07
2.81591e-07
2.78362e-07
2.75369e-07
2.72582e-07
2.69981e-07
2.67544e-07
2.65256e-07
2.63101e-07
2.61067e-07
2.59143e-07
2.57321e-07
2.5559e-07
2.53945e-07
2.52378e-07
2.50884e-07
2.49458e-07
2.48093e-07
2.46786e-07
2.45525e-07
2.44287e-07
2.43001e-07
2.4149e-07
2.39378e-07
2.36921e-07
2.43456e-07
3.05151e-07
5.56288e-07
1.36295e-06
3.64795e-06
9.33305e-06
2.16581e-05
4.50316e-05
8.42029e-05
0.000142939
0.000222821
0.000322842
0.000440015
0.000570491
0.000710564
0.000857236
0.00100834
0.00116238
0.00131821
0.00147483
0.00163142
0.00178719
0.00194141
0.00209345
0.00224287
0.00238904
0.00253143
0.00266965
0.00280353
0.00293245
0.00305616
0.00317429
0.00328657
0.00339337
0.00349477
0.00359066
0.00368101
0.00376602
0.00384585
0.00392063
0.00399046
0.00405553
0.00411604
0.00417218
0.00422413
0.00427208
0.00431622
0.00435674
0.00439382
0.00442765
0.00445839
0.00448622
0.0045113
0.00453377
0.0045538
0.00457151
0.00458704
0.00460052
0.00461207
0.0046218
0.00462982
0.00463624
0.00464116
0.00464467
0.00464686
0.00464781
0.0046476
0.00464631
0.00464402
0.00464077
0.00463665
0.0046317
0.00462599
0.00461956
0.00461245
0.00460472
0.0045964
0.00458753
0.00457814
0.00456825
0.0045579
0.00454711
0.00453592
0.00452433
0.00451238
0.0045001
0.0044875
0.00447462
0.00446149
0.00444813
0.00443458
0.00442088
0.00440702
0.00439324
0.00437928
0.00436689
0.00435816
3.3038e-07
3.21998e-07
3.14736e-07
3.08364e-07
3.02711e-07
2.9765e-07
2.93081e-07
2.88928e-07
2.85129e-07
2.81636e-07
2.78408e-07
2.75413e-07
2.72622e-07
2.70014e-07
2.67568e-07
2.65268e-07
2.63099e-07
2.61049e-07
2.59108e-07
2.57266e-07
2.55514e-07
2.53846e-07
2.52255e-07
2.50735e-07
2.49281e-07
2.47889e-07
2.46555e-07
2.45274e-07
2.44044e-07
2.42862e-07
2.41723e-07
2.40622e-07
2.39547e-07
2.38462e-07
2.37272e-07
2.35779e-07
2.3396e-07
2.362e-07
2.71093e-07
4.33932e-07
9.88493e-07
2.63192e-06
6.9236e-06
1.66989e-05
3.61388e-05
7.01981e-05
0.000123398
0.000198441
0.000295365
0.00041174
0.000543674
0.000686988
0.000838043
0.000994087
0.00115317
0.00131386
0.00147497
0.00163553
0.00179457
0.00195128
0.00210498
0.00225523
0.00240138
0.00254295
0.00267968
0.00281132
0.0029374
0.00305777
0.00317207
0.00328027
0.00338281
0.00347981
0.00357123
0.00365713
0.00373774
0.00381328
0.00388392
0.00394981
0.00401112
0.00406808
0.00412088
0.00416972
0.00421477
0.00425621
0.00429425
0.00432904
0.00436076
0.00438957
0.00441563
0.00443908
0.00446008
0.00447876
0.00449524
0.00450967
0.00452215
0.0045328
0.00454173
0.00454905
0.00455484
0.00455921
0.00456224
0.00456402
0.00456462
0.00456412
0.00456258
0.00456008
0.00455668
0.00455243
0.00454738
0.00454159
0.0045351
0.00452796
0.0045202
0.00451185
0.00450296
0.00449355
0.00448365
0.00447331
0.00446253
0.00445136
0.00443983
0.00442796
0.00441579
0.00440335
0.00439069
0.00437781
0.00436494
0.00435184
0.00434031
0.00433219
3.30376e-07
3.21993e-07
3.14733e-07
3.08366e-07
3.0272e-07
2.97667e-07
2.93106e-07
2.8896e-07
2.85168e-07
2.8168e-07
2.78455e-07
2.75461e-07
2.7267e-07
2.70059e-07
2.67608e-07
2.65302e-07
2.63125e-07
2.61066e-07
2.59113e-07
2.57257e-07
2.55491e-07
2.53807e-07
2.52198e-07
2.5066e-07
2.49186e-07
2.47772e-07
2.46415e-07
2.4511e-07
2.43855e-07
2.42647e-07
2.41482e-07
2.40358e-07
2.39273e-07
2.38226e-07
2.37213e-07
2.36232e-07
2.35278e-07
2.34335e-07
2.33362e-07
2.32277e-07
2.31049e-07
2.31372e-07
2.47976e-07
3.41828e-07
6.89931e-07
1.77651e-06
4.7714e-06
1.19944e-05
2.71915e-05
5.52761e-05
0.000101363
0.000169331
0.000260562
0.000373573
0.000504708
0.000649382
0.00080321
0.00096267
0.00112521
0.00128903
0.00145278
0.00161539
0.00177583
0.00193324
0.00208695
0.00223647
0.00238122
0.00252082
0.00265513
0.0027839
0.00290678
0.00302371
0.00313437
0.00323886
0.00333766
0.00343094
0.00351875
0.00360115
0.00367838
0.0037507
0.00381832
0.00388137
0.00394005
0.00399455
0.0040451
0.00409186
0.00413502
0.00417474
0.00421121
0.0042446
0.00427506
0.00430274
0.00432779
0.00435037
0.00437059
0.0043886
0.00440452
0.00441847
0.00443056
0.00444089
0.00444958
0.00445671
0.00446238
0.00446668
0.00446969
0.00447149
0.00447215
0.00447174
0.00447032
0.00446796
0.00446471
0.00446063
0.00445576
0.00445015
0.00444385
0.00443689
0.00442932
0.00442117
0.00441247
0.00440327
0.00439359
0.00438348
0.00437296
0.00436208
0.00435089
0.00433939
0.00432782
0.00431596
0.00430562
0.00429839
3.30373e-07
3.2199e-07
3.14732e-07
3.08368e-07
3.02728e-07
2.97681e-07
2.93127e-07
2.88988e-07
2.85202e-07
2.81719e-07
2.78498e-07
2.75507e-07
2.72718e-07
2.70107e-07
2.67656e-07
2.65347e-07
2.63166e-07
2.61101e-07
2.59141e-07
2.57277e-07
2.55502e-07
2.53807e-07
2.52186e-07
2.50634e-07
2.49146e-07
2.47717e-07
2.46343e-07
2.45021e-07
2.43747e-07
2.42519e-07
2.41333e-07
2.40188e-07
2.3908e-07
2.38009e-07
2.36972e-07
2.35968e-07
2.34994e-07
2.34051e-07
2.33136e-07
2.32248e-07
2.31384e-07
2.3054e-07
2.29702e-07
2.28845e-07
2.27985e-07
2.2773e-07
2.34202e-07
2.80526e-07
4.76139e-07
1.1289e-06
3.04015e-06
7.96101e-06
1.90171e-05
4.0761e-05
7.85495e-05
0.000137248
0.000219718
0.000325861
0.000452756
0.000595742
0.000749767
0.000910436
0.00107443
0.00123946
0.00140397
0.00156681
0.001727
0.00188365
0.00203614
0.00218394
0.00232656
0.00246369
0.00259532
0.00272124
0.00284117
0.00295509
0.00306282
0.00316433
0.00326019
0.00335066
0.00343588
0.00351581
0.00359071
0.00366086
0.00372647
0.00378773
0.00384478
0.00389781
0.00394703
0.00399262
0.00403476
0.0040736
0.00410932
0.00414206
0.004172
0.00419927
0.00422401
0.00424636
0.00426646
0.00428441
0.00430035
0.00431438
0.00432661
0.00433714
0.00434607
0.00435348
0.00435947
0.00436412
0.0043675
0.00436969
0.00437075
0.00437076
0.00436977
0.00436783
0.00436502
0.00436136
0.00435692
0.00435174
0.00434586
0.00433932
0.00433218
0.00432446
0.00431621
0.00430747
0.0042983
0.00428872
0.00427896
0.00426882
0.00426013
0.00425417
3.30371e-07
3.21988e-07
3.14731e-07
3.0837e-07
3.02734e-07
2.97692e-07
2.93143e-07
2.8901e-07
2.85229e-07
2.81752e-07
2.78536e-07
2.75549e-07
2.72762e-07
2.70154e-07
2.67703e-07
2.65394e-07
2.63211e-07
2.61144e-07
2.59181e-07
2.57313e-07
2.55531e-07
2.5383e-07
2.52201e-07
2.50641e-07
2.49143e-07
2.47703e-07
2.46318e-07
2.44983e-07
2.43696e-07
2.42453e-07
2.41252e-07
2.40091e-07
2.38966e-07
2.37877e-07
2.36822e-07
2.35798e-07
2.34804e-07
2.33839e-07
2.32901e-07
2.3199e-07
2.31104e-07
2.30242e-07
2.29404e-07
2.28588e-07
2.27793e-07
2.27019e-07
2.26261e-07
2.2552e-07
2.24832e-07
2.24468e-07
2.26598e-07
2.45674e-07
3.41673e-07
6.94446e-07
1.79857e-06
4.84754e-06
1.2213e-05
2.77482e-05
5.65617e-05
0.000104061
0.000174462
0.000269394
0.000387344
0.000524235
0.000674757
0.00083372
0.000996897
0.00116128
0.00132491
0.00148656
0.00164524
0.00180015
0.00195072
0.00209642
0.00223678
0.00237153
0.00250068
0.00262419
0.00274177
0.00285342
0.00295917
0.00305861
0.00315248
0.00324109
0.00332462
0.00340312
0.00347673
0.00354568
0.00361024
0.0036706
0.00372692
0.00377935
0.00382808
0.00387331
0.0039152
0.00395391
0.0039896
0.00402241
0.0040525
0.00408001
0.00410507
0.0041278
0.00414834
0.00416679
0.00418327
0.00419788
0.00421072
0.0042219
0.00423149
0.0042396
0.00424629
0.00425165
0.00425575
0.00425866
0.00426044
0.00426116
0.00426088
0.00425965
0.00425752
0.00425456
0.0042508
0.0042463
0.0042411
0.00423526
0.00422884
0.00422187
0.00421458
0.0042068
0.00420032
0.00419611
3.3037e-07
3.21987e-07
3.14731e-07
3.08372e-07
3.02739e-07
2.977e-07
2.93156e-07
2.89027e-07
2.85252e-07
2.81779e-07
2.78567e-07
2.75584e-07
2.72801e-07
2.70195e-07
2.67747e-07
2.65439e-07
2.63257e-07
2.61189e-07
2.59225e-07
2.57355e-07
2.5557e-07
2.53865e-07
2.52232e-07
2.50666e-07
2.49162e-07
2.47716e-07
2.46322e-07
2.44979e-07
2.43683e-07
2.4243e-07
2.41218e-07
2.40045e-07
2.38909e-07
2.37807e-07
2.36737e-07
2.35699e-07
2.34689e-07
2.33708e-07
2.32754e-07
2.31825e-07
2.3092e-07
2.30039e-07
2.29181e-07
2.28343e-07
2.27527e-07
2.2673e-07
2.25952e-07
2.25192e-07
2.24451e-07
2.23727e-07
2.23021e-07
2.2234e-07
2.21714e-07
2.21307e-07
2.21933e-07
2.28684e-07
2.68335e-07
4.35316e-07
1.00106e-06
2.67869e-06
7.0548e-06
1.70262e-05
3.69301e-05
7.20573e-05
0.000127488
0.0002066
0.000309916
0.000434902
0.000576831
0.000730164
0.000889781
0.00105169
0.00121321
0.0013727
0.00152913
0.00168177
0.00183011
0.0019737
0.00211207
0.00224487
0.00237204
0.00249381
0.00260982
0.00272004
0.00282457
0.00292313
0.00301601
0.0031037
0.00318645
0.00326445
0.00333768
0.00340636
0.00347072
0.003531
0.00358738
0.00364001
0.00368904
0.00373465
0.00377701
0.00381628
0.00385261
0.00388614
0.00391701
0.00394534
0.00397128
0.00399494
0.00401643
0.00403588
0.00405337
0.00406901
0.0040829
0.00409513
0.00410579
0.00411495
0.0041227
0.00412911
0.00413424
0.00413818
0.00414098
0.0041427
0.00414342
0.00414317
0.00414203
0.00414004
0.00413729
0.0041338
0.00412982
0.00412519
0.00412167
0.00411984
3.3037e-07
3.21986e-07
3.14731e-07
3.08374e-07
3.02742e-07
2.97707e-07
2.93166e-07
2.89041e-07
2.85269e-07
2.818e-07
2.78593e-07
2.75614e-07
2.72834e-07
2.70231e-07
2.67785e-07
2.65479e-07
2.63299e-07
2.61232e-07
2.59268e-07
2.57398e-07
2.55613e-07
2.53906e-07
2.5227e-07
2.50701e-07
2.49194e-07
2.47743e-07
2.46345e-07
2.44997e-07
2.43694e-07
2.42435e-07
2.41216e-07
2.40035e-07
2.38889e-07
2.37778e-07
2.36699e-07
2.3565e-07
2.34629e-07
2.33637e-07
2.3267e-07
2.31728e-07
2.30809e-07
2.29914e-07
2.2904e-07
2.28187e-07
2.27354e-07
2.2654e-07
2.25744e-07
2.24966e-07
2.24205e-07
2.2346e-07
2.22731e-07
2.22017e-07
2.21317e-07
2.20632e-07
2.19963e-07
2.19316e-07
2.1871e-07
2.18243e-07
2.18291e-07
2.20556e-07
2.34209e-07
2.99899e-07
5.47919e-07
1.34026e-06
3.57403e-06
9.10706e-06
2.11098e-05
4.40432e-05
8.30324e-05
0.000142678
0.000225691
0.000331962
0.000458549
0.000600584
0.000752571
0.000909519
0.00106762
0.00122437
0.00137828
0.0015285
0.00167454
0.00181616
0.00195289
0.00208435
0.00221034
0.00233102
0.00244624
0.00255588
0.00266001
0.00275875
0.00285165
0.00293933
0.00302217
0.00310037
0.00317411
0.00324338
0.0033084
0.00336939
0.00342657
0.00348012
0.00353017
0.00357687
0.00362038
0.00366084
0.00369843
0.00373326
0.00376548
0.0037952
0.00382254
0.00384761
0.00387054
0.00389143
0.00391038
0.00392747
0.00394281
0.00395647
0.00396855
0.00397913
0.00398827
0.00399606
0.00400256
0.00400784
0.00401197
0.00401502
0.00401707
0.00401817
0.00401855
0.00401809
0.00401844
0.00401978
3.30369e-07
3.21986e-07
3.14731e-07
3.08375e-07
3.02745e-07
2.97712e-07
2.93174e-07
2.89052e-07
2.85283e-07
2.81817e-07
2.78613e-07
2.75637e-07
2.72861e-07
2.70261e-07
2.67818e-07
2.65514e-07
2.63336e-07
2.61271e-07
2.59308e-07
2.57439e-07
2.55654e-07
2.53946e-07
2.5231e-07
2.5074e-07
2.49231e-07
2.47778e-07
2.46378e-07
2.45026e-07
2.43719e-07
2.42456e-07
2.41232e-07
2.40046e-07
2.38895e-07
2.37777e-07
2.36691e-07
2.35635e-07
2.34607e-07
2.33606e-07
2.3263e-07
2.31679e-07
2.3075e-07
2.29844e-07
2.28959e-07
2.28095e-07
2.27249e-07
2.26423e-07
2.25614e-07
2.24822e-07
2.24047e-07
2.23288e-07
2.22543e-07
2.21813e-07
2.21098e-07
2.20395e-07
2.19706e-07
2.19029e-07
2.18364e-07
2.17711e-07
2.17071e-07
2.16447e-07
2.15851e-07
2.1533e-07
2.15066e-07
2.15715e-07
2.19984e-07
2.40657e-07
3.28121e-07
6.35095e-07
1.57073e-06
4.09908e-06
1.01209e-05
2.27501e-05
4.62306e-05
8.53236e-05
0.000144234
0.000225415
0.000328753
0.000451539
0.000589211
0.000736502
0.00088852
0.00104146
0.00119272
0.00134078
0.00148486
0.00162468
0.00176001
0.00189055
0.00201601
0.00213625
0.00225151
0.00236144
0.002466
0.00256531
0.00265951
0.00274817
0.00283196
0.00291118
0.00298605
0.00305672
0.00312322
0.00318572
0.00324443
0.00329955
0.00335127
0.00339971
0.00344501
0.00348729
0.0035267
0.00356339
0.00359747
0.00362908
0.00365832
0.00368529
0.00371011
0.00373288
0.00375368
0.00377263
0.0037898
0.00380528
0.00381915
0.0038315
0.00384239
0.00385191
0.00386015
0.00386716
0.00387319
0.00387813
0.00388348
0.003889
3.30369e-07
3.21986e-07
3.14732e-07
3.08376e-07
3.02748e-07
2.97716e-07
2.9318e-07
2.8906e-07
2.85294e-07
2.81831e-07
2.7863e-07
2.75656e-07
2.72883e-07
2.70286e-07
2.67845e-07
2.65544e-07
2.63368e-07
2.61305e-07
2.59344e-07
2.57475e-07
2.55691e-07
2.53985e-07
2.52349e-07
2.50779e-07
2.49269e-07
2.47815e-07
2.46414e-07
2.4506e-07
2.43752e-07
2.42486e-07
2.41259e-07
2.4007e-07
2.38915e-07
2.37794e-07
2.36703e-07
2.35642e-07
2.34609e-07
2.33602e-07
2.3262e-07
2.31662e-07
2.30727e-07
2.29813e-07
2.28921e-07
2.28048e-07
2.27194e-07
2.26358e-07
2.25539e-07
2.24738e-07
2.23952e-07
2.23182e-07
2.22426e-07
2.21685e-07
2.20957e-07
2.20243e-07
2.19541e-07
2.18851e-07
2.18173e-07
2.17506e-07
2.1685e-07
2.16205e-07
2.15569e-07
2.14944e-07
2.14328e-07
2.13725e-07
2.13139e-07
2.1259e-07
2.12152e-07
2.12083e-07
2.13257e-07
2.18916e-07
2.42633e-07
3.34258e-07
6.40392e-07
1.5425e-06
3.91437e-06
9.44681e-06
2.08886e-05
4.2001e-05
7.70838e-05
0.000130106
0.000203685
0.000298296
0.000412048
0.000541129
0.000680722
0.000826041
0.000973049
0.0011188
0.00126146
0.00140008
0.00153442
0.00166429
0.00178953
0.00190999
0.00202556
0.0021365
0.00224238
0.00234313
0.00243889
0.00252979
0.00261551
0.00269656
0.0027733
0.00284593
0.0029146
0.0029794
0.0030404
0.00309779
0.00315177
0.00320251
0.00325017
0.00329485
0.00333667
0.00337575
0.00341221
0.00344618
0.00347777
0.00350709
0.00353425
0.00355932
0.00358242
0.00360362
0.00362302
0.0036407
0.00365678
0.00367131
0.00368452
0.00369634
0.00370809
0.003719
3.30369e-07
3.21986e-07
3.14732e-07
3.08377e-07
3.0275e-07
2.97719e-07
2.93184e-07
2.89066e-07
2.85302e-07
2.81841e-07
2.78642e-07
2.75671e-07
2.729e-07
2.70306e-07
2.67867e-07
2.65568e-07
2.63394e-07
2.61333e-07
2.59374e-07
2.57507e-07
2.55724e-07
2.54019e-07
2.52384e-07
2.50815e-07
2.49305e-07
2.47852e-07
2.4645e-07
2.45096e-07
2.43787e-07
2.42519e-07
2.41291e-07
2.401e-07
2.38944e-07
2.3782e-07
2.36727e-07
2.35662e-07
2.34626e-07
2.33615e-07
2.32629e-07
2.31667e-07
2.30727e-07
2.29809e-07
2.2891e-07
2.28032e-07
2.27172e-07
2.26329e-07
2.25504e-07
2.24695e-07
2.23902e-07
2.23124e-07
2.22361e-07
2.21611e-07
2.20875e-07
2.20151e-07
2.1944e-07
2.18741e-07
2.18054e-07
2.17377e-07
2.16711e-07
2.16056e-07
2.1541e-07
2.14774e-07
2.14147e-07
2.13529e-07
2.12919e-07
2.12318e-07
2.11726e-07
2.11142e-07
2.10569e-07
2.10014e-07
2.09502e-07
2.09117e-07
2.09137e-07
2.10445e-07
2.15957e-07
2.365e-07
3.1025e-07
5.49049e-07
1.24027e-06
3.04155e-06
7.24463e-06
1.6008e-05
3.24065e-05
6.01638e-05
0.000103044
0.00016403
0.000244548
0.000343999
0.000459827
0.000588079
0.000724272
0.000864157
0.00100426
0.00114212
0.00127629
0.00140623
0.0015317
0.00165264
0.00176903
0.00188089
0.00198847
0.00209142
0.00218958
0.00228299
0.00237176
0.00245577
0.00253517
0.00261041
0.00268175
0.00274936
0.00281336
0.00287378
0.00293072
0.00298437
0.00303489
0.00308244
0.00312716
0.00316916
0.00320853
0.00324538
0.0032798
0.00331191
0.00334183
0.00336964
0.00339546
0.00341937
0.00344157
0.00346203
0.0034818
0.00349962
3.30369e-07
3.21986e-07
3.14732e-07
3.08378e-07
3.02751e-07
2.97721e-07
2.93188e-07
2.89071e-07
2.85309e-07
2.81849e-07
2.78652e-07
2.75683e-07
2.72914e-07
2.70321e-07
2.67885e-07
2.65588e-07
2.63416e-07
2.61357e-07
2.59399e-07
2.57534e-07
2.55753e-07
2.54049e-07
2.52415e-07
2.50847e-07
2.49338e-07
2.47885e-07
2.46483e-07
2.4513e-07
2.43821e-07
2.42553e-07
2.41325e-07
2.40133e-07
2.38975e-07
2.3785e-07
2.36755e-07
2.3569e-07
2.34651e-07
2.33638e-07
2.3265e-07
2.31685e-07
2.30742e-07
2.2982e-07
2.28918e-07
2.28036e-07
2.27172e-07
2.26325e-07
2.25495e-07
2.24681e-07
2.23883e-07
2.23099e-07
2.2233e-07
2.21575e-07
2.20832e-07
2.20102e-07
2.19385e-07
2.18679e-07
2.17985e-07
2.17301e-07
2.16628e-07
2.15965e-07
2.15312e-07
2.14669e-07
2.14034e-07
2.13409e-07
2.12792e-07
2.12183e-07
2.11583e-07
2.1099e-07
2.10406e-07
2.09828e-07
2.09258e-07
2.08696e-07
2.08142e-07
2.07598e-07
2.07071e-07
2.06584e-07
2.06207e-07
2.06166e-07
2.07137e-07
2.11129e-07
2.24659e-07
2.69661e-07
4.11955e-07
8.22853e-07
1.90307e-06
4.47659e-06
1.00052e-05
2.07261e-05
3.95957e-05
6.99676e-05
0.000115032
0.000177136
0.00025719
0.000354357
0.000466164
0.000589018
0.000718858
0.000851808
0.000984658
0.00111511
0.0012419
0.00136434
0.00148225
0.00159565
0.00170467
0.0018096
0.00191046
0.00200699
0.00209911
0.00218686
0.0022703
0.00234916
0.00242385
0.00249472
0.00256202
0.00262589
0.00268646
0.00274374
0.00279781
0.00284883
0.00289693
0.00294227
0.00298498
0.00302516
0.00306292
0.00309834
0.0031316
0.00316269
0.0031924
0.0032189
3.30369e-07
3.21986e-07
3.14732e-07
3.08378e-07
3.02752e-07
2.97723e-07
2.9319e-07
2.89075e-07
2.85313e-07
2.81856e-07
2.7866e-07
2.75692e-07
2.72925e-07
2.70334e-07
2.67899e-07
2.65604e-07
2.63434e-07
2.61376e-07
2.5942e-07
2.57556e-07
2.55777e-07
2.54074e-07
2.52442e-07
2.50875e-07
2.49367e-07
2.47915e-07
2.46514e-07
2.45161e-07
2.43852e-07
2.42585e-07
2.41357e-07
2.40165e-07
2.39007e-07
2.37882e-07
2.36787e-07
2.3572e-07
2.34681e-07
2.33667e-07
2.32677e-07
2.3171e-07
2.30766e-07
2.29842e-07
2.28938e-07
2.28053e-07
2.27186e-07
2.26337e-07
2.25504e-07
2.24687e-07
2.23885e-07
2.23098e-07
2.22325e-07
2.21566e-07
2.20819e-07
2.20086e-07
2.19364e-07
2.18654e-07
2.17955e-07
2.17267e-07
2.1659e-07
2.15922e-07
2.15265e-07
2.14618e-07
2.1398e-07
2.13351e-07
2.12732e-07
2.12121e-07
2.11519e-07
2.10926e-07
2.10342e-07
2.09766e-07
2.09199e-07
2.08641e-07
2.08091e-07
2.07551e-07
2.07019e-07
2.06497e-07
2.05985e-07
2.05484e-07
2.04995e-07
2.04525e-07
2.04088e-07
2.03729e-07
2.03584e-07
2.04045e-07
2.06208e-07
2.13169e-07
2.34355e-07
2.98456e-07
4.83838e-07
9.81181e-07
2.20852e-06
4.97422e-06
1.0643e-05
2.12283e-05
3.93281e-05
6.78591e-05
0.000109608
0.000166689
0.000240057
0.000329223
0.000432295
0.000546284
0.000667618
0.000792703
0.000918396
0.00104234
0.00116298
0.00127944
0.00139139
0.00149883
0.00160198
0.00170132
0.0017968
0.0018883
0.0019758
0.00205931
0.00213885
0.0022141
0.00228543
0.00235317
0.00241755
0.00247874
0.00253687
0.00259199
0.00264415
0.00269346
0.00274007
0.00278403
0.00282586
0.00286317
3.30369e-07
3.21986e-07
3.14733e-07
3.08379e-07
3.02753e-07
2.97724e-07
2.93192e-07
2.89078e-07
2.85317e-07
2.8186e-07
2.78666e-07
2.757e-07
2.72933e-07
2.70344e-07
2.6791e-07
2.65616e-07
2.63448e-07
2.61391e-07
2.59437e-07
2.57574e-07
2.55796e-07
2.54095e-07
2.52464e-07
2.50898e-07
2.49392e-07
2.47941e-07
2.46541e-07
2.45188e-07
2.43881e-07
2.42614e-07
2.41386e-07
2.40195e-07
2.39037e-07
2.37912e-07
2.36817e-07
2.3575e-07
2.3471e-07
2.33696e-07
2.32706e-07
2.31739e-07
2.30793e-07
2.29868e-07
2.28963e-07
2.28077e-07
2.27209e-07
2.26358e-07
2.25524e-07
2.24705e-07
2.23902e-07
2.23113e-07
2.22339e-07
2.21578e-07
2.2083e-07
2.20095e-07
2.19373e-07
2.18663e-07
2.17964e-07
2.17278e-07
2.16603e-07
2.15939e-07
2.15287e-07
2.14646e-07
2.14017e-07
2.13399e-07
2.12793e-07
2.122e-07
2.11618e-07
2.1105e-07
2.10496e-07
2.09955e-07
2.09429e-07
2.08919e-07
2.08426e-07
2.0795e-07
2.07492e-07
2.07054e-07
2.06637e-07
2.06242e-07
2.05871e-07
2.05525e-07
2.05206e-07
2.04915e-07
2.04655e-07
2.04429e-07
2.0424e-07
2.04098e-07
2.04026e-07
2.04086e-07
2.0445e-07
2.05586e-07
2.08718e-07
2.17098e-07
2.39897e-07
3.03108e-07
4.74548e-07
9.13633e-07
1.95985e-06
4.25823e-06
8.89215e-06
1.7471e-05
3.21129e-05
5.52793e-05
8.94611e-05
0.000136768
0.00019851
0.000274901
0.000364937
0.000466514
0.000576747
0.000692418
0.00081042
0.000928177
0.00104371
0.00115568
0.00126339
0.00136663
0.00146551
0.00156058
0.00165189
0.00173949
0.00182343
0.00190377
0.0019805
0.0020534
0.00212255
0.00218822
0.00225066
0.00230995
0.0023664
0.00241714
3.30369e-07
3.21986e-07
3.14733e-07
3.08379e-07
3.02754e-07
2.97726e-07
2.93194e-07
2.8908e-07
2.8532e-07
2.81864e-07
2.78671e-07
2.75705e-07
2.7294e-07
2.70352e-07
2.67919e-07
2.65627e-07
2.63459e-07
2.61404e-07
2.59451e-07
2.5759e-07
2.55813e-07
2.54113e-07
2.52483e-07
2.50918e-07
2.49413e-07
2.47963e-07
2.46564e-07
2.45213e-07
2.43906e-07
2.4264e-07
2.41414e-07
2.40223e-07
2.39066e-07
2.37941e-07
2.36847e-07
2.35781e-07
2.34741e-07
2.33727e-07
2.32738e-07
2.31771e-07
2.30826e-07
2.29902e-07
2.28999e-07
2.28114e-07
2.27248e-07
2.26399e-07
2.25568e-07
2.24753e-07
2.23955e-07
2.23173e-07
2.22407e-07
2.21657e-07
2.20922e-07
2.20203e-07
2.195e-07
2.18814e-07
2.18144e-07
2.17492e-07
2.16859e-07
2.16244e-07
2.1565e-07
2.15078e-07
2.14529e-07
2.14005e-07
2.13507e-07
2.13039e-07
2.12601e-07
2.12197e-07
2.1183e-07
2.11502e-07
2.11216e-07
2.10977e-07
2.10786e-07
2.10649e-07
2.10569e-07
2.10549e-07
2.10596e-07
2.10712e-07
2.10902e-07
2.11171e-07
2.11524e-07
2.11965e-07
2.12499e-07
2.13132e-07
2.13868e-07
2.14712e-07
2.1567e-07
2.16746e-07
2.17947e-07
2.19277e-07
2.20745e-07
2.22362e-07
2.24154e-07
2.2618e-07
2.28589e-07
2.31766e-07
2.36662e-07
2.45641e-07
2.64886e-07
3.1112e-07
4.27625e-07
7.16008e-07
1.39275e-06
2.87608e-06
5.89072e-06
1.156e-05
2.14435e-05
3.74794e-05
6.18125e-05
9.65202e-05
0.000143284
0.000203086
0.000275981
0.000361015
0.000456327
0.000559406
0.000667442
0.00077775
0.000887935
0.000996098
0.00110093
0.00120168
0.0012981
0.00139044
0.00147891
0.00156361
0.00164475
0.00172238
0.0017966
0.00186434
3.30369e-07
3.21986e-07
3.14733e-07
3.08379e-07
3.02754e-07
2.97726e-07
2.93195e-07
2.89082e-07
2.85322e-07
2.81867e-07
2.78674e-07
2.7571e-07
2.72945e-07
2.70357e-07
2.67926e-07
2.65634e-07
2.63468e-07
2.61414e-07
2.59461e-07
2.57601e-07
2.55826e-07
2.54127e-07
2.52498e-07
2.50934e-07
2.4943e-07
2.47982e-07
2.46584e-07
2.45235e-07
2.43929e-07
2.42665e-07
2.4144e-07
2.40252e-07
2.39098e-07
2.37977e-07
2.36886e-07
2.35825e-07
2.34792e-07
2.33786e-07
2.32805e-07
2.31851e-07
2.3092e-07
2.30014e-07
2.29132e-07
2.28274e-07
2.2744e-07
2.26631e-07
2.25847e-07
2.2509e-07
2.2436e-07
2.23659e-07
2.2299e-07
2.22353e-07
2.21753e-07
2.21191e-07
2.20672e-07
2.20199e-07
2.19776e-07
2.19409e-07
2.19103e-07
2.18862e-07
2.18695e-07
2.18608e-07
2.18607e-07
2.18702e-07
2.189e-07
2.1921e-07
2.19643e-07
2.20207e-07
2.20914e-07
2.21773e-07
2.22797e-07
2.23996e-07
2.25383e-07
2.2697e-07
2.28769e-07
2.30793e-07
2.33054e-07
2.35566e-07
2.3834e-07
2.4139e-07
2.4473e-07
2.4837e-07
2.52325e-07
2.56606e-07
2.61226e-07
2.66197e-07
2.71529e-07
2.77235e-07
2.83325e-07
2.8981e-07
2.96699e-07
3.04002e-07
3.11728e-07
3.19885e-07
3.2848e-07
3.37523e-07
3.4702e-07
3.56981e-07
3.67424e-07
3.78382e-07
3.89937e-07
4.02287e-07
4.15901e-07
4.31879e-07
4.52908e-07
4.86047e-07
5.50372e-07
6.94257e-07
1.02599e-06
1.76132e-06
3.29277e-06
6.2718e-06
1.16779e-05
2.08435e-05
3.54073e-05
5.71832e-05
8.79535e-05
0.000129225
0.000181979
0.00024647
0.000322132
0.000407613
0.000500928
0.000599755
0.000701666
0.000804357
0.000905879
0.00100473
0.00109991
0.00118844
3.30369e-07
3.21986e-07
3.14733e-07
3.0838e-07
3.02755e-07
2.97727e-07
2.93196e-07
2.89083e-07
2.85325e-07
2.8187e-07
2.78678e-07
2.75714e-07
2.7295e-07
2.70363e-07
2.67933e-07
2.65643e-07
2.63478e-07
2.61426e-07
2.59476e-07
2.57619e-07
2.55846e-07
2.54152e-07
2.52529e-07
2.50972e-07
2.49477e-07
2.48039e-07
2.46656e-07
2.45324e-07
2.4404e-07
2.42804e-07
2.41613e-07
2.40466e-07
2.39364e-07
2.38305e-07
2.3729e-07
2.36321e-07
2.35398e-07
2.34525e-07
2.33703e-07
2.32936e-07
2.32228e-07
2.31583e-07
2.31008e-07
2.30509e-07
2.30092e-07
2.29767e-07
2.29543e-07
2.29429e-07
2.29438e-07
2.29582e-07
2.29874e-07
2.30331e-07
2.30967e-07
2.31801e-07
2.32853e-07
2.34141e-07
2.35689e-07
2.3752e-07
2.39658e-07
2.42129e-07
2.4496e-07
2.48181e-07
2.51822e-07
2.55912e-07
2.60486e-07
2.65576e-07
2.71216e-07
2.77441e-07
2.84288e-07
2.91791e-07
2.99987e-07
3.08912e-07
3.18603e-07
3.29096e-07
3.40425e-07
3.52626e-07
3.6573e-07
3.79771e-07
3.94778e-07
4.10781e-07
4.27805e-07
4.45876e-07
4.65014e-07
4.8524e-07
5.06571e-07
5.2902e-07
5.526e-07
5.77317e-07
6.03179e-07
6.30187e-07
6.58342e-07
6.8764e-07
7.18077e-07
7.49643e-07
7.82328e-07
8.16119e-07
8.51e-07
8.86955e-07
9.23965e-07
9.62009e-07
1.00106e-06
1.04111e-06
1.08211e-06
1.12405e-06
1.1669e-06
1.21064e-06
1.25526e-06
1.30076e-06
1.34721e-06
1.39481e-06
1.44403e-06
1.49612e-06
1.55475e-06
1.63109e-06
1.75761e-06
2.01695e-06
2.5826e-06
3.761e-06
6.0426e-06
1.01612e-05
1.71312e-05
2.82352e-05
4.49494e-05
6.88119e-05
0.000101245
0.000143355
0.000195758
0.00025845
0.000330769
0.000410323
3.30369e-07
3.21986e-07
3.14734e-07
3.08381e-07
3.02756e-07
2.9773e-07
2.93202e-07
2.89093e-07
2.8534e-07
2.81893e-07
2.78712e-07
2.75764e-07
2.73021e-07
2.70462e-07
2.68069e-07
2.65826e-07
2.63722e-07
2.61746e-07
2.59893e-07
2.58156e-07
2.56531e-07
2.55018e-07
2.53616e-07
2.52325e-07
2.5115e-07
2.50094e-07
2.49164e-07
2.48367e-07
2.47713e-07
2.47213e-07
2.4688e-07
2.46729e-07
2.46776e-07
2.4704e-07
2.47544e-07
2.48309e-07
2.49363e-07
2.50734e-07
2.52452e-07
2.54553e-07
2.57073e-07
2.60053e-07
2.63537e-07
2.67572e-07
2.72208e-07
2.77501e-07
2.8351e-07
2.90296e-07
2.97928e-07
3.06477e-07
3.16019e-07
3.26632e-07
3.38403e-07
3.51418e-07
3.65769e-07
3.81553e-07
3.98868e-07
4.17815e-07
4.38498e-07
4.61019e-07
4.85485e-07
5.12e-07
5.40666e-07
5.71585e-07
6.04852e-07
6.40561e-07
6.78798e-07
7.19643e-07
7.63169e-07
8.0944e-07
8.58509e-07
9.10423e-07
9.65214e-07
1.0229e-06
1.08351e-06
1.14702e-06
1.21344e-06
1.28273e-06
1.35487e-06
1.4298e-06
1.50748e-06
1.58784e-06
1.67081e-06
1.75631e-06
1.84425e-06
1.93453e-06
2.02706e-06
2.12173e-06
2.21843e-06
2.31706e-06
2.41749e-06
2.51961e-06
2.62331e-06
2.72846e-06
2.83496e-06
2.94268e-06
3.05151e-06
3.16133e-06
3.27205e-06
3.38353e-06
3.49569e-06
3.60842e-06
3.72161e-06
3.83516e-06
3.949e-06
4.06302e-06
4.17714e-06
4.29127e-06
4.40533e-06
4.51923e-06
4.63291e-06
4.74627e-06
4.85925e-06
4.97177e-06
5.08375e-06
5.19508e-06
5.30566e-06
5.41529e-06
5.52376e-06
5.63108e-06
5.73877e-06
5.85431e-06
6.00425e-06
6.2668e-06
6.82748e-06
8.029e-06
1.03848e-05
1.45874e-05
2.15323e-05
3.2239e-05
3.30482e-07
3.22278e-07
3.15287e-07
3.09297e-07
3.04159e-07
2.99764e-07
2.96035e-07
2.9292e-07
2.90386e-07
2.88413e-07
2.86993e-07
2.8613e-07
2.85836e-07
2.8613e-07
2.8704e-07
2.88599e-07
2.90847e-07
2.93832e-07
2.97608e-07
3.02235e-07
3.07782e-07
3.14322e-07
3.21941e-07
3.30728e-07
3.40785e-07
3.52219e-07
3.6515e-07
3.79706e-07
3.96027e-07
4.14262e-07
4.34572e-07
4.57129e-07
4.82117e-07
5.09729e-07
5.40171e-07
5.73657e-07
6.10413e-07
6.50672e-07
6.94675e-07
7.42671e-07
7.9491e-07
8.51649e-07
9.13144e-07
9.7965e-07
1.05142e-06
1.12869e-06
1.21171e-06
1.3007e-06
1.39587e-06
1.49741e-06
1.6055e-06
1.72029e-06
1.84191e-06
1.97045e-06
2.10599e-06
2.24855e-06
2.39816e-06
2.55478e-06
2.71835e-06
2.88876e-06
3.06589e-06
3.24958e-06
3.43961e-06
3.63575e-06
3.83775e-06
4.0453e-06
4.25809e-06
4.47578e-06
4.698e-06
4.92437e-06
5.1545e-06
5.38798e-06
5.6244e-06
5.86333e-06
6.10436e-06
6.34707e-06
6.59103e-06
6.83585e-06
7.08112e-06
7.32646e-06
7.5715e-06
7.81586e-06
8.05921e-06
8.30123e-06
8.5416e-06
8.78004e-06
9.01627e-06
9.25004e-06
9.48113e-06
9.70932e-06
9.9344e-06
1.01562e-05
1.03746e-05
1.05894e-05
1.08005e-05
1.10078e-05
1.12111e-05
1.14105e-05
1.16058e-05
1.17969e-05
1.19839e-05
1.21666e-05
1.23451e-05
1.25194e-05
1.26893e-05
1.2855e-05
1.30163e-05
1.31734e-05
1.33262e-05
1.34748e-05
1.36191e-05
1.37592e-05
1.38951e-05
1.40268e-05
1.41544e-05
1.4278e-05
1.43974e-05
1.45128e-05
1.46242e-05
1.47316e-05
1.48351e-05
1.49347e-05
1.50303e-05
1.5122e-05
1.52095e-05
1.52926e-05
1.53704e-05
1.54421e-05
1.55071e-05
1.55675e-05
3.63326e-05
3.63003e-05
3.6267e-05
3.62329e-05
3.6198e-05
3.61623e-05
3.61259e-05
3.60887e-05
3.60508e-05
3.60121e-05
3.59727e-05
3.59326e-05
3.58918e-05
3.58502e-05
3.58079e-05
3.57649e-05
3.57211e-05
3.56766e-05
3.56314e-05
3.55854e-05
3.55387e-05
3.54912e-05
3.5443e-05
3.5394e-05
3.53442e-05
3.52936e-05
3.52423e-05
3.51901e-05
3.51372e-05
3.50835e-05
3.50289e-05
3.49736e-05
3.49174e-05
3.48603e-05
3.48025e-05
3.47438e-05
3.46842e-05
3.46238e-05
3.45625e-05
3.45003e-05
3.44372e-05
3.43733e-05
3.43085e-05
3.42427e-05
3.41761e-05
3.41085e-05
3.404e-05
3.39706e-05
3.39002e-05
3.38289e-05
3.37567e-05
3.36835e-05
3.36093e-05
3.35342e-05
3.3458e-05
3.33809e-05
3.33028e-05
3.32237e-05
3.31436e-05
3.30625e-05
3.29804e-05
3.28972e-05
3.28131e-05
3.27279e-05
3.26416e-05
3.25544e-05
3.2466e-05
3.23766e-05
3.22862e-05
3.21947e-05
3.21021e-05
3.20085e-05
3.19138e-05
3.1818e-05
3.17211e-05
3.16231e-05
3.15241e-05
3.14239e-05
3.13227e-05
3.12204e-05
3.11169e-05
3.10124e-05
3.09067e-05
3.08e-05
3.06921e-05
3.05832e-05
3.04731e-05
3.03619e-05
3.02496e-05
3.01362e-05
3.00217e-05
2.99061e-05
2.97894e-05
2.96716e-05
2.95526e-05
2.94326e-05
2.93115e-05
2.91892e-05
2.90659e-05
2.89415e-05
2.8816e-05
2.86895e-05
2.85618e-05
2.84331e-05
2.83033e-05
2.81725e-05
2.80406e-05
2.79076e-05
2.77737e-05
2.76386e-05
2.75026e-05
2.73656e-05
2.72275e-05
2.70885e-05
2.69485e-05
2.68075e-05
2.66655e-05
2.65226e-05
2.63787e-05
2.62339e-05
2.60882e-05
2.59416e-05
2.57941e-05
2.56458e-05
2.54965e-05
2.53465e-05
2.51956e-05
2.5044e-05
2.48917e-05
2.47391e-05
)
;

boundaryField
{
    nozzle
    {
        type            calculated;
        value           nonuniform List<scalar> 
12
(
0.00102571
0.00101128
0.000985995
0.000953293
0.000915416
0.000869775
0.000814604
0.000742144
0.000649504
0.000522301
0.000358152
0.000132185
)
;
    }
    coflow
    {
        type            calculated;
        value           nonuniform List<scalar> 
30
(
3.40094e-07
3.40102e-07
3.40106e-07
3.40109e-07
3.40111e-07
3.40112e-07
3.40114e-07
3.40114e-07
3.40115e-07
3.40116e-07
3.40116e-07
3.40117e-07
3.40117e-07
3.40117e-07
3.40118e-07
3.40118e-07
3.40118e-07
3.40119e-07
3.40119e-07
3.40119e-07
3.40119e-07
3.40119e-07
3.40119e-07
3.4012e-07
3.4012e-07
3.4012e-07
3.4012e-07
3.4012e-07
3.4012e-07
3.4012e-07
)
;
    }
    walls
    {
        type            mutWallFunction;
        Cmu             0.09;
        kappa           0.41;
        E               9.8;
        value           uniform 0;
    }
    back
    {
        type            wedge;
    }
    front
    {
        type            wedge;
    }
    outlet
    {
        type            calculated;
        value           nonuniform List<scalar> 
42
(
0.00446631
0.00446613
0.00446577
0.00446522
0.00446449
0.00446359
0.0044625
0.00446122
0.00445974
0.00445808
0.00445621
0.00445413
0.00445175
0.00444892
0.00444556
0.0044416
0.00443692
0.00443134
0.00442464
0.0044165
0.00440649
0.00439402
0.00437828
0.00435816
0.00433219
0.0042984
0.00425417
0.00419612
0.00411984
0.00401978
0.003889
0.003719
0.00349962
0.0032189
0.00286317
0.00241714
0.00186434
0.00118844
0.000410323
3.2239e-05
1.55675e-05
2.47391e-05
)
;
    }
    defaultFaces
    {
        type            empty;
    }
}


// ************************************************************************* //
