6.30279128156
10.9088613732
3.07586871105
7.9435802252
2.62661221869
2.61146423146
7.6018862655
4.85091952893
9.68648038908
8.25785816471
8.94836583312
13.3026985379
9.49400141856
7.68890412329
8.84391754109
6.9392433142
3.14887609827
10.1445178321
2.66680216447
10.1923098988
3.2166866751
5.73240541134
8.47934323438
9.28487980336
3.7098803365
2.47241513161
3.72757370242
4.03219579346
4.56743934135
3.13367632235
5.54959280739
10.0349290717
4.75798046439
4.14778171797
4.82533676563
3.81561286339
3.40961773593
2.47279402186
6.57942148226
2.6375362344
5.27454335154
4.9782867221
7.18130847234
3.13711881822
12.5349845426
6.37208965158
2.97812665412
10.8701764658
11.0223291587
10.7032327589
9.96013255078
3.45428150764
6.30185626041
8.62066670429
4.44901387951
7.07657898489
3.97947365398
9.83362843541
6.5455563376
5.10512000911
11.646955274
8.84201978472
11.1835171723
3.94048138973
4.96253718695
5.78054308736
5.3426912679
7.0920441722
5.36587328814
4.61149414138
6.69986529861
4.86058344927
5.03315793707
4.44758168953
5.24512007835
4.66467869818
3.44409053512
6.52464948352
8.71444030811
8.36911341076
5.25179957398
5.2848919436
9.59644365219
6.05155837552
2.70447460851
2.9762300349
5.86796107758
6.10320377401
2.40614287714
6.30538395452
8.38522933418
2.22579688374
4.08822329177
6.02356345189
4.78187774605
5.27716629904
2.5652221031
4.88164304312
3.09697027415
3.13607968993
3.0347717282
3.26224965942
12.6245383005
2.95000528214
2.57410096145
3.57351216428
7.23161150542
4.58777395693
5.06190711511
2.03251114513
6.84428107204
10.7031761211
7.33921243144
4.90572431648
3.75110211622
8.21817388864
4.16052388666
6.17042526289
3.23283787128
2.30127412278
4.22975672599
8.0623931657
4.10459027936
9.69066128116
3.81735060829
5.05296778666
6.92524171433
5.20529394155
10.8337164871
19.9301043254
7.79165543069
8.31752573848
3.68599413791
9.87149793182
7.58488430331
6.95499357523
6.60400688931
3.06992618521
3.91718786344
3.03134205262
11.4643512035
6.11403053583
4.86705701341
4.2826305669
4.09540612563
4.51822191936
4.33544815107
9.11380152342
6.67590954298
8.71418236224
4.28578335993
8.66946276162
5.65668800042
12.7454279645
2.72326747362
17.398381754
7.98394417977
2.87434922482
8.63816981208
5.96014532652
4.43128060953
10.1160770194
3.10965608977
5.72878352278
11.4653220475
4.95708654995
5.49825082825
2.35304801899
5.04763717457
4.17624782981
4.73522709194
4.42677721913
2.53283139753
2.51672944448
2.26908181333
10.7318433093
3.48460536056
4.14934148024
3.54669810525
6.11979649879
7.35255852405
12.9482740947
11.1663975366
2.67926419242
5.6423652426
4.66365721577
2.54658427257
3.45518871913
4.41018919886
4.19994243356
3.00033455944
12.8846078559
6.00517885865
11.6645746333
5.47294609179
4.80063586229
7.06574472501
5.92057905026
4.80363040822
4.70352369841
8.02441892232
12.361303246
5.39297491095
4.42392693238
3.73012399934
5.14439247212
3.69579148316
8.22628305245
2.66359926273
4.38648907328
6.86352055886
7.37969214991
8.80798952527
3.62830818934
12.1376304162
3.95442322521
2.53498633552
6.16770601851
3.06157305358
4.30556197422
6.02490998888
3.77154976519
4.59352127408
7.45827424091
8.08224374819
9.35892570297
3.26071988257
5.58078457794
7.48495457628
4.60974715649
8.00851353509
5.25985119576
5.59763544377
3.169994141
4.93350202844
6.9289816205
7.36808261252
5.4898014144
8.54656981525
5.47873606527
3.21464572111
6.76493709341
5.56677039129
4.25924063333
3.98759419754
12.0194700564
2.36168192094
4.96922091821
5.94701111792
3.29160512528
2.27663250896
3.36385601827
5.35093143932
2.26751817371
5.97585855708
4.78766788091
3.46729679667
6.1030407999
3.85975637294
4.47040487097
4.40717686106
9.84953146521
5.47275735822
5.59409088835
3.11907254417
7.60967140001
11.5743607392
4.22185823597
6.13980743965
4.2290987823
6.62775556903
2.20089995136
3.93223734052
5.08193395996
9.69284399739
7.42711324683
4.42520524056
7.2832279812
5.54323617802
6.47526344006
5.03560115787
6.015939449
7.76452931655
10.2972414411
4.86449253348
10.0267638025
6.2633767483
4.15142029777
6.98990896797
3.18108691415
2.31658375081
6.04930593061
6.0917759244
7.42294686358
3.45355436919
4.92184718318
2.6310331734
9.11260644516
5.07022895084
10.0602325319
8.61061219711
15.2540969209
4.62585045361
11.6208478328
2.8622672812
6.62919283627
13.8193042263
4.99621492146
4.96519377834
9.13467795456
6.90290169358
6.11107653216
2.8545885784
6.26036947317
7.07705606232
3.58342807778
5.38062820604
2.4925115546
3.45283722835
5.85351598624
2.24204589735
4.6563872198
5.1386978954
5.94920034909
4.85661676062
7.08796720423
3.00007823079
2.20966691145
3.31508727312
13.2311179015
6.20293573528
10.2324691153
4.89488730139
5.4065341459
9.02924538062
8.1181671141
3.44735096852
7.72746688867
4.76407489728
9.97793924065
3.82533116617
5.04962828619
6.41801496702
3.69843762145
3.19787535533
7.67238020961
6.03034559147
3.0725856849
5.54713339616
5.28935168806
2.01337682432
2.42826382317
6.03561742245
2.54519427503
4.65505095173
9.4533599451
8.31384045893
5.36197483626
6.12475438276
6.10675802013
2.88118943193
5.1073541129
6.74895803063
5.58853794998
2.20763879832
3.96481609318
5.97147780364
5.81509238233
7.25018374717
3.72724051897
9.86777337245
2.20954186685
9.19906339472
3.41140105847
6.47094180845
2.13788784249
4.43318776909
4.36899287186
5.63686898394
8.15180318428
3.06935650864
2.28670448112
3.33556649138
3.7821237432
8.33457868973
3.69972016253
3.94418201805
6.34886647924
2.15324776624
3.46624440458
7.04097882308
5.00713650779
14.1312378102
7.20600328281
6.13838840149
2.58699466594
7.47561464889
3.41512715711
4.42384131306
3.65889093588
2.8485419456
7.39125223213
11.1865427753
5.36326307423
3.82646693096
4.23986106167
11.8492483281
3.42899129997
7.38229484947
5.59878375753
7.18151423029
2.69732110235
3.1016693195
12.2069301434
7.10396068259
10.8053360638
7.63105195338
8.27807934217
3.37962800433
3.68410307557
5.27394105384
9.2562338519
3.78171576852
2.8341461635
3.95810279129
6.6697359703
3.30917558719
20.1095688301
6.8337919339
4.4339971148
4.95258884849
9.65280442674
4.5376685029
4.30433446494
4.00625214177
3.09419950926
4.27757758044
3.44906379761
8.43296256232
9.48950721494
3.84117004851
4.71553014014
3.97492668063
8.23880432159
4.56908590254
8.13623238743
2.32816037108
2.37520850187
6.95143082642
18.1024765484
2.55096879402
2.80013848895
5.37907029238
6.39376656731
7.40758632862
5.58585059878
2.66426833895
9.34862184411
4.17690759961
2.68953087735
6.66500534408
5.04070730092
5.46546439811
3.31730174594
5.26043742932
5.45687134085
6.31321302683
9.28886488769
7.70214120038
6.42242757585
6.66618657445
7.50530608055
19.1968124141
6.56703058365
6.64811100795
2.81957512146
2.71699475078
4.41606032147
6.69561545261
6.23061613439
2.51633373919
7.68557466687
6.60725436593
11.7336996327
3.30537692477
5.1977121599
4.6171138896
3.32605813752
2.77637248001
3.02885845952
4.9939343137
2.66848346624
8.84701565987
9.42352889907
6.23761821132
5.74514659642
3.20362815072
5.60986147475
2.70107468152
6.51454627255
5.69575353598
4.82571288651
6.45726343981
2.21240294432
2.84035986711
9.29398854188
3.45562251063
3.29429483244
10.2421052692
13.7625785545
7.19766374938
13.7893501541
7.88100939469
4.99901789144
9.02863960478
3.37462091529
7.96817234917
3.45025906516
2.54222986831
11.3845444753
5.71113334713
4.17960055554
9.81558886523
4.2156792026
7.34542488758
6.51107641479
4.75087694838
6.20839942935
7.79928149557
7.88918820118
6.29578934
6.69101349066
3.0771258876
7.06880539225
4.89724215318
3.07589350303
19.2688000207
7.11748843613
7.06111571294
3.94676748877
14.3715895336
4.49632219057
4.10845363128
5.24074390005
2.88876385533
9.84794787086
2.94657705672
5.92050938913
5.49618606805
2.90900219028
4.88834219635
2.1731444377
10.6020622083
6.24569497357
2.63514014163
9.12869316406
3.93357400463
4.47385694074
2.30057742909
8.56860646634
4.05308388852
10.668948678
6.3267026195
3.46059163499
6.3734385427
2.73716011128
6.53608177422
6.49208558935
4.02753251078
5.30811200383
5.04449611959
7.21279987081
7.32135263654
5.5945255817
10.5449807995
9.99074023534
4.49323907216
6.94901185087
4.47745840851
3.52221821754
9.59398643942
4.51025261701
7.40952814408
10.7776700179
4.88978443491
2.85293416374
5.38889190137
3.29814726695
3.06770788107
9.11938811208
11.1637683854
2.46841902331
13.0402520669
3.72006010028
5.78936891709
5.62746382884
13.8660525661
5.66716083444
2.12221741944
6.25288317196
11.17905291
4.32657842682
4.60807599117
6.09952085167
5.72123613029
3.36105147572
6.80160671714
3.95140090877
6.67481540961
12.8703492371
6.08530966961
9.23455757779
3.61938630115
2.04856182079
4.76516495548
5.59611549477
7.96996813257
8.31638343351
4.25198031988
3.98498989607
13.1962268292
3.88529789296
8.72671772696
3.16744134509
7.32772730039
11.3132234306
4.84601269074
6.36964766556
5.31902191619
5.3303037632
4.35311874588
4.86894551652
2.94405260499
6.41374076431
13.693044142
3.96353385618
6.88089239504
10.0141833098
3.23564897194
5.31081678232
8.80416315925
4.49595414759
4.16488991339
7.98859886353
4.4192322811
8.93464289731
4.86740438189
15.7615156706
12.1881474876
5.29855478111
7.54184777232
5.09975539644
8.31560918957
4.65000391612
2.94597462535
9.22516171184
2.49277502176
3.62722635387
2.44661492975
5.49008629717
3.10512966781
5.96393091911
3.50917371237
6.14953368391
7.55926357968
7.92698125699
3.42934033286
3.56187814651
2.49099927804
3.22799621834
4.10852518237
2.69075753513
5.75705670127
3.99920276809
8.60219111937
6.94785714242
3.31585203043
3.15989751967
5.52559535243
13.1903907737
5.13892770706
6.11286413767
9.89145051065
6.08215081937
5.67336776967
2.94821460139
8.41485062847
4.51958111053
4.22151977043
6.30971726548
3.99575518416
5.71393821557
6.69309461437
2.18032751959
4.33448962975
2.01941738646
5.45873222211
5.61090156101
7.37167073612
4.79215301446
7.25628704083
4.8722047309
3.74083676577
4.9128449543
3.06075499592
5.39765777537
5.58837106043
4.15694511753
3.64761240951
6.72332319361
3.80729096118
5.46053301845
11.1856079038
2.54911232564
4.041582377
7.95251677893
2.5438849641
6.4162263931
15.875749612
2.57642712356
2.8552355423
2.48153970404
4.71008300963
7.80305449934
4.79165550357
4.29037936069
7.87193983303
2.2503696384
8.66757861031
8.14970450296
3.5208680575
4.79687685771
4.6014855023
3.37849751118
5.21142341656
3.32397694488
6.48679887778
5.89725667182
7.40406131005
2.30699103632
3.63693758243
8.32112068523
6.3564370125
6.22877561999
9.90893278153
7.25011628341
10.549863441
8.53269766948
5.88646138278
4.38890654443
7.15420152509
9.11868164838
4.38320936407
9.14105713422
8.21696070672
5.6755430437
8.06788250877
4.83032034496
4.01173654836
2.78792424735
4.08129381276
3.81564632006
8.42421712878
13.8462013381
2.71890593157
7.05949204523
3.52695759482
5.29897426556
7.67059854753
2.93075359671
6.00665523967
6.86889171444
5.22708650129
3.03838345943
3.34141882227
3.03807304545
2.7759446949
2.08928115369
8.35816655183
6.99428077311
10.4423409059
4.02585094099
8.05804541765
4.05096940356
3.49937777324
2.2992197566
5.25046709303
4.50477975172
6.7695189413
6.94225992399
9.07097771718
3.71118560465
8.53155576824
3.5769258342
8.62194298826
4.02139281008
6.26264536575
8.45300078194
9.91889558813
5.21315840417
2.79671872693
4.3930554537
5.8985601797
4.29415192446
2.63525698934
3.62632418608
2.95304813841
3.31250648032
5.53685034157
7.99208262654
3.24856924374
3.73949626348
6.06613583682
3.51890717371
5.97266557473
5.01129309429
6.48874000691
4.27591623939
5.85562413299
11.1747569525
5.6779666501
8.93368874063
9.61917762858
12.4280836008
5.31625134453
3.30286266714
13.8153674162
10.60630148
5.10944094559
4.09391196354
4.18936546413
3.0231098288
7.45660405153
4.21511710112
2.27565313611
5.83447734075
4.80893480677
6.91655478438
5.60721266311
4.40073325137
2.69902591171
4.13185040368
11.009361608
6.03715744673
2.52410800489
5.28955987722
3.79763243938
5.57539298766
3.5549846458
5.7810748926
6.26981820421
11.1516038745
8.67861761666
7.01975732777
2.95779897544
4.3219670932
9.08335952347
3.14307606698
6.11463309972
6.30850915046
5.29894330882
6.60805058683
3.0846078327
4.75686764921
4.97355319828
4.07864060282
3.50845468751
7.5286041739
2.95904109849
2.82410544003
3.2211125617
3.53835852714
12.8287809797
2.10734388585
2.8410937486
7.16692581248
3.18740456004
6.20521148143
6.61033197551
11.29791136
6.44309731096
6.47243953998
6.40152790206
5.22143142488
6.73793477021
3.38411631104
7.08092238434
4.2188703757
5.09586877877
4.69486704199
2.69009286723
3.31486262398
2.51629774152
5.37930957477
7.74064669713
3.79648907091
12.5667712835
3.80462508249
3.70713734241
3.43394836282
7.23169252458
2.1559115871
4.0765543037
3.16444979229
2.55338589107
6.55503962815
7.2268001805
2.15900683141
5.35681986168
4.72050191139
6.84117399315
4.3813707174
3.21076507364
6.28117534208
8.31939103014
5.01826975775
2.88700661592
3.81068979411
18.2722357057
4.72631049332
5.30070886977
3.19409695733
3.19545810264
5.05497383531
8.67190168276
4.50761730377
2.73355250654
9.02537036037
2.20703837699
4.39191096856
3.00583801091
2.76618193214
7.1661911324
3.92338493822
4.34658480966
10.3642962668
9.54248793504
8.11303367891
6.3060151348
5.09409709243
3.18612911717
4.06482954646
2.57958213538
14.3804594479
2.76831675934
5.05587984912
3.51184049105
3.00237095269
7.65834486867
6.46575773544
3.30134426153
14.4922375633
3.26975849014
3.05792159878
2.40749051761
4.89260865812
2.83770226643
4.26220754367
9.30583829787
6.45218318365
4.56855614491
3.77650690858
2.83315999816
10.9221647617
5.02085648596
3.54796642026
7.9265579452
3.42149043318
2.67532599886
3.74561872226
3.42595375092
5.48030034002
6.3540673131
4.95071669909
3.93872405852
4.47674705953
5.35562959658
4.09415980169
5.39655335088
3.66122883975
5.92380595981
7.22748373392
6.66485733458
8.91600278541
7.46536211085
4.12999242906
2.91799595056
2.86596687887
8.54767912544
3.55236729604
5.66556719507
4.795147153
4.4871055306
3.5946971993
6.23496532912
3.4219824825
3.87317508571
4.53881717751
3.68694588395
4.258662713
5.66736788071
5.21608963488
4.53984111105
5.32872076372
4.21882822312
5.72175606718
6.43995482153
12.2345570974
3.14276277461
5.3495196606
5.56253315418
3.91588736804
5.87548704821
18.7446710625
3.82822097889
4.16896487094
15.1894558217
8.11896539526
3.36238764605
4.55498579077
2.34679301582
3.17462070995
5.36645349808
7.38726337028
5.47386361126
3.05954288693
4.05827081554
5.84791495305
9.54981348619
11.2124665626
7.31477507798
3.43628688
3.80351726982
7.06637124901
4.15483773223
2.12977158732
2.70264757936
4.74386365252
2.58261089206
4.27977136644
3.26825945403
2.94965425865
11.247137213
8.47259711334
7.25733137548
2.91218603625
3.54708539765
6.7461662593
5.2239120074
2.97047781349
5.91822170121
6.46619889722
4.05742045617
10.93805995
12.7711950771
9.13769904812
3.76412189142
6.56961866662
6.17534778547
8.992944088
3.22695885984
4.87335936112
4.09623748873
4.3480816414
2.67493894396
3.18167297094
3.2091738576
6.0732038886
5.4349746534
11.7939722667
2.17472987273
5.4377505333
3.20838837927
6.14634474868
5.01963086466
7.56898349664
4.22214482714
5.26234331005
4.87946053924
8.03351562616
2.25803721056
5.0228666212
5.44230741735
4.68916947093
4.24060370001
7.8115470668
5.31692860895
4.93287838805
10.8977926619
9.89185521822
5.91841493786
14.0289164538
3.28559825049
3.27532461801
3.44696130302
4.79086799461
11.2548526398
2.98387890466
8.57719554924
10.7288327382
5.91686483554
6.86816674284
4.75792947063
2.4068180912
7.14600044152
5.055255727
5.96342959706
7.89344365039
3.25573584297
17.0353731198
5.19325425265
2.29279643167
8.58220945605
5.45176089595
5.58644777118
6.07302025933
4.68290915573
7.81082518308
4.68221334569
9.09062454038
6.54308773136
4.19509009584
4.81865042544
5.0754452937
3.72559742456
4.37214020729
7.01111209594
9.20088141349
4.89852632805
8.48284125797
4.28296466822
3.9056488187
10.4005371023
2.71554787478
2.92931881678
6.01513647008
5.02939073684
6.1487436235
4.72216726836
2.14043052546
4.89124860977
5.48660873951
7.43412082298
5.6557311343
4.13662804962
2.11072347488
4.21767831869
6.47396103572
10.6171714132
4.4748415415
4.89206237217
5.19476627546
5.52608324162
9.16990774619
6.15825325156
7.84070423538
7.7280003866
9.10592016982
15.9525627028
7.46527013479
10.7219581089
3.61045335846
9.81047716846
4.94796217078
3.13219622975
7.78158534236
5.87342492362
6.46589568609
4.52735209067
5.03143827805
9.64519209865
9.99278414885
2.12717235717
4.25923386218
6.97575630179
3.15917122682
4.93986647781
7.90866231335
2.08146392749
3.225506451
2.45579063218
5.81495553191
12.6980398747
9.03476814791
3.03976169602
5.2410594502
3.58419626182
11.7862509712
4.4897610426
5.1003028256
2.234110997
2.54139968467
10.0321147715
7.16914240118
2.86242333584
2.22129992949
2.16388315736
10.358536711
2.38344743989
4.24263615751
3.4258532069
5.27744328848
4.94557972284
3.4032137803
6.98947716819
3.13189840315
4.23451500551
4.7546163519
4.92534934702
4.69645387402
7.29206570682
8.08661632283
4.88032916186
9.02594483329
3.49781993335
2.37454439357
5.1774259527
6.50868886947
3.81366200204
4.4324572248
6.36403216574
4.74499876661
2.38863746028
9.34721848696
10.7942064568
13.1238172118
3.34261458309
8.45501465887
6.79766188614
11.0714427806
2.53859950971
4.37646833092
2.79650039732
13.2238715097
10.3493003762
3.31555591904
7.43553864882
19.9841066133
2.29180373922
8.39112588487
3.14493240443
5.60445292309
3.13181988048
8.40301167345
21.8922158546
4.97519536778
7.11445574425
6.41991065118
5.4088171035
6.50974442631
3.266992128
4.01545272469
5.1275846101
10.3270285305
4.26876039608
6.02725085922
7.74662366116
12.3878322134
3.09584281474
4.31230108476
4.3916646511
4.7405717887
4.62360465168
5.95045236483
8.08022303437
5.19898051164
3.42898983219
5.98153478987
4.09121427296
3.29979816369
2.4066745176
3.29421497762
6.30815101336
5.87381699617
5.26056095926
6.40227651918
2.17044077068
2.39981328773
16.9870685843
7.01765707108
4.67484124658
4.70685073751
6.39211842322
7.3668078348
10.7013590636
6.37666475304
8.03698772266
5.81153136368
8.17934486685
10.9702896332
7.27965072786
4.09900429471
5.30470332615
2.13201405078
4.38128715129
7.51840652644
2.29259052077
7.2318839608
3.32308783465
4.59262583844
5.59533204957
5.21323643808
2.53565033611
5.60344617944
4.51291897011
7.62809000134
2.34187510011
7.92754051684
18.353893857
4.26414195721
5.34180108743
8.18603259389
4.91218129901
5.1663488721
6.96788033065
3.15269921138
6.45118104047
3.19191574233
6.02505942715
4.76757340124
5.0921664188
3.12693990672
3.87996699041
2.25923342226
4.34932057163
3.14096197375
3.50236407113
5.84695105236
2.98114013585
5.3380051318
5.98184205844
2.07486266062
8.12240228574
2.21443826596
3.70826741601
5.23036111502
3.82584809647
7.66937579597
8.88903386964
6.52464115091
2.49186316584
6.05004684898
7.91543336099
3.84228144469
12.7482891608
6.98647006543
3.09675335671
3.93558303103
3.87170855444
2.81225124061
2.70351639168
3.49103545045
7.61356071369
2.9934185384
3.7615972486
6.79891742776
6.12910827285
4.41824545357
10.283926986
10.5734599293
2.37916572477
6.26489067989
5.06763004638
3.84159939018
11.2823420197
11.7024414102
5.55240125422
5.96449330733
7.28770792553
8.96243031958
5.50208659414
7.24835269958
6.8781933002
8.09212990355
5.427724786
4.56248427118
3.95741268294
3.84945858921
4.26079550008
5.28512238415
6.62500568888
3.65952913904
4.01069540496
5.96580704
4.68777565766
4.01404305088
2.80364678602
9.56104378398
6.02983551895
7.9534212167
4.72216296047
18.3808444766
12.2728762941
2.3288753163
8.49501882358
3.32833790405
5.64145692949
5.66039937947
6.48817342921
5.65805099666
4.69295774849
10.7032515773
7.40033911846
2.07780201134
2.85374714999
5.51904063676
7.31242810991
6.25573721012
6.25173776988
2.91974215655
4.89475222478
6.34215348473
2.78063786425
6.97716560308
4.53102525608
5.92063404005
5.45313772532
6.3858681174
5.22776902521
5.92905632397
5.35799339631
7.39825786268
7.67830122527
6.31024528092
3.58703072405
16.9539167992
5.90957443772
4.58772747268
5.27240023871
5.22475560001
2.05540160226
3.21184712597
3.61448155521
6.65046180763
3.75988431774
8.19406068831
2.17563133994
3.83602015649
5.2138047214
7.00346755701
6.02176623707
3.6744329719
2.81174711765
12.0199421815
6.02029167419
5.53202772564
5.28186953846
4.83866363294
4.75731489428
9.45816274828
2.85459108686
3.27480618477
3.75720714697
2.81095526458
4.68224107279
2.12941317251
3.00111080698
5.81418419896
5.16922031674
3.52983118013
4.25666733352
3.29088150083
5.1648056845
4.37050707221
2.69220231229
2.33476433985
11.7114961543
16.1399201639
4.72949959786
4.71960122795
4.89521987168
3.7236939764
2.69842134157
3.4165244128
14.4524032024
3.79012694518
5.05777878378
6.53653877985
3.86013796787
2.84334462618
9.11814280907
6.25646903548
6.75457320495
5.70747279714
6.57431893873
9.56082661966
4.01582060648
3.33194469312
5.98757627864
4.56518824136
15.9310394924
6.34709098413
4.72510563503
8.68771983899
9.21565739458
4.55377676172
2.15721662483
3.81609019964
9.41202268589
3.26759737643
4.29353704584
2.99890313688
5.7579817371
4.60871808763
3.71948862843
7.43093954
3.33461403455
8.53039210991
10.3215534662
4.66917395062
8.12232520078
2.46442111109
6.18680446051
4.81178436431
5.52008412542
9.00373394117
6.74731757164
10.5870071163
8.83301507212
2.69064602003
4.00459908298
4.37335754355
5.47319275087
6.83453032512
2.85830182874
6.27065828801
10.3749662737
2.81943494306
5.11265600859
11.6109198006
5.54296614075
4.10259663446
5.54954277953
2.46065397982
3.56690451012
7.86195912924
2.0966316398
9.82261001945
3.79123645434
4.45359953549
5.04883686057
5.49214706214
6.82328662854
25.4753588765
7.81803634631
3.7412064845
4.48625082932
4.65010969777
3.45688979415
8.30108887944
2.07638571132
3.1256254213
10.5628109762
3.84747560513
6.03790332639
6.10988889056
7.57232808046
10.9302872542
3.6469027816
3.92728195572
13.5685235806
2.77282705376
11.6042008794
10.9901313303
6.45892721645
5.57527202994
5.90371147212
6.63313307572
2.87580857564
4.38538488874
3.72373626227
6.06572704177
4.71226913063
7.01138986525
4.87421270407
4.12581224167
6.21019659196
11.4600619078
6.37147754425
9.91761810972
5.50430491727
3.44972577156
4.60585956864
3.06640942554
2.19983619721
2.4481842511
4.80653909253
12.2251060595
6.80238055863
5.27022107803
3.44549304561
3.68725851164
9.42829813615
9.73594601001
4.38007816208
3.24785074404
2.14276388236
4.52880808438
10.2570773602
3.60594951304
5.2090316607
4.10758104176
5.98359640491
5.15977919008
3.15969831625
19.4124282536
4.84573362446
3.2661024197
5.86296973168
10.1351440159
6.3718174579
12.7334913129
9.09309338788
4.76310300906
3.52360198326
6.06519421904
5.03223706997
4.45916209402
9.629500785
3.77827392335
2.65955482222
5.84405381805
5.61176796718
4.81131462773
7.88762758422
5.44317063922
9.04279633942
5.84369681934
7.84712897295
3.49416383618
2.4268620535
17.830351188
9.31431816096
4.79496607304
6.65431802216
7.54954351966
4.7820171388
7.62130210522
7.22405624309
4.93509344849
7.05940025397
2.47976806786
9.48385188415
5.18085971235
2.94571943742
7.96250803455
8.2991563506
10.1504535331
17.719158565
8.58738428462
10.6118543587
5.79774917883
2.90063847824
4.2625371936
3.43287517868
2.86193414913
2.37602061045
7.30719469167
7.00558096265
5.19595547146
3.72656976924
15.8556766459
3.82031458262
6.26403065455
8.08654195019
2.37880037273
9.26403097988
6.25374717058
3.38136873231
12.8287784912
7.08961187123
3.59795232738
3.433850603
4.03668434661
7.71889976504
6.82026105836
5.39596910169
2.80758086225
2.17793834715
4.16620920077
8.98731639508
3.10605217496
3.62761989072
2.81923624138
6.38967439009
6.03135257295
5.59448077996
7.07075723327
6.42966578888
3.16357057614
3.12864373543
6.05902829383
8.3493731419
2.33249510139
13.5679285824
3.56245176268
5.01608235409
10.1856567909
6.66069956638
3.04341320839
15.2973423757
6.56985860998
5.15831745382
3.65385219984
4.47023388918
3.00664029562
7.09587824015
9.10497223156
5.61590287549
2.23736279935
7.0976941113
12.7237604005
2.55968714159
10.3165565939
4.32771503181
3.97698019947
2.99455949478
5.58048636422
5.75264411752
7.31923456991
5.14818913426
3.82688900549
2.51165857069
2.07372132461
5.28460651616
8.94911519965
12.5873534404
9.38897164525
3.98130677388
6.86943146256
3.88822309487
6.44975324659
4.66449049079
3.95679166912
4.97933899595
4.11015769229
5.17266524631
4.24067354356
2.59150024397
3.24071205224
6.17860983091
5.70280439718
9.67859017388
3.37155088368
2.90423397723
4.30662188082
9.63945859863
2.45864723117
5.43405305441
2.95271754997
2.18446487367
2.00374801934
6.89405597185
5.98617240161
3.69888717567
2.89152632263
2.2033751801
6.89690631469
3.59525807124
6.30073430149
8.43361899221
6.873344999
4.29252787764
3.57428028863
6.34217658678
8.39736737012
6.07341907692
8.04121133021
11.0373658003
6.09759210368
4.23217115274
7.10216401439
4.039505021
3.87290059146
4.32807766037
2.84083480656
6.12979086765
15.7915895455
11.6065288294
9.79617438674
12.778958811
5.6829787782
5.81478883322
3.71081520217
2.80287360723
10.9190432191
2.37759368735
5.15034940172
4.92260401296
21.0945488227
4.02292855278
6.58231880642
2.40702368571
3.26384890576
7.18270387357
8.94522008018
3.29785878892
3.85042711181
3.04963543115
4.92298648562
8.12188427134
5.15839742387
6.08702816127
7.15086579956
11.1387741566
8.98578034776
5.22682414276
2.75296360347
5.90041655184
4.10954272399
9.4159287218
3.92934370695
7.32988507879
6.55257618186
3.5821331058
9.11549828372
3.41129604284
7.6913534153
3.61264853538
8.59110244247
7.57656390736
3.94628163898
4.79482877179
6.70801843464
7.74141185654
9.62050005446
3.84312978697
4.66943615297
3.03329706124
11.2788881965
4.13661246232
7.86504406023
3.31347814233
6.48005760803
10.6712467244
4.72545578194
2.8937343038
4.54242571952
4.29529704333
13.6752281274
6.75071068516
4.92378360972
6.80312541914
7.38112348377
8.80651707297
4.39803777244
5.53464497778
6.15859760212
4.7434970863
4.40456793429
4.66277811819
8.59337078699
12.6742891748
4.2757619046
4.78405519895
4.16620807056
4.91315879106
8.6717763253
5.67382969725
11.8299175857
4.20876215999
3.92690811861
8.65749717248
2.71486557589
3.55260895844
4.901325465
3.03967264559
11.5019696572
3.20084711312
7.62373236907
7.52539982193
4.21286794347
3.73990324037
4.7201992546
2.44881004332
6.37254002013
3.65739130601
5.08445169674
3.13386010016
4.33469805229
2.59374190735
3.89426336399
4.56619220718
2.20434311792
7.90139472898
2.13124842018
6.00580905656
11.625075663
5.02959031059
4.47174393972
6.4222281694
2.98248200918
2.78737167508
7.93219623778
2.68079449933
4.78853056606
4.74050004819
5.39078281727
11.0148007162
7.77259234884
8.27284951368
3.08755493971
3.38560619104
8.9402936771
9.11893541765
3.32412686546
15.3280279204
4.01087253358
4.85052173802
5.54332824981
7.78142295697
4.61415124742
2.17035145769
5.6073908696
6.8058691155
2.53292243316
4.50830601651
2.635172198
12.3034406802
4.07752217272
3.24953243387
4.99349621316
2.25744864841
3.61039345405
2.93830989888
5.85910104556
2.4012765484
14.4250135557
3.7432773578
6.00006291083
10.3568274828
4.88974366352
4.97586766567
6.59793121702
6.96244253214
7.69210686576
5.98981606699
2.4502104836
4.40466542417
7.97507696686
4.29379213597
5.49591291143
3.16290507792
9.25376735394
2.30425028135
2.22974247584
4.34518657752
6.05642325416
7.91210457336
6.20904613371
3.82039093716
5.27748505935
5.1376620455
6.53802468497
4.54195580803
4.4076689245
3.29398683731
11.9803764652
12.8854421789
9.54125307986
10.907678258
6.17035651749
3.1479895822
4.90245627692
6.67869641404
3.74214625421
3.07769951972
6.57916026676
3.7525531367
4.83067575605
6.77948132191
2.62021993782
3.76759170173
4.33616551944
3.12042753728
6.82371333613
2.89414452269
4.28969914805
3.09020014909
8.52417946919
7.17804459593
9.06218088466
3.97488869054
7.98374629296
5.70137779624
5.58094785743
6.56683353768
4.18719786238
4.92834519709
16.8700393287
2.63412045679
14.3025995133
5.6707895907
7.9291383812
11.4255740659
3.36096011662
3.92111936763
6.10116249915
9.20795118656
2.30197571872
4.29145910326
4.69745569596
2.5628489562
9.32402045961
8.31381730373
3.99803881298
3.40336827252
7.1959453415
5.77265626634
4.44779280256
3.00894117311
6.42544236586
4.25347883302
4.58010239508
5.01281791704
7.27026352289
3.32187942823
4.48476239775
2.38777628291
5.92486692209
8.57341747518
5.99757508118
7.96413756667
2.72551875826
6.04102955504
11.1107423048
5.70997211758
2.24070813902
3.80858601736
10.9110918155
5.76985168461
9.44584308608
4.23981163508
12.811519801
3.02916782658
5.49818757426
4.80461262936
4.70186622245
5.0352739787
6.86294925268
2.86544725463
9.15810122507
4.86330529129
3.30085877895
5.27350737157
5.19518507985
11.658330955
4.73184247337
7.88612153929
2.87601261897
7.70385339953
2.91292836737
10.5611959346
4.9956860344
9.3898865433
7.57941544095
7.23554255151
2.15706497174
3.03773424849
6.36740626091
8.80963020359
21.0860306579
3.68893372158
4.03818477305
7.75940589813
8.3919223599
5.77581675497
6.27516188895
2.09388904434
2.60570560236
10.9990946534
6.79840630945
2.79755208811
3.92357729578
11.0973966615
12.7479922588
6.81207725574
3.40992412333
2.88810186127
6.29104196739
4.61922649665
4.24935124316
13.15080127
6.37241666019
3.41689229985
5.75655289051
10.3319269955
5.73839566638
2.19121490606
4.59995775891
4.0041149283
5.38347337998
9.74056576154
5.97365458755
7.0447306409
3.61376703412
2.55610597868
4.00446563769
3.97899531277
18.5997612359
3.20109217955
4.49877371413
7.93257391416
7.63696372947
2.09323938924
4.64257993404
7.8843429654
5.20306109414
2.57944828828
4.66589013309
2.66114182074
8.86196058406
3.32793153888
2.78459997408
8.74590447583
5.14845948645
22.672631173
6.90202256843
4.86227369364
5.40249542048
10.4062213449
5.97132072469
4.01650064522
6.94259839952
20.3064722209
5.87320242201
4.67254833969
6.25655956189
15.6995243945
5.24738593016
6.18435637774
4.26655666408
2.38359600134
4.81663536761
12.4811779462
7.49482255969
4.26731834376
5.58891933924
3.02256597947
2.19536333274
4.05425210668
5.26138746176
5.14119236327
5.14451175762
4.46898298709
4.44371802058
3.17229960345
4.25811679285
5.97259834204
9.33314504481
3.82292198111
4.48369684748
5.04553628054
4.34997802159
3.1395789462
6.03067129121
4.22894728344
5.80236140966
3.0682707284
3.75823734363
8.54586343158
10.3345376379
5.96811976332
7.43145642715
2.715496054
2.72651246999
6.29067174666
7.43844906897
3.00849838789
3.01321951728
3.39530451945
6.34352587086
2.04788640523
2.38401219398
9.33509401974
5.31046694497
4.33723514423
4.47443764007
3.15232387056
8.36213416315
3.518752237
5.59128991826
5.37654862207
2.02050099039
7.40131072619
3.06940561182
12.7072507385
5.30881582018
7.16794251048
3.18901795724
2.63835898743
3.09184552827
5.1889833789
4.0060166822
6.36430756796
8.28688354796
4.75146311445
5.6818837706
4.22780694739
4.92780736072
3.48576261035
3.2448867345
5.19444218399
7.08183243917
3.69008615763
2.83263741502
3.53644682699
3.85986534782
12.9795937732
12.0506953593
4.17497247703
7.3704577585
6.4289548805
2.25096755473
3.14342976044
4.70933185462
2.59258345993
7.79735999591
4.04613394576
4.65691554142
8.62378924744
6.294455103
8.72001044606
2.59790378986
4.61575208793
5.39905162211
6.30747334653
3.78898375225
16.0865511914
8.67569092877
4.24236949184
3.02476629913
8.94496099996
2.5484365837
8.21134869043
3.97157223402
2.94358188979
4.78626583289
2.13231087268
6.03861416585
4.16448512649
3.11917828677
7.73058407555
7.2806164231
4.34244704502
9.66251717809
11.8244046802
6.04509750049
4.6845866896
4.03185755609
2.30557420766
6.37039124494
9.12320790773
6.15646255256
2.89204933671
6.74261068806
2.72284592317
4.96783115711
5.0845269291
2.2714710026
4.85439311055
3.1464859767
6.03745221624
4.50120853986
6.15307159148
3.41136796404
3.32013446084
7.46497567564
3.08954754747
3.66515034115
5.11057269481
13.7331336977
2.42367737834
6.09769971123
2.68625227027
2.70019084034
2.3329149148
3.03182932774
5.54593655576
10.7350940351
4.57233140179
2.42093840623
3.17773182643
5.25548545278
2.98006842132
7.38116312498
3.63213448984
4.66944211352
4.4014741324
5.88043383459
2.3775522596
3.72998671452
4.39904246779
6.09333729161
12.157660272
6.46508752833
6.66797601906
2.36204883352
3.72280966111
3.95440643053
3.67793255618
9.21877680514
15.8498560552
6.93771296682
7.45601466392
10.4792867025
3.5264244063
4.8677782817
3.43647653752
4.58456169872
7.48291330395
8.41309800133
5.13712405879
11.2081185437
4.10148442054
9.20894390879
3.53212239584
6.86544628678
2.97233703714
6.97153812636
3.4186953558
13.5899183358
2.74711932685
3.17887981774
3.61171041882
6.44073643154
4.96313154811
6.70819498442
3.58241950671
10.7340868902
3.44997849364
3.83663012248
9.52042591393
6.10281427883
6.40284400061
9.10215580204
9.10305592592
4.04170348683
5.41209500152
5.10677461551
4.11505957811
5.81649155171
4.57882394127
5.72529803654
2.79835544602
6.9471201812
5.45346662675
3.82966978527
3.57454320801
8.27225830051
3.82867147033
2.68125539104
2.80603662236
17.3312304588
3.3192615055
3.16104846128
4.6636575275
3.1889983253
7.23407660112
4.22449059654
6.26394419948
4.38211686551
8.44176684254
2.09605283392
4.35753299634
2.5886570775
5.50921589446
3.16948331261
2.24961845613
2.76182565397
3.08083170449
4.30359941208
6.5104870725
4.86475783437
3.237716293
4.91735480077
5.05295409718
2.93327716358
3.9766578203
3.03734034943
8.34899640789
4.42461462204
9.1687560525
8.30042738829
7.62644776095
3.2217269182
3.23294786623
3.27363960996
4.92732265575
3.48949302306
3.67188327123
5.06338233192
4.8439162382
5.22627700686
4.46401749797
19.9814413715
3.3115498397
7.57800576105
2.93895530813
7.12047922184
5.08439311691
5.19121686627
5.53121079412
4.81438877401
6.60754482853
7.33331050451
5.3539029556
4.01995494399
6.09196464171
2.40952129984
2.2548804639
4.12033693577
4.51374653881
7.93190241985
5.47601695296
7.92225893351
4.90204566787
2.66822903483
6.54587911223
7.33221380711
10.0633388739
4.80539392819
6.54820221799
2.02159118767
2.59909844493
2.16635446869
3.73259822978
3.10009981206
3.19455161475
12.4995917749
4.28873560118
3.49753260093
6.31063786242
5.68817084384
6.03250336222
7.27607544163
4.77187835202
2.85925388004
3.97790774119
5.05630333997
6.83951916006
5.46294267775
3.64498567912
7.38158581227
3.26254798759
4.7212023769
4.11425497392
11.3484758115
3.24854979982
3.73517116224
3.44824812544
2.75821132523
7.96900242261
8.05786186374
7.22671047781
5.20967796166
8.21286103091
7.26287685427
3.29345788039
7.18986795934
5.31887831507
7.72547799443
9.00340660777
3.54983951284
6.41611561943
9.50818442027
7.02898344515
2.41892603866
2.34595802599
4.24062747098
2.70679740886
3.7221832754
3.74825446128
11.0712911708
7.6297270231
13.1346721175
3.21233656375
7.15221285302
3.33701468405
7.52884803314
2.08760883159
7.7188827964
6.88920987419
7.15337627109
4.97185739473
3.19446244317
3.49246391566
4.16075479153
8.42478816567
4.79177827883
4.82245436333
3.69919397738
11.5475027034
9.31652284397
7.84979029809
3.26156225092
3.12045337509
5.67636707099
3.93290252389
3.35680069566
6.87225498244
17.1795377663
3.74376944224
4.06669281914
3.21662702054
2.17480040698
3.9815966952
11.9437513058
6.93219418778
3.55482357098
2.1758148517
3.40717969788
5.34589082638
4.10188972198
2.80860732027
3.41568701574
3.8316074001
5.63959080187
3.99894671128
9.72546810094
8.73510619267
7.0387655509
5.53877669098
8.19693426856
5.71084957437
4.77415715502
7.67894602564
2.82188820492
7.57539441145
7.49016355551
5.12895008572
2.40813525023
3.33014016393
4.35042327929
4.20778248948
5.14624950023
5.15825336178
3.77813030507
4.76633015317
4.71436513422
5.50146806778
10.4770484395
4.50540804879
4.28393865818
7.49009118406
5.82548154779
7.3967879945
2.19909730378
6.44080769873
6.31853852925
6.2100534761
5.53617030029
2.69284837078
8.24278928247
3.70021367762
5.71643107955
3.45394984017
3.04643038496
5.14843490692
8.6104038402
2.34728288819
7.34324476165
5.32650980405
6.32623859251
2.79891405507
4.03052878934
3.61379108299
9.33187345481
5.09971888627
4.80761957959
3.14281489263
2.26477065988
3.29280685161
5.68260939451
5.72750245729
4.88359349692
5.50760968505
5.33059573078
3.7385613803
4.5492576241
6.66270818908
4.19907496014
5.13025432475
3.42487772387
2.58933236874
5.45581645638
4.18740033973
5.14559037176
6.19420800942
3.78264562582
6.70497104919
8.09499348535
5.01517515069
8.43992298303
9.07732182513
5.05354662539
11.6353231182
3.93723902015
3.33904164763
4.95415000061
2.63024628224
4.47244574898
4.11583990434
2.10495061182
3.53864367458
2.63515232633
4.95293552639
3.5793890985
9.47382009218
9.90371409339
2.30924611829
3.30966505554
5.30319282908
9.67841102425
3.09524354536
8.34779802867
4.62833396223
3.77691902594
14.6375139445
3.96704984057
10.241578702
6.13898749007
3.26024151643
6.64137438019
2.35153745075
8.58366131044
4.88737833978
4.81025741578
6.12906914681
4.1074029278
4.95402310314
2.97945468694
2.69416439542
11.3905967865
2.14701359978
4.35693650133
5.20974043603
7.92189837659
15.7606996162
2.84706624222
5.56497369377
3.90412970751
19.8910207897
2.67946003027
6.48892740279
6.04324482104
3.31691984348
12.0832519694
6.30788498646
4.21778967352
4.35007466176
5.43804670905
2.33485551581
8.34453320276
7.25267350564
5.6010787069
7.38129485595
3.3625618792
8.41553085145
8.9349770673
5.75129499718
9.95158250787
6.47044683364
3.59946777289
7.819185786
4.81542473298
5.2530363682
6.04583567992
8.99527883217
5.04921578193
2.76606273461
3.1165027036
3.21253231508
4.1720411257
11.4458106711
2.98917009203
4.44003355833
4.69013026171
3.52489517893
2.64355785155
5.23159958567
9.89425295121
5.88046163771
4.56011214578
5.12115591267
5.73135417975
6.74045538833
4.3561266003
9.44662865713
2.1108452042
5.69511873587
6.10282664399
8.59863350543
4.35144229424
5.45844000558
2.8939087998
4.65965640128
3.16913195508
2.92021263749
6.15317399235
2.8172601019
8.4541939939
4.46144488276
5.70727817648
4.58586452659
2.46859575651
5.42137812136
4.65618933612
3.95351043185
4.52708322979
5.70854785236
3.53753584313
2.87354614692
12.6684906536
6.29367518779
4.452175286
9.0015612114
4.0557573778
6.03035153963
4.16279982738
3.05617846881
4.62499426623
6.76136489527
4.19110980879
3.94652758128
4.03744215714
5.47140404844
7.67564347558
3.39943638784
9.26527605064
3.43149304076
3.01782183897
5.70756157721
7.35942665058
2.70777399368
2.11410619325
7.44602046718
7.08832754457
3.74242265009
7.54741652032
3.28816812871
2.9998523781
2.47266400929
3.80068828551
4.46903586909
4.86562440019
7.39399911787
5.95331476357
4.28798359491
8.22438362743
3.74763359483
12.5392481852
2.9923484074
2.59514229332
8.08936059371
6.35675536311
3.63326346394
6.19503425657
8.73338095213
7.49988139115
5.24487065838
3.99205682367
4.31327011467
13.2683490598
3.00844823635
3.6333111489
3.0342253903
5.23265504458
5.73297804116
6.30445882295
4.98512994974
7.99633297499
7.72841690186
3.88614090952
3.31255677663
5.73000240244
5.24819084906
4.40880529388
5.74784060619
2.90504348075
2.03455936632
3.7539192145
10.9348158136
10.7840498582
6.13684684039
2.53410456812
8.26742806386
6.84542177724
5.34198309011
4.33011655317
3.39330730488
3.17995692694
4.9273361803
3.16067414666
5.03303373297
5.33354291623
2.63401248236
6.15148719806
9.90236521797
8.25789767227
3.90887299403
2.6963361778
10.1079241008
4.3347077396
5.96515744544
4.657837396
2.26364934377
3.13117449998
3.54799975482
5.70630375377
11.2879667149
4.3740460151
6.58718124742
2.43987310565
5.54256212375
3.78806204578
2.76342007089
4.28777727889
10.8002916451
3.81111148839
2.95390585734
10.2081637827
3.07507198746
2.92683451071
10.7030217249
6.48524325497
