/*--------------------------------*- C++ -*----------------------------------*\
| =========                 |                                                 |
| \\      /  F ield         | OpenFOAM: The Open Source CFD Toolbox           |
|  \\    /   O peration     | Version:  1.7.x                                 |
|   \\  /    A nd           | Web:      www.OpenFOAM.com                      |
|    \\/     M anipulation  |                                                 |
\*---------------------------------------------------------------------------*/
FoamFile
{
    version     2.0;
    format      ascii;
    class       faceSet;
    location    "constant/polyMesh/sets";
    object      nonOrthoFaces;
}
// * * * * * * * * * * * * * * * * * * * * * * * * * * * * * * * * * * * * * //


8722
(
32769 
32771 
32773 
32775 
32777 
32779 
32780 
32782 
32784 
32786 
32788 
32790 
32792 
32794 
32796 
32798 
32800 
32802 
32804 
32806 
32808 
32810 
32812 
32814 
32816 
32818 
32820 
32822 
32824 
32826 
32828 
32830 
32832 
32834 
32836 
32838 
32839 
32841 
32843 
32845 
32847 
32849 
32851 
32853 
32855 
32857 
32859 
32861 
32863 
32865 
32867 
32869 
32871 
32873 
32875 
32877 
32879 
32881 
32883 
32885 
32887 
32889 
32891 
32893 
32895 
32897 
32898 
32900 
32902 
32904 
32906 
32908 
32910 
32912 
32914 
32916 
32918 
32920 
32922 
32924 
32926 
32928 
32930 
32932 
32934 
32936 
32938 
32940 
32942 
32944 
32946 
32948 
32950 
32952 
32954 
32956 
32957 
32959 
32961 
32963 
32965 
32967 
32969 
32971 
32973 
32975 
32977 
32979 
32981 
32983 
32985 
32987 
32989 
32991 
32993 
32995 
32997 
32999 
33001 
33003 
33005 
33007 
33009 
33011 
33013 
33015 
33016 
33018 
33020 
33022 
33024 
33026 
33028 
33030 
33032 
33034 
33036 
33038 
33040 
33042 
33044 
33046 
33048 
33050 
33052 
33054 
33056 
33058 
33060 
33062 
33064 
33066 
33068 
33070 
33072 
33074 
33075 
19476 
19556 
19558 
19560 
19562 
19564 
19566 
19568 
19570 
19572 
19574 
19576 
19578 
19580 
19582 
19636 
19638 
19640 
19642 
19644 
19646 
19648 
19650 
19652 
19654 
19656 
19658 
19660 
19662 
19664 
19666 
19668 
19670 
19672 
19674 
19676 
19678 
19680 
19682 
19684 
19716 
19718 
19720 
19722 
19724 
19726 
19728 
19730 
19732 
19734 
19736 
19738 
19740 
19742 
19744 
19746 
19748 
19750 
19752 
19754 
19756 
19758 
19760 
19762 
19764 
19766 
19768 
19770 
19772 
19774 
19776 
19778 
19780 
19796 
19798 
19800 
19802 
19804 
19806 
19808 
19810 
19812 
19814 
19816 
19818 
19820 
19822 
19824 
19826 
19828 
19830 
19832 
19834 
19836 
19838 
19840 
19842 
19844 
19846 
19848 
19850 
19852 
19854 
19856 
19858 
19860 
19862 
19864 
19866 
19868 
19870 
19872 
19873 
19876 
19878 
19880 
19882 
19884 
19886 
19888 
19890 
19892 
19894 
19896 
19898 
19900 
19902 
19904 
19906 
19908 
19910 
19912 
19914 
19916 
19918 
19920 
19922 
19924 
19926 
19928 
19930 
19932 
19934 
19936 
19938 
19940 
19942 
19944 
19946 
19948 
19950 
19952 
19953 
19956 
19958 
19960 
19962 
19964 
19966 
19968 
19970 
19972 
19974 
19976 
19978 
19980 
19982 
19984 
19986 
19988 
19990 
19992 
19994 
19996 
19998 
20000 
20002 
20004 
20006 
20008 
20010 
20012 
20014 
20016 
20018 
20020 
20022 
20024 
20026 
20028 
20030 
20032 
20033 
20036 
20038 
20040 
20042 
20044 
20046 
20048 
20050 
20052 
20054 
20056 
20058 
20060 
20062 
20064 
20066 
20068 
20070 
20072 
20074 
20076 
20078 
20080 
20082 
20084 
20086 
20088 
20090 
20092 
20094 
20096 
20098 
20100 
20102 
20104 
20106 
20108 
20110 
20112 
20113 
20116 
20118 
20120 
20122 
20124 
20126 
20128 
20130 
20132 
20134 
20136 
20138 
20140 
20142 
20144 
20146 
20148 
20150 
20152 
20154 
20156 
20158 
20160 
20162 
20164 
20166 
20168 
20170 
20172 
20174 
20176 
20178 
20180 
20182 
20184 
20186 
20188 
20190 
20192 
20193 
20196 
20198 
20200 
20202 
20204 
20206 
20208 
20210 
20212 
20214 
20216 
20218 
20220 
20222 
20224 
20226 
20228 
20230 
20232 
20234 
20236 
20238 
20240 
20242 
20244 
20246 
20248 
20250 
20252 
20254 
20256 
20258 
20260 
20262 
20264 
20266 
20268 
20270 
20272 
20273 
20276 
20278 
20280 
20282 
20284 
20286 
20288 
20290 
20292 
20294 
20296 
20298 
20300 
20302 
20304 
20306 
20308 
20310 
20312 
20314 
20316 
20318 
20320 
20322 
20324 
20326 
20328 
20330 
20332 
20334 
20336 
20338 
20340 
20342 
20344 
20346 
20348 
20350 
20352 
20353 
20356 
20358 
20360 
20362 
20364 
20366 
20368 
20370 
20372 
20374 
20376 
20378 
20380 
20382 
20384 
20386 
20388 
20390 
20392 
20394 
20396 
20398 
20400 
20402 
20404 
20406 
20408 
20410 
20412 
20414 
20416 
20418 
20420 
20422 
20424 
20426 
20428 
20430 
20432 
20433 
20436 
20438 
20440 
20442 
20444 
20446 
20448 
20450 
20452 
20454 
20456 
20458 
20460 
20462 
20464 
20466 
20468 
20470 
20472 
20474 
20476 
20478 
20480 
20482 
20484 
20486 
20488 
20490 
20492 
20494 
20496 
20498 
20500 
20502 
20504 
20506 
20508 
20510 
20512 
20513 
20516 
20518 
20520 
20522 
20524 
20526 
20528 
20530 
20532 
20534 
20536 
20538 
20540 
20542 
20544 
20546 
20548 
20550 
20552 
20554 
20556 
20558 
20560 
20562 
20564 
20566 
20568 
20570 
20572 
20574 
20576 
20578 
20580 
20582 
20584 
20586 
20588 
20590 
20592 
20593 
20596 
20598 
20600 
20602 
20604 
20606 
20608 
20610 
20612 
20614 
20616 
20618 
20620 
20622 
20624 
20626 
20628 
20630 
20632 
20634 
20636 
20638 
20640 
20642 
20644 
20646 
20648 
20650 
20652 
20654 
20656 
20658 
20660 
20662 
20664 
20666 
20668 
20670 
20672 
20673 
20676 
20678 
20680 
20682 
20684 
20686 
20688 
20690 
20692 
20694 
20696 
20698 
20700 
20702 
20704 
20706 
20708 
20710 
20712 
20714 
20716 
20718 
20720 
20722 
20724 
20726 
20728 
20730 
20732 
20734 
20736 
20738 
20740 
20742 
20744 
20746 
20748 
20750 
20752 
20753 
20756 
20758 
20760 
20762 
20764 
20766 
20768 
20770 
20772 
20774 
20776 
20778 
20780 
20782 
20784 
20786 
20788 
20790 
20792 
20794 
20796 
20798 
20800 
20802 
20804 
20806 
20808 
20810 
20812 
20814 
20816 
20818 
20820 
20822 
20824 
20826 
20828 
20830 
20832 
20833 
20836 
20838 
20840 
20842 
20844 
20846 
20848 
20850 
20852 
20854 
20856 
20858 
20860 
20862 
20864 
20866 
20868 
20870 
20872 
20874 
20876 
20878 
20880 
20882 
20884 
20886 
20888 
20890 
20892 
20894 
20896 
20898 
20900 
20902 
20904 
20906 
20908 
20910 
20912 
20913 
20916 
20918 
20920 
20922 
20924 
20926 
20928 
20930 
20932 
20934 
20936 
20938 
20940 
20942 
20944 
20946 
20948 
20950 
20952 
20954 
20956 
20958 
20960 
20962 
20964 
20966 
20968 
20970 
20972 
20974 
20976 
20978 
20980 
20982 
20984 
20986 
20988 
20990 
20992 
20993 
20996 
20998 
21000 
21002 
21004 
21006 
21008 
21010 
21012 
21014 
21016 
21018 
21020 
21022 
21024 
21026 
21028 
21030 
21032 
21034 
21036 
21038 
21040 
21042 
21044 
21046 
21048 
21050 
21052 
21054 
21056 
21058 
21060 
21062 
21064 
21066 
21068 
21070 
21072 
21073 
21076 
21078 
21080 
21082 
21084 
21086 
21088 
21090 
21092 
21094 
21096 
21098 
21100 
21102 
21104 
21106 
21108 
21110 
21112 
21114 
21116 
21118 
21120 
21122 
21124 
21126 
21128 
21130 
21132 
21134 
21136 
21138 
21140 
21142 
21144 
21146 
21148 
21150 
21152 
21153 
21156 
21158 
21160 
21162 
21164 
21166 
21168 
21170 
21172 
21174 
21176 
21178 
21180 
21182 
21184 
21186 
21188 
21190 
21192 
21194 
21196 
21198 
21200 
21202 
21204 
21206 
21208 
21210 
21212 
21214 
21216 
21218 
21220 
21222 
21224 
21226 
21228 
21230 
21232 
21233 
21236 
21238 
21240 
21242 
21244 
21246 
21248 
21250 
21252 
21254 
21256 
21258 
21260 
21262 
21264 
21266 
21268 
21270 
21272 
21274 
21276 
21278 
21280 
21282 
21284 
21286 
21288 
21290 
21292 
21294 
21296 
21298 
21300 
21302 
21304 
21306 
21308 
21310 
21312 
21313 
21316 
21318 
21320 
21322 
21324 
21326 
21328 
21330 
21332 
21334 
21336 
21338 
21340 
21342 
21344 
21346 
21348 
21350 
21352 
21354 
21356 
21358 
21360 
21362 
21364 
21366 
21368 
21370 
21372 
21374 
21376 
21378 
21380 
21382 
21384 
21386 
21388 
21390 
21392 
21393 
21396 
21398 
21400 
21402 
21404 
21406 
21408 
21410 
21412 
21414 
21416 
21418 
21420 
21422 
21424 
21426 
21428 
21430 
21432 
21434 
21436 
21438 
21440 
21442 
21444 
21446 
21448 
21450 
21452 
21454 
21456 
21458 
21460 
21462 
21464 
21466 
21468 
21470 
21472 
21473 
21476 
21478 
21480 
21482 
21484 
21486 
21488 
21490 
21492 
21494 
21496 
21498 
21500 
21502 
21504 
21506 
21508 
21510 
21512 
21514 
21516 
21518 
21520 
21522 
21524 
21526 
21528 
21530 
21532 
21534 
21536 
21538 
21540 
21542 
21544 
21546 
21548 
21550 
21552 
21553 
21556 
21558 
21560 
21562 
21564 
21566 
21568 
21570 
21572 
21574 
21576 
21578 
21580 
21582 
21584 
21586 
21588 
21590 
21592 
21594 
21596 
21598 
21600 
21602 
21604 
21606 
21608 
21610 
21612 
21614 
21616 
21618 
21620 
21622 
21624 
21626 
21628 
21630 
21632 
21633 
21636 
21638 
21640 
21642 
21644 
21646 
21648 
21650 
21652 
21654 
21656 
21658 
21660 
21662 
21664 
21666 
21668 
21670 
21672 
21674 
21676 
21678 
21680 
21682 
21684 
21686 
21688 
21690 
21692 
21694 
21696 
21698 
21700 
21702 
21704 
21706 
21708 
21710 
21712 
21713 
21716 
21718 
21720 
21722 
21724 
21726 
21728 
21730 
21732 
21734 
21736 
21738 
21740 
21742 
21744 
21746 
21748 
21750 
21752 
21754 
21756 
21758 
21760 
21762 
21764 
21766 
21768 
21770 
21772 
21774 
21776 
21778 
21780 
21782 
21784 
21786 
21788 
21790 
21792 
21793 
21796 
21798 
21800 
21802 
21804 
21806 
21808 
21810 
21812 
21814 
21816 
21818 
21820 
21822 
21824 
21826 
21828 
21830 
21832 
21834 
21836 
21838 
21840 
21842 
21844 
21846 
21848 
21850 
21852 
21854 
21856 
21858 
21860 
21862 
21864 
21866 
21868 
21870 
21872 
21873 
21876 
21878 
21880 
21882 
21884 
21886 
21888 
21890 
21892 
21894 
21896 
21898 
21900 
21902 
21904 
21906 
21908 
21910 
21912 
21914 
21916 
21918 
21920 
21922 
21924 
21926 
21928 
21930 
21932 
21934 
21936 
21938 
21940 
21942 
21944 
21946 
21948 
21950 
21952 
21953 
21956 
21958 
21960 
21962 
21964 
21966 
21968 
21970 
21972 
21974 
21976 
21978 
21980 
21982 
21984 
21986 
21988 
21990 
21992 
21994 
21996 
21998 
22000 
22002 
22004 
22006 
22008 
22010 
22012 
22014 
22016 
22018 
22020 
22022 
22024 
22026 
22028 
22030 
22032 
22033 
22036 
22038 
22040 
22042 
22044 
22046 
22048 
22050 
22052 
22054 
22056 
22058 
22060 
22062 
22064 
22066 
22068 
22070 
22072 
22074 
22076 
22078 
22080 
22082 
22084 
22086 
22088 
22090 
22092 
22094 
22096 
22098 
22100 
22102 
22104 
22106 
22108 
22110 
22112 
22113 
22116 
22118 
22120 
22122 
22124 
22126 
22128 
22130 
22132 
22134 
22136 
22138 
22140 
22142 
22144 
22146 
22148 
22150 
22152 
22154 
22156 
22158 
22160 
22162 
22164 
22166 
22168 
22170 
22172 
22174 
22176 
22178 
22180 
22182 
22184 
22186 
22188 
22190 
22192 
22193 
22196 
22198 
22200 
22202 
22204 
22206 
22208 
22210 
22212 
22214 
22216 
22218 
22220 
22222 
22224 
22226 
22228 
22230 
22232 
22234 
22236 
22238 
22240 
22242 
22244 
22246 
22248 
22250 
22252 
22254 
22256 
22258 
22260 
22262 
22264 
22266 
22268 
22270 
22272 
22273 
22276 
22278 
22280 
22282 
22284 
22286 
22288 
22290 
22292 
22294 
22296 
22298 
22300 
22302 
22304 
22306 
22308 
22310 
22312 
22314 
22316 
22318 
22320 
22322 
22324 
22326 
22328 
22330 
22332 
22334 
22336 
22338 
22340 
22342 
22344 
22346 
22348 
22350 
22352 
22353 
22356 
22358 
22360 
22362 
22364 
22366 
22368 
22370 
22372 
22374 
22376 
22378 
22380 
22382 
22384 
22386 
22388 
22390 
22392 
22394 
22396 
22398 
22400 
22402 
22404 
22406 
22408 
22410 
22412 
22414 
22416 
22418 
22420 
22422 
22424 
22426 
22428 
22430 
22432 
22433 
22436 
22438 
22440 
22442 
22444 
22446 
22448 
22450 
22452 
22454 
22456 
22458 
22460 
22462 
22464 
22466 
22468 
22470 
22472 
22474 
22476 
22478 
22480 
22482 
22484 
22486 
22488 
22490 
22492 
22494 
22496 
22498 
22500 
22502 
22504 
22506 
22508 
22510 
22512 
22513 
22516 
22518 
22520 
22522 
22524 
22526 
22528 
22530 
22532 
22534 
22536 
22538 
22540 
22542 
22544 
22546 
22548 
22550 
22552 
22554 
22556 
22558 
22560 
22562 
22564 
22566 
22568 
22570 
22572 
22574 
22576 
22578 
22580 
22582 
22584 
22586 
22588 
22590 
22592 
22593 
22596 
22598 
22600 
22602 
22604 
22606 
22608 
22610 
22612 
22614 
22616 
22618 
22620 
22622 
22624 
22626 
22628 
22630 
22632 
22634 
22636 
22638 
22640 
22642 
22644 
22646 
22648 
22650 
22652 
22654 
22656 
22658 
22660 
22662 
22664 
22666 
22668 
22670 
22672 
22673 
22676 
22678 
22680 
22682 
22684 
22686 
22688 
22690 
22692 
22694 
22696 
22698 
22700 
22702 
22704 
22706 
22708 
22710 
22712 
22714 
22716 
22718 
22720 
22722 
22724 
22726 
22728 
22730 
22732 
22734 
22736 
22738 
22740 
22742 
22744 
22746 
22748 
22750 
22752 
22753 
22756 
22758 
22760 
22762 
22764 
22766 
22768 
22770 
22772 
22774 
22776 
22778 
22780 
22782 
22784 
22786 
22788 
22790 
22792 
22794 
22796 
22798 
22800 
22802 
22804 
22806 
22808 
22810 
22812 
22814 
22816 
22818 
22820 
22822 
22824 
22826 
22828 
22830 
22832 
22833 
22836 
22838 
22840 
22842 
22844 
22846 
22848 
22850 
22852 
22854 
22856 
22858 
22860 
22862 
22864 
22866 
22868 
22870 
22872 
22874 
22876 
22878 
22880 
22882 
22884 
22886 
22888 
22890 
22892 
22894 
22896 
22898 
22900 
22902 
22904 
22906 
22908 
22910 
22912 
22913 
22916 
22918 
22920 
22922 
22924 
22926 
22928 
22930 
22932 
22934 
22936 
22938 
22940 
22942 
22944 
22946 
22948 
22950 
22952 
22954 
22956 
22958 
22960 
22962 
22964 
22966 
22968 
22970 
22972 
22974 
22976 
22978 
22980 
22982 
22984 
22986 
22988 
22990 
22992 
22993 
22996 
22998 
23000 
23002 
23004 
23006 
23008 
23010 
23012 
23014 
23016 
23018 
23020 
23022 
23024 
23026 
23028 
23030 
23032 
23034 
23036 
23038 
23040 
23042 
23044 
23046 
23048 
23050 
23052 
23054 
23056 
23058 
23060 
23062 
23064 
23066 
23068 
23070 
23072 
23073 
23076 
23078 
23080 
23082 
23084 
23086 
23088 
23090 
23092 
23094 
23096 
23098 
23100 
23102 
23104 
23106 
23108 
23110 
23112 
23114 
23116 
23118 
23120 
23122 
23124 
23126 
23128 
23130 
23132 
23134 
23136 
23138 
23140 
23142 
23144 
23146 
23148 
23150 
23152 
23153 
23156 
23158 
23160 
23162 
23164 
23166 
23168 
23170 
23172 
23174 
23176 
23178 
23180 
23182 
23184 
23186 
23188 
23190 
23192 
23194 
23196 
23198 
23200 
23202 
23204 
23206 
23208 
23210 
23212 
23214 
23216 
23218 
23220 
23222 
23224 
23226 
23228 
23230 
23232 
23233 
23236 
23238 
23240 
23242 
23244 
23246 
23248 
23250 
23252 
23254 
23256 
23258 
23260 
23262 
23264 
23266 
23268 
23270 
23272 
23274 
23276 
23278 
23280 
23282 
23284 
23286 
23288 
23290 
23292 
23294 
23296 
23298 
23300 
23302 
23304 
23306 
23308 
23310 
23312 
23313 
23316 
23318 
23320 
23322 
23324 
23326 
23328 
23330 
23332 
23334 
23336 
23338 
23340 
23342 
23344 
23346 
23348 
23350 
23352 
23354 
23356 
23358 
23360 
23362 
23364 
23366 
23368 
23370 
23372 
23374 
23376 
23378 
23380 
23382 
23384 
23386 
23388 
23390 
23392 
23393 
23396 
23398 
23400 
23402 
23404 
23406 
23408 
23410 
23412 
23414 
23416 
23418 
23420 
23422 
23424 
23426 
23428 
23430 
23432 
23434 
23436 
23438 
23440 
23442 
23444 
23446 
23448 
23450 
23452 
23454 
23456 
23458 
23460 
23462 
23464 
23466 
23468 
23470 
23472 
23473 
23476 
23478 
23480 
23482 
23484 
23486 
23488 
23490 
23492 
23494 
23496 
23498 
23500 
23502 
23504 
23506 
23508 
23510 
23512 
23514 
23516 
23518 
23520 
23522 
23524 
23526 
23528 
23530 
23532 
23534 
23536 
23538 
23540 
23542 
23544 
23546 
23548 
23550 
23552 
23553 
23556 
23558 
23560 
23562 
23564 
23566 
23568 
23570 
23572 
23574 
23576 
23578 
23580 
23582 
23584 
23586 
23588 
23590 
23592 
23594 
23596 
23598 
23600 
23602 
23604 
23606 
23608 
23610 
23612 
23614 
23616 
23618 
23620 
23622 
23624 
23626 
23628 
23630 
23632 
23633 
23636 
23638 
23640 
23642 
23644 
23646 
23648 
23650 
23652 
23654 
23656 
23658 
23660 
23662 
23664 
23666 
23668 
23670 
23672 
23674 
23676 
23678 
23680 
23682 
23684 
23686 
23688 
23690 
23692 
23694 
23696 
23698 
23700 
23702 
23704 
23706 
23708 
23710 
23712 
23713 
23716 
23718 
23720 
23722 
23724 
23726 
23728 
23730 
23732 
23734 
23736 
23738 
23740 
23742 
23744 
23746 
23748 
23750 
23752 
23754 
23756 
23758 
23760 
23762 
23764 
23766 
23768 
23770 
23772 
23774 
23776 
23778 
23780 
23782 
23784 
23786 
23788 
23790 
23792 
23793 
23796 
23798 
23800 
23802 
23804 
23806 
23808 
23810 
23812 
23814 
23816 
23818 
23820 
23822 
23824 
23826 
23828 
23830 
23832 
23834 
23836 
23838 
23840 
23842 
23844 
23846 
23848 
23850 
23852 
23854 
23856 
23858 
23860 
23862 
23864 
23866 
23868 
23870 
23872 
23873 
23876 
23878 
23880 
23882 
23884 
23886 
23888 
23890 
23892 
23894 
23896 
23898 
23900 
23902 
23904 
7521 
23906 
7523 
23908 
7525 
23910 
7527 
23912 
7529 
23914 
7531 
23916 
7533 
23918 
7535 
23920 
7537 
23922 
7539 
23924 
7541 
23926 
7543 
23928 
7545 
23930 
7547 
23932 
7549 
23934 
7551 
23936 
7553 
23938 
7555 
23940 
7557 
23942 
7559 
23944 
7561 
23946 
7563 
23948 
7565 
23950 
7567 
23952 
7569 
23953 
7571 
23956 
7573 
23958 
7575 
23960 
7577 
7578 
23962 
23964 
7581 
23966 
7583 
23968 
7585 
23970 
7587 
23972 
7589 
23974 
7591 
23976 
7593 
23978 
7595 
23980 
7597 
23982 
7599 
23984 
7601 
23986 
7603 
23988 
7605 
23990 
7607 
23992 
7609 
23994 
7611 
23996 
7613 
23998 
7615 
24000 
7617 
24002 
7619 
24004 
7621 
24006 
7623 
24008 
7625 
24010 
7627 
24012 
7629 
24014 
7631 
24016 
7633 
24018 
7635 
24020 
7637 
7638 
24022 
24024 
7641 
24026 
7643 
24028 
7645 
24030 
7647 
24032 
7649 
24033 
7651 
24036 
7653 
24038 
7655 
24040 
7657 
24042 
7659 
24044 
7661 
24046 
7663 
24048 
7665 
24050 
7667 
24052 
7669 
24054 
7671 
24056 
7673 
24058 
7675 
24060 
7677 
24062 
7679 
24064 
7681 
24066 
7683 
24068 
7685 
24070 
7687 
24072 
7689 
24074 
7691 
24076 
7693 
24078 
7695 
24080 
7697 
7698 
24082 
24084 
7701 
24086 
7703 
24088 
7705 
24090 
7707 
24092 
7709 
24094 
7711 
24096 
7713 
24098 
7715 
24100 
7717 
24102 
7719 
24104 
7721 
24106 
7723 
24108 
7725 
24110 
7727 
24112 
7729 
24113 
7731 
24116 
7733 
24118 
7735 
24120 
7737 
24122 
7739 
24124 
7741 
24126 
7743 
24128 
7745 
24130 
7747 
24132 
7749 
24134 
7751 
24136 
7753 
24138 
7755 
24140 
7757 
7758 
24142 
24144 
7761 
24146 
7763 
24148 
7765 
24150 
7767 
24152 
7769 
24154 
7771 
24156 
7773 
24158 
7775 
24160 
7777 
24162 
7779 
24164 
7781 
24166 
7783 
24168 
7785 
24170 
7787 
24172 
7789 
24174 
7791 
24176 
7793 
24178 
7795 
24180 
7797 
24182 
7799 
24184 
7801 
24186 
7803 
24188 
7805 
24190 
7807 
24192 
24193 
7809 
7811 
24196 
7813 
24198 
7815 
24200 
7817 
24202 
7818 
24204 
7821 
24206 
7823 
24208 
7825 
24210 
7827 
24212 
7829 
24214 
7831 
24216 
7833 
24218 
7835 
24220 
7837 
24222 
7839 
24224 
7841 
24226 
7843 
24228 
7845 
24230 
7847 
24232 
7849 
24234 
7851 
24236 
7853 
24238 
7855 
24240 
7857 
24242 
7859 
24244 
7861 
24246 
7863 
24248 
7865 
24250 
7867 
24252 
7869 
24254 
7871 
24256 
7873 
24258 
7875 
24260 
7877 
24262 
7878 
24264 
7881 
24266 
7883 
24268 
7885 
24270 
7887 
24272 
24273 
7889 
7891 
24276 
7893 
24278 
7895 
24280 
7897 
24282 
7899 
24284 
7901 
24286 
7903 
24288 
7905 
24290 
7907 
24292 
7909 
24294 
7911 
24296 
7913 
24298 
7915 
24300 
7917 
24302 
7919 
24304 
7921 
24306 
7923 
24308 
7925 
24310 
7927 
24312 
7929 
24314 
7931 
24316 
7933 
24318 
7935 
24320 
7937 
24322 
7938 
24324 
7941 
24326 
7943 
24328 
7945 
24330 
7947 
24332 
7949 
24334 
7951 
24336 
7953 
24338 
7955 
24340 
7957 
24342 
7959 
24344 
7961 
24346 
7963 
24348 
7965 
24350 
7967 
24352 
24353 
7969 
7971 
24356 
7973 
24358 
7975 
24360 
7977 
24362 
7979 
24364 
7981 
24366 
7983 
24368 
7985 
24370 
7987 
24372 
7989 
24374 
7991 
24376 
7993 
24378 
7995 
24380 
7997 
24382 
7998 
24384 
8001 
24386 
8003 
24388 
8005 
24390 
8007 
24392 
8009 
24394 
8011 
24396 
8013 
24398 
8015 
24400 
8017 
24402 
8019 
24404 
8021 
24406 
8023 
24408 
8025 
24410 
8027 
24412 
8029 
24414 
8031 
24416 
8033 
24418 
8035 
24420 
8037 
24422 
8039 
24424 
8041 
24426 
8043 
24428 
8045 
24430 
8047 
24432 
24433 
8049 
8051 
24436 
8053 
24438 
8055 
24440 
8057 
24442 
8058 
24444 
8061 
24446 
8063 
24448 
8065 
24450 
8067 
24452 
8069 
24454 
8071 
24456 
8073 
24458 
8075 
24460 
8077 
24462 
8079 
24464 
8081 
24466 
8083 
24468 
8085 
24470 
8087 
24472 
8089 
24474 
8091 
24476 
8093 
24478 
8095 
24480 
8097 
24482 
8099 
24484 
8101 
24486 
8103 
24488 
8105 
24490 
8107 
24492 
8109 
24494 
8111 
24496 
8113 
24498 
8115 
24500 
8117 
24502 
8118 
24504 
8121 
24506 
8123 
24508 
8125 
24510 
8127 
24512 
24513 
8129 
8131 
24516 
8133 
24518 
8135 
24520 
8137 
24522 
8139 
24524 
8141 
24526 
8143 
24528 
8145 
24530 
8147 
24532 
8149 
24534 
8151 
24536 
8153 
24538 
8155 
24540 
8157 
24542 
8159 
24544 
8161 
24546 
8163 
24548 
8165 
24550 
8167 
24552 
8169 
24554 
8171 
24556 
8173 
24558 
8175 
24560 
8177 
24562 
8178 
24564 
8181 
24566 
8183 
24568 
8185 
24570 
8187 
24572 
8189 
24574 
8191 
24576 
8193 
24578 
8195 
24580 
8197 
24582 
8199 
24584 
8201 
24586 
8203 
24588 
8205 
24590 
8207 
24592 
24593 
8209 
8211 
24596 
8213 
24598 
8215 
24600 
8217 
24602 
8219 
24604 
8221 
24606 
8223 
24608 
8225 
24610 
8227 
24612 
8229 
24614 
8231 
24616 
8233 
24618 
8235 
24620 
8237 
24622 
8238 
24624 
8241 
24626 
8243 
24628 
8245 
24630 
8247 
24632 
8249 
24634 
8251 
24636 
8253 
24638 
8255 
24640 
8257 
24642 
8259 
24644 
8261 
24646 
8263 
24648 
8265 
24650 
8267 
24652 
8269 
24654 
8271 
24656 
8273 
24658 
8275 
24660 
8277 
24662 
8279 
24664 
8281 
24666 
8283 
24668 
8285 
24670 
8287 
24672 
24673 
8289 
8291 
24676 
8293 
24678 
8295 
24680 
8297 
24682 
8298 
24684 
8301 
24686 
8303 
24688 
8305 
24690 
8307 
24692 
8309 
24694 
8311 
24696 
8313 
24698 
8315 
24700 
8317 
24702 
8319 
24704 
8321 
24706 
8323 
24708 
8325 
24710 
8327 
24712 
8329 
24714 
8331 
24716 
8333 
24718 
8335 
24720 
8337 
24722 
8339 
24724 
8341 
24726 
8343 
24728 
8345 
24730 
8347 
24732 
8349 
24734 
8351 
24736 
8353 
24738 
8355 
24740 
8357 
24742 
8358 
24744 
8361 
24746 
8363 
24748 
8365 
24750 
8367 
24752 
24753 
8369 
8371 
24756 
8373 
24758 
8375 
24760 
8377 
24762 
8379 
24764 
8381 
24766 
8383 
24768 
8385 
24770 
8387 
24772 
8389 
24774 
8391 
24776 
8393 
24778 
8395 
24780 
8397 
24782 
8399 
24784 
8401 
24786 
8403 
24788 
8405 
24790 
8407 
24792 
8409 
24794 
8411 
24796 
8413 
24798 
8415 
24800 
8417 
24802 
8418 
24804 
8421 
24806 
8423 
24808 
8425 
24810 
8427 
24812 
8429 
24814 
8431 
24816 
8433 
24818 
8435 
24820 
8437 
24822 
8439 
24824 
8441 
24826 
8443 
24828 
8445 
24830 
8447 
24832 
24833 
8449 
8451 
8453 
8455 
8457 
8459 
8461 
8463 
8465 
8467 
8469 
8471 
8473 
8475 
8477 
8478 
8481 
8483 
8485 
8487 
8489 
8491 
8493 
8495 
8497 
8499 
8501 
8503 
8505 
8507 
8509 
8511 
8513 
8515 
8517 
8519 
8521 
8523 
8525 
8527 
8529 
8531 
8533 
8535 
8537 
8538 
8541 
8543 
8545 
8547 
8549 
8551 
8553 
8555 
8557 
8559 
8561 
8563 
8565 
8567 
8569 
8571 
8573 
8575 
8577 
8579 
8581 
8583 
8585 
8587 
8589 
8591 
8593 
8595 
8597 
8598 
8601 
8603 
8605 
8607 
8609 
8611 
8613 
8615 
8617 
8619 
8621 
8623 
8625 
8627 
8629 
8631 
8633 
8635 
8637 
8639 
8641 
8643 
8645 
8647 
8649 
8651 
8653 
8655 
8657 
8658 
8661 
8663 
8665 
8667 
8669 
8671 
8673 
8675 
8677 
8679 
8681 
8683 
8685 
8687 
8689 
8691 
8693 
8695 
8697 
8699 
8701 
8703 
8705 
8707 
8709 
8711 
8713 
8715 
8717 
8718 
8721 
8723 
8725 
8727 
8729 
8731 
8733 
8735 
8737 
8739 
8741 
8743 
8745 
8747 
8749 
8751 
8753 
8755 
8757 
8759 
8761 
8763 
8765 
8767 
8769 
8771 
8773 
8775 
8777 
8778 
8781 
8783 
8785 
8787 
8789 
8791 
8793 
8795 
8797 
8799 
8801 
8803 
8805 
8807 
8809 
8811 
8813 
8815 
8817 
8819 
8821 
8823 
8825 
8827 
8829 
8831 
8833 
8835 
8837 
8838 
8841 
8843 
8845 
8847 
8849 
8851 
8853 
8855 
8857 
8859 
8861 
8863 
8865 
8867 
8869 
8871 
8873 
8875 
8877 
8879 
8881 
8883 
8885 
8887 
8889 
8891 
8893 
8895 
8897 
8898 
8901 
8903 
8905 
8907 
8909 
8911 
8913 
8915 
8917 
8919 
8921 
8923 
8925 
8927 
8929 
8931 
8933 
8935 
8937 
8939 
8941 
8943 
8945 
8947 
8949 
8951 
8953 
8955 
8957 
8958 
8961 
8963 
8965 
8967 
8969 
8971 
8973 
8975 
8977 
8979 
8981 
8983 
8985 
8987 
8989 
8991 
8993 
8995 
8997 
8999 
9001 
9003 
9005 
9007 
9009 
9011 
9013 
9015 
9017 
9018 
9021 
9023 
9025 
9027 
9029 
9031 
9033 
9035 
9037 
9039 
9041 
9043 
9045 
9047 
9049 
9051 
9053 
9055 
9057 
9059 
9061 
9063 
9065 
9067 
9069 
9071 
9073 
9075 
9077 
9078 
9081 
9083 
9085 
9087 
9089 
9091 
9093 
9095 
9097 
9099 
9101 
9103 
9105 
9107 
9109 
9111 
9113 
9115 
9117 
9119 
9121 
9123 
9125 
9127 
9129 
9130 
9131 
9132 
9133 
9134 
9135 
9136 
9137 
9138 
9141 
9143 
9145 
9147 
9149 
9151 
9153 
9155 
9156 
9157 
9158 
9159 
9160 
9161 
9162 
9163 
9164 
9165 
9166 
9167 
9168 
9169 
9170 
9171 
9172 
9173 
9174 
9175 
9176 
9177 
9178 
9179 
9180 
9181 
9182 
9183 
9184 
9185 
9186 
9187 
9188 
9189 
9190 
9191 
9192 
9193 
9194 
9195 
9196 
9197 
9198 
9200 
9201 
9202 
9203 
9204 
9205 
9206 
9207 
9208 
9209 
9210 
9211 
9212 
9213 
9214 
9215 
9216 
9217 
9218 
9219 
9220 
9221 
9222 
9223 
9224 
9225 
9226 
9227 
9228 
9229 
9230 
9231 
9232 
9233 
9234 
9235 
9236 
9237 
9238 
9239 
9240 
9241 
9242 
9243 
9244 
9245 
9246 
9247 
9248 
9249 
9250 
9251 
9252 
9253 
9254 
9255 
9256 
9257 
9258 
9260 
9261 
9262 
9263 
9264 
9265 
9266 
9267 
9268 
9269 
9270 
9271 
9272 
9273 
9274 
9275 
9276 
9277 
9278 
9279 
9280 
9281 
9282 
9283 
9284 
9285 
9286 
9287 
9288 
9289 
9290 
9291 
9292 
9293 
9294 
9295 
9296 
9297 
9298 
9299 
9300 
9301 
9302 
9303 
9304 
9305 
9306 
9307 
9308 
9309 
9310 
9311 
9312 
9313 
9314 
9315 
9316 
9317 
9318 
9320 
9321 
9322 
9323 
9324 
9325 
9326 
9327 
9328 
9329 
9330 
9331 
9332 
9333 
9334 
9335 
9336 
9337 
9338 
9339 
9340 
9341 
9342 
9343 
9344 
9345 
9346 
9347 
9348 
9349 
9350 
9351 
9352 
9353 
9354 
9355 
9356 
9357 
9358 
9359 
9360 
9361 
9362 
9363 
9364 
9365 
9366 
9367 
9368 
9369 
9370 
9371 
9372 
9373 
9374 
9375 
9376 
9377 
9378 
9380 
9381 
9382 
9383 
9384 
9385 
9386 
9387 
9388 
9389 
9390 
9391 
9392 
9393 
9394 
9395 
9396 
9397 
9398 
9399 
9400 
9401 
9402 
9403 
9404 
9405 
9406 
9407 
9408 
9409 
9410 
9411 
9412 
9413 
9414 
9415 
9416 
9417 
9418 
9419 
9420 
9421 
9422 
9423 
9424 
9425 
9426 
9427 
9428 
9429 
9430 
9431 
9432 
9433 
9434 
9435 
9436 
9437 
9438 
9440 
9441 
9442 
9443 
9444 
9445 
9446 
9447 
9448 
9449 
9450 
9451 
9452 
9453 
9454 
9455 
9456 
9457 
9458 
9459 
9460 
9461 
9462 
9463 
9464 
9465 
9466 
9467 
9468 
9469 
9470 
9471 
9472 
9473 
9474 
9475 
9476 
9477 
9478 
9479 
9480 
9481 
9482 
9483 
9484 
9485 
9486 
9487 
9488 
9489 
9490 
9491 
9492 
9493 
9494 
9495 
9496 
9497 
9498 
9500 
9501 
9502 
9503 
9504 
9505 
9506 
9507 
9508 
9509 
9510 
9511 
9512 
9513 
9514 
9515 
9516 
9517 
9518 
9519 
9520 
9521 
9522 
9523 
9524 
9525 
9526 
9527 
9528 
9529 
9530 
9531 
9532 
9533 
9534 
9535 
9536 
9537 
9538 
9539 
9540 
9541 
9542 
9543 
9544 
9545 
9546 
9547 
9548 
9549 
9550 
9551 
9552 
9553 
9554 
9555 
9556 
9557 
9558 
9560 
9561 
9562 
9563 
9564 
9565 
9566 
9567 
9568 
9569 
9570 
9571 
9572 
9573 
9574 
9575 
9576 
9577 
9578 
9579 
9580 
9581 
9582 
9583 
9584 
9585 
9586 
9587 
9588 
9589 
9590 
9591 
9592 
9593 
9594 
9595 
9596 
9597 
9598 
9599 
9600 
9601 
9602 
9603 
9604 
9605 
9606 
9607 
9608 
9609 
9610 
9611 
9612 
9613 
9614 
9615 
9616 
9617 
9618 
9620 
9621 
9622 
9623 
9624 
9625 
9626 
9627 
9628 
9629 
9630 
9631 
9632 
9633 
9634 
9635 
9636 
9637 
9638 
9639 
9640 
9641 
9642 
9643 
9644 
9645 
9646 
9647 
9648 
9649 
9650 
9651 
9652 
9653 
9654 
9655 
9656 
9657 
9658 
9659 
9660 
9661 
9662 
9663 
9664 
9665 
9666 
9667 
9668 
9669 
9670 
9671 
9672 
9673 
9674 
9675 
9676 
9677 
9678 
9680 
9681 
9682 
9683 
9684 
9685 
9686 
9687 
9688 
9689 
9690 
9691 
9692 
9693 
9694 
9695 
9696 
9697 
9698 
9699 
9700 
9701 
9702 
9703 
9704 
9705 
9706 
9707 
9708 
9709 
9710 
9711 
9712 
9713 
9714 
9715 
9716 
9717 
9718 
9719 
9720 
9721 
9722 
9723 
9724 
9725 
9726 
9727 
9728 
9729 
9730 
9731 
9732 
9733 
9734 
9735 
9736 
9737 
9738 
9740 
9741 
9742 
9743 
9744 
9745 
9746 
9747 
9748 
9749 
9750 
9751 
9752 
9753 
9754 
9755 
9756 
9757 
9758 
9759 
9760 
9761 
9762 
9763 
9764 
9765 
9766 
9767 
9768 
9769 
9770 
9771 
9772 
9773 
9774 
9775 
9776 
9777 
9778 
9779 
9780 
9781 
9782 
9783 
9784 
9785 
9786 
9787 
9788 
9789 
9790 
9791 
9792 
9793 
9794 
9795 
9796 
9797 
9798 
9800 
9801 
9802 
9803 
9804 
9805 
9806 
9807 
9808 
9809 
9810 
9811 
9812 
9813 
9814 
9815 
9816 
9817 
9818 
9819 
9820 
9821 
9822 
9823 
9824 
9825 
9826 
9827 
9828 
9829 
9830 
9831 
9832 
9833 
9834 
9835 
9836 
9837 
9838 
9839 
9840 
9841 
9842 
9843 
9844 
9845 
9846 
9847 
9848 
9849 
9850 
9851 
9852 
9853 
9854 
9855 
9856 
9857 
9858 
9860 
9861 
9862 
9863 
9864 
9865 
9866 
9867 
9868 
9869 
9870 
9871 
9872 
9873 
9874 
9875 
9876 
9877 
9878 
9879 
9880 
9881 
9882 
9883 
9884 
9885 
9886 
9887 
9888 
9889 
9890 
9891 
9892 
9893 
9894 
9895 
9896 
9897 
9898 
9899 
9900 
9901 
9902 
9903 
9904 
9905 
9906 
9907 
9908 
9909 
9910 
9911 
9912 
9913 
9914 
9915 
9916 
9917 
9918 
9920 
9921 
9922 
9923 
9924 
9925 
9926 
9927 
9928 
9929 
9930 
9931 
9932 
9933 
9934 
9935 
9936 
9937 
9938 
9939 
9940 
9941 
9942 
9943 
9944 
9945 
9946 
9947 
9948 
9949 
9950 
9951 
9952 
9953 
9954 
9955 
9956 
9957 
9958 
9959 
9960 
9961 
9962 
9963 
9964 
9965 
9966 
9967 
9968 
9969 
9970 
9971 
9972 
9973 
9974 
9975 
9976 
9977 
9978 
9980 
9981 
9982 
9983 
9984 
9985 
9986 
9987 
9988 
9989 
9990 
9991 
9992 
9993 
9994 
9995 
9996 
9997 
9998 
9999 
10000 
10001 
10002 
10003 
10004 
10005 
10006 
10007 
10008 
10009 
10010 
10011 
10012 
10013 
10014 
10015 
10016 
10017 
10018 
10019 
10020 
10021 
10022 
10023 
10024 
10025 
10026 
10027 
10028 
10029 
10030 
10031 
10032 
10033 
10034 
10035 
10036 
10037 
10038 
10040 
10041 
10042 
10043 
10044 
10045 
10046 
10047 
10048 
10049 
10050 
10051 
10052 
10053 
10054 
10055 
10056 
10057 
10058 
10059 
10060 
10061 
10062 
10063 
10064 
10065 
10066 
10067 
10068 
10069 
10070 
10071 
10072 
10073 
10074 
10075 
10076 
10077 
10078 
10079 
10080 
10081 
10082 
10083 
10084 
10085 
10086 
10087 
10088 
10089 
10090 
10091 
10092 
10093 
10094 
10095 
10096 
10097 
10098 
10100 
10101 
10102 
10103 
10104 
10105 
10106 
10107 
10108 
10109 
10110 
10111 
10112 
10113 
10114 
10115 
10116 
10117 
10118 
10119 
10120 
10121 
10122 
10123 
10124 
10125 
10126 
10127 
10128 
10129 
10130 
10131 
10132 
10133 
10134 
10135 
10136 
10137 
10138 
10139 
10140 
10141 
10142 
10143 
10144 
10145 
10146 
10147 
10148 
10149 
10150 
10151 
10152 
10153 
10154 
10155 
10156 
10157 
10158 
10160 
10161 
10162 
10163 
10164 
10165 
10166 
10167 
10168 
10169 
10170 
10171 
10172 
10173 
10174 
10175 
10176 
10177 
10178 
10179 
10180 
10181 
10182 
10183 
10184 
10185 
10186 
10187 
10188 
10189 
10190 
10191 
10192 
10193 
10194 
10195 
10196 
10197 
10198 
10199 
10200 
10201 
10202 
10203 
10204 
10205 
10206 
10207 
10208 
10209 
10210 
10211 
10212 
10213 
10214 
10215 
10216 
10217 
10218 
10220 
10221 
10222 
10223 
10224 
10225 
10226 
10227 
10228 
10229 
10230 
10231 
10232 
10233 
10234 
10235 
10236 
10237 
10238 
10239 
10240 
10241 
10242 
10243 
10244 
10245 
10246 
10247 
10248 
10249 
10250 
10251 
10252 
10253 
10254 
10255 
10256 
10257 
10258 
10259 
10260 
10261 
10262 
10263 
10264 
10265 
10266 
10267 
10268 
10269 
10270 
10271 
10272 
10273 
10274 
10275 
10276 
10277 
10278 
10279 
10280 
10281 
10282 
10283 
10284 
10285 
10286 
10287 
10288 
10289 
10290 
10291 
10292 
10293 
10294 
10295 
10296 
10297 
10298 
10299 
10300 
10301 
10302 
10303 
10304 
10305 
10306 
10307 
10308 
10309 
10310 
10311 
10312 
10313 
10314 
10315 
10316 
10317 
10318 
10319 
10320 
10321 
10322 
10323 
10324 
10325 
10326 
10327 
10328 
10329 
10330 
10331 
10332 
10333 
10334 
10335 
10336 
10337 
10338 
10339 
10340 
10341 
10342 
10343 
10344 
10345 
10346 
10347 
10348 
10349 
10350 
10351 
10352 
10353 
10354 
10355 
10356 
10357 
10358 
10359 
10360 
10361 
10362 
10363 
10364 
10365 
10366 
10367 
10368 
10369 
10370 
10371 
10372 
10373 
10374 
10375 
10376 
10377 
10378 
10379 
10380 
10381 
10382 
10383 
10384 
10385 
10386 
10387 
10388 
10389 
10390 
10391 
10392 
10393 
10394 
10395 
10396 
10397 
10398 
10399 
10400 
10401 
10402 
10403 
10404 
10405 
10406 
10407 
10408 
10409 
10410 
10411 
10412 
10413 
10414 
10415 
10416 
10417 
10418 
10419 
10420 
10421 
10422 
10423 
10424 
10425 
10426 
10427 
10428 
10429 
10430 
10431 
10432 
10433 
10434 
10435 
10436 
10437 
10438 
10439 
10440 
10441 
10442 
10443 
10444 
10445 
10446 
10447 
10448 
10449 
10450 
10451 
10452 
10453 
10454 
10455 
10456 
10457 
10458 
10459 
10460 
10461 
10462 
10463 
10464 
10465 
10466 
10467 
10468 
10469 
10470 
10471 
10472 
10473 
10474 
10475 
10476 
10477 
10478 
10479 
10480 
10481 
10482 
10483 
10484 
10485 
10486 
10487 
10488 
10489 
10490 
10491 
10492 
10493 
10494 
10495 
10496 
10497 
10498 
10499 
10500 
10501 
10502 
10503 
10504 
10505 
10506 
10507 
10508 
10509 
10510 
10511 
10512 
10513 
10514 
10515 
10516 
10517 
10518 
10519 
10520 
10521 
10522 
10523 
10524 
10525 
10526 
10527 
10528 
10529 
10530 
10531 
10532 
10533 
10534 
10535 
10536 
10537 
10538 
10539 
10540 
10541 
10542 
10543 
10544 
10545 
10546 
10547 
10548 
10549 
10550 
10551 
10552 
10553 
10554 
10555 
10556 
10557 
10558 
10559 
10560 
10561 
10562 
10563 
10564 
10565 
10566 
10567 
10568 
10569 
10570 
10571 
10572 
10573 
10574 
10575 
10576 
10577 
10578 
10579 
10580 
10581 
10582 
10583 
10584 
10585 
10586 
10587 
10588 
10589 
10590 
10591 
10592 
10593 
10594 
10595 
10596 
10597 
10598 
10599 
10600 
10601 
10602 
10603 
10604 
10605 
10606 
10607 
10608 
10609 
10610 
10611 
10612 
10613 
10614 
10615 
10616 
10617 
10618 
10619 
10620 
10621 
10622 
10623 
10624 
10625 
10626 
10627 
10628 
10629 
10630 
10631 
10632 
10633 
10634 
10635 
10636 
10637 
10638 
10639 
10640 
10641 
10642 
10643 
10644 
10645 
10646 
10647 
10648 
10649 
10650 
10651 
10652 
10653 
10654 
10655 
10656 
10657 
10658 
10659 
10660 
10661 
10662 
10663 
10664 
10665 
10666 
10667 
10668 
10669 
10670 
10671 
10672 
10673 
10674 
10675 
10676 
10677 
10678 
10679 
10680 
10681 
10682 
10683 
10684 
10685 
10686 
10687 
10688 
10689 
10690 
10691 
10692 
10693 
10694 
10695 
10696 
10697 
10698 
10699 
10700 
10701 
10702 
10703 
10704 
10705 
10706 
10707 
10708 
10709 
10710 
10711 
10712 
10713 
10714 
10715 
10716 
10717 
10718 
10719 
10720 
10721 
10722 
10723 
10724 
10725 
10726 
10727 
10728 
10729 
10730 
10731 
10732 
10733 
10734 
10735 
10736 
10737 
10738 
10739 
10740 
10741 
10742 
10743 
10744 
10745 
10746 
10747 
10748 
10749 
10750 
10751 
10752 
10753 
10754 
10755 
10756 
10757 
10758 
10759 
10760 
10761 
10762 
10763 
10764 
10765 
10766 
10767 
10768 
10769 
10770 
10771 
10772 
10773 
10774 
10775 
10776 
10777 
10778 
10779 
10780 
10781 
10782 
10783 
10784 
10785 
10786 
10787 
10788 
10789 
10790 
10791 
10792 
10793 
10794 
10795 
10796 
10797 
10798 
10799 
10800 
10801 
10802 
10803 
10804 
10805 
10806 
10807 
10808 
10809 
10810 
10811 
10812 
10813 
10814 
10815 
10816 
10817 
10818 
10819 
10820 
10821 
10822 
10823 
10824 
10825 
10826 
10827 
10828 
10829 
10830 
10831 
10832 
10833 
10834 
10835 
10836 
10837 
10838 
10839 
10840 
10841 
10842 
10843 
10844 
10845 
10846 
10847 
10848 
10849 
10850 
10851 
10852 
10853 
10854 
10855 
10856 
10857 
10858 
10859 
10860 
10861 
10862 
10863 
10864 
10865 
10866 
10867 
10868 
10869 
10870 
10871 
10872 
10873 
10874 
10875 
10876 
10877 
10878 
10879 
10880 
10881 
10882 
10883 
10884 
10885 
10886 
10887 
10888 
10889 
10890 
10891 
10892 
10893 
10894 
10895 
10896 
10897 
10898 
10899 
10900 
10901 
10902 
10903 
10904 
10905 
10906 
10907 
10908 
10909 
10910 
10911 
10912 
10913 
10914 
10915 
10916 
10917 
10918 
10919 
10920 
10921 
10922 
10923 
10924 
10925 
10926 
10927 
10928 
10929 
10930 
10931 
10932 
10933 
10934 
10935 
10936 
10937 
10938 
10939 
10940 
10941 
10942 
10943 
10944 
10945 
10946 
10947 
10948 
10949 
10950 
10951 
10952 
10953 
10954 
10955 
10956 
10957 
10958 
10959 
10960 
10961 
10962 
10963 
10964 
10965 
10966 
10967 
10968 
10969 
10970 
10971 
10972 
10973 
10974 
10975 
10976 
10977 
10978 
10979 
10980 
10981 
10982 
10983 
10984 
10985 
10986 
10987 
10988 
10989 
10990 
10991 
10992 
10993 
10994 
10995 
10996 
10997 
10998 
10999 
11000 
11001 
11002 
11003 
11004 
11005 
11006 
11007 
11008 
11009 
11010 
11011 
11012 
11013 
11014 
11015 
11016 
11017 
11018 
11019 
11020 
11021 
11022 
11023 
11024 
11025 
11026 
11027 
11028 
11029 
11030 
11031 
11032 
11033 
11034 
11035 
11036 
11037 
11038 
11039 
11040 
11041 
11042 
11043 
11044 
11045 
11046 
11047 
11048 
11049 
11050 
11051 
11052 
11053 
11054 
11055 
11056 
11057 
11058 
11059 
11060 
11061 
11062 
11063 
11064 
11065 
11066 
11067 
11068 
11069 
11070 
11071 
11072 
11073 
11074 
11075 
11076 
11077 
11078 
11079 
11080 
11081 
11082 
11083 
11084 
11085 
11086 
11087 
11088 
11089 
11090 
11091 
11092 
11093 
11094 
11095 
11096 
11097 
11098 
11099 
11100 
11101 
11102 
11103 
11104 
11105 
11106 
11107 
11108 
11109 
11110 
11111 
11112 
11113 
11114 
11115 
11116 
11117 
11118 
11119 
11120 
11121 
11122 
11123 
11124 
11125 
11126 
11127 
11128 
11129 
11130 
11131 
11132 
11133 
11134 
11135 
11136 
11137 
11138 
11139 
11140 
11141 
11142 
11143 
11144 
11145 
11146 
11147 
11148 
11149 
11150 
11151 
11152 
11153 
11154 
11155 
11156 
11157 
11158 
11159 
11160 
11161 
11162 
11163 
11164 
11165 
11166 
11167 
11168 
11169 
11170 
11171 
11172 
11173 
11174 
11175 
11176 
11177 
11178 
11179 
11180 
11181 
11182 
11183 
11184 
11185 
11186 
11187 
11188 
11189 
11190 
11191 
11192 
11193 
11194 
11195 
11196 
11197 
11198 
11199 
11200 
11201 
11202 
11203 
11204 
11205 
11206 
11207 
11208 
11209 
11210 
11211 
11212 
11213 
11214 
11215 
11216 
11217 
11218 
11219 
11220 
11221 
11222 
11223 
11224 
11225 
11226 
11227 
11228 
11229 
11230 
11231 
11232 
11233 
11234 
11235 
11236 
11237 
11238 
11239 
11240 
11241 
11242 
11243 
11244 
11245 
11246 
11247 
11248 
11249 
11250 
11251 
11252 
11253 
11254 
11255 
11256 
11257 
11258 
11259 
11260 
11261 
11262 
11263 
11264 
11265 
11266 
11267 
11268 
11269 
11270 
11271 
11272 
11273 
11274 
11275 
11276 
11277 
11278 
11279 
11280 
11281 
11282 
11283 
11284 
11285 
11286 
11287 
11288 
11289 
11290 
11291 
11292 
11293 
11294 
11295 
11296 
11297 
11298 
11299 
11300 
11301 
11302 
11303 
11304 
11305 
11306 
11307 
11308 
11309 
11310 
11311 
11312 
11313 
11314 
11315 
11316 
11317 
11318 
11319 
11320 
11321 
11322 
11323 
11324 
11325 
11326 
11327 
11328 
11329 
11330 
11331 
11332 
11333 
11334 
11335 
11336 
11337 
11338 
11339 
11340 
11341 
11342 
11343 
11344 
11345 
11346 
11347 
11348 
11349 
11350 
11351 
11352 
11353 
11354 
11355 
11356 
11357 
11358 
11359 
11360 
11361 
11362 
11363 
11364 
11365 
11366 
11367 
11368 
11369 
11370 
11371 
11372 
11373 
11374 
11375 
11376 
11377 
11378 
11379 
11380 
11381 
11382 
11383 
11384 
11385 
11386 
11387 
11388 
11389 
11390 
11391 
11392 
11393 
11394 
11395 
11396 
11397 
11398 
11399 
11400 
11401 
11402 
11403 
11404 
11405 
11406 
11407 
11408 
11409 
11410 
11411 
11412 
11413 
11414 
11415 
11416 
11417 
11418 
11419 
11420 
11421 
11422 
11423 
11424 
11425 
11426 
11427 
11428 
11429 
11430 
11431 
11432 
11433 
11434 
11435 
11436 
11437 
11438 
11439 
11440 
11441 
11442 
11443 
11444 
11445 
11446 
11447 
11448 
11449 
11450 
11451 
11452 
11453 
11454 
11455 
11456 
11457 
11458 
11459 
11460 
11461 
11462 
11463 
11464 
11465 
11466 
11467 
11468 
11469 
11470 
11471 
11472 
11473 
11474 
11475 
11476 
11477 
11478 
11479 
11480 
11481 
11482 
11483 
11484 
11485 
11486 
11487 
11488 
11489 
11490 
11491 
11492 
11493 
11494 
11495 
11496 
11497 
11498 
11499 
11500 
11501 
11502 
11503 
11504 
11505 
11506 
11507 
11508 
11509 
11510 
11511 
11512 
11513 
11514 
11515 
11516 
11517 
11518 
11519 
11520 
11521 
11522 
11523 
11524 
11525 
11526 
11527 
11528 
11529 
11530 
11531 
11532 
11533 
11534 
11535 
11536 
11537 
11538 
11539 
11540 
11541 
11542 
11543 
11544 
11545 
11546 
11547 
11548 
11549 
11550 
11551 
11552 
11553 
11554 
11555 
11556 
11557 
11558 
11559 
11560 
11561 
11562 
11563 
11564 
11565 
11566 
11567 
11568 
11569 
11570 
11571 
11572 
11573 
11574 
11575 
11576 
11577 
11578 
11579 
11580 
11581 
11582 
11583 
11584 
11585 
11586 
11587 
11588 
11589 
11590 
11591 
11592 
11593 
11594 
11595 
11596 
11597 
11598 
11599 
11600 
11601 
11602 
11603 
11604 
11605 
11606 
11607 
11608 
11609 
11610 
11611 
11612 
11613 
11614 
11615 
11616 
11617 
11618 
11619 
11620 
11621 
11622 
11623 
11624 
11625 
11626 
11627 
11628 
11629 
11661 
11663 
11691 
11693 
11695 
11697 
11699 
11701 
11703 
11705 
11707 
11709 
11711 
11713 
11715 
11717 
11718 
11721 
11723 
11725 
11727 
11729 
11731 
11733 
11735 
11737 
11739 
11741 
11743 
11745 
11747 
11748 
11751 
11753 
11755 
11757 
11759 
11761 
11763 
11765 
11767 
11769 
11771 
11773 
11775 
11777 
11778 
11781 
11783 
11785 
11787 
11789 
11791 
11793 
11795 
11797 
11799 
11801 
11803 
11805 
11807 
11808 
11811 
11813 
11815 
11817 
11819 
11821 
11823 
11825 
11827 
11829 
11831 
11833 
11835 
11837 
11838 
11841 
11843 
11845 
11847 
11849 
11851 
11853 
11855 
11857 
11859 
11861 
11863 
11865 
11867 
11868 
11871 
11873 
11875 
11877 
11879 
11881 
11883 
11885 
11887 
11889 
11891 
11893 
11895 
11897 
11898 
11901 
11903 
11905 
11907 
11909 
11911 
11913 
11915 
11917 
11919 
11921 
11923 
11925 
11927 
11928 
11931 
11933 
11935 
11937 
11939 
11941 
11943 
11945 
11947 
11949 
11951 
11953 
11955 
11957 
11958 
11961 
11963 
11965 
11967 
11969 
11971 
11973 
11975 
11977 
11979 
11981 
11983 
11985 
11987 
11988 
11991 
11993 
11995 
11997 
11999 
12001 
12003 
12005 
12007 
12009 
12011 
12013 
12015 
12017 
12018 
12021 
12023 
12025 
12027 
12029 
12031 
12033 
12035 
12037 
12039 
12041 
12043 
12045 
12047 
12048 
12051 
12053 
12055 
12057 
12059 
12061 
12063 
12065 
12067 
12069 
12071 
12073 
12075 
12077 
12078 
12081 
12083 
12085 
12087 
12089 
12091 
12093 
12095 
12097 
12099 
12101 
12103 
12105 
12107 
12108 
12111 
12113 
12115 
12117 
12119 
12121 
12123 
12125 
12127 
12129 
12131 
12133 
12135 
12137 
12138 
12141 
12143 
12145 
12147 
12149 
12151 
12153 
12155 
12157 
12159 
12161 
12163 
12165 
12167 
12168 
12171 
12173 
12175 
12177 
12179 
12181 
12183 
12185 
12187 
12189 
12191 
12193 
12195 
12197 
12198 
12201 
12203 
12205 
12207 
12209 
12211 
12213 
12215 
12217 
12219 
12221 
12223 
12225 
12227 
12228 
12231 
12233 
12235 
12237 
12239 
12241 
12243 
12245 
12247 
12249 
12251 
12253 
12255 
12257 
12258 
12261 
12263 
12265 
12267 
12269 
12271 
12273 
12275 
12277 
12279 
12281 
12283 
12285 
12287 
12288 
12291 
12293 
12295 
12297 
12299 
12301 
12303 
12305 
12307 
12309 
12311 
12313 
12315 
12317 
12318 
12321 
12323 
12325 
12327 
12329 
12331 
12333 
12335 
12337 
12339 
12341 
12343 
12345 
12347 
12348 
12351 
12353 
12355 
12357 
12359 
12361 
12363 
12365 
12367 
12369 
12371 
12373 
12375 
12377 
12378 
12381 
12383 
12385 
12387 
12389 
12391 
12393 
12395 
12397 
12399 
12401 
12403 
12405 
12407 
12408 
12411 
12413 
12415 
12417 
12419 
12421 
12423 
12425 
12427 
12429 
12431 
12433 
12435 
12437 
12438 
12441 
12443 
12445 
12447 
12449 
12451 
12453 
12455 
12457 
12459 
12461 
12463 
12465 
12467 
12468 
12471 
12473 
12475 
12477 
12479 
12481 
12483 
12485 
12487 
12489 
12491 
12493 
12495 
12497 
12498 
12501 
12503 
12505 
12507 
12509 
12511 
12513 
12515 
12517 
12519 
12521 
12523 
12525 
12527 
12528 
12531 
12533 
12535 
12537 
12539 
12541 
12543 
12545 
12547 
12549 
12551 
12553 
12555 
12557 
12558 
12561 
12563 
12565 
12567 
12569 
12571 
12573 
12575 
12577 
12579 
12581 
12583 
12585 
12587 
12588 
12591 
12593 
12595 
12597 
12599 
12601 
12603 
12605 
12607 
12609 
12611 
12613 
12615 
12617 
12618 
12621 
12623 
12625 
12627 
12629 
12631 
12633 
12635 
12637 
12639 
12641 
12643 
12645 
12647 
12648 
12651 
12653 
12655 
12657 
12659 
12661 
12663 
12665 
12667 
12669 
12671 
12673 
12675 
12677 
12678 
12681 
12683 
12685 
12687 
12689 
12691 
12693 
12695 
12697 
12699 
12701 
12703 
12705 
12707 
12708 
12711 
12713 
12715 
12717 
12719 
12721 
12723 
12725 
12727 
12729 
12731 
12733 
12735 
12737 
12738 
12741 
12743 
12745 
12747 
12749 
12751 
12753 
12755 
12757 
12759 
12761 
12763 
12765 
12767 
12768 
12771 
12773 
12775 
12777 
12779 
12781 
12783 
12785 
12787 
12789 
12791 
12793 
12795 
12797 
12798 
12801 
12803 
12805 
12807 
12809 
12811 
12813 
12815 
12817 
12819 
12821 
12823 
12825 
12827 
12828 
12831 
12833 
12835 
12837 
12839 
12841 
12843 
12845 
12847 
12849 
12851 
12853 
12855 
12857 
12858 
12861 
12863 
12865 
12867 
12869 
12871 
12873 
12875 
12877 
12879 
12881 
12883 
12885 
12887 
12888 
12891 
12893 
12895 
12897 
12899 
12901 
12903 
12905 
12907 
12909 
12911 
12913 
12915 
12917 
12918 
12921 
12923 
12925 
12927 
12929 
12931 
12933 
12935 
12937 
12939 
12941 
12943 
12945 
12947 
12948 
12951 
12953 
12955 
12957 
12959 
12961 
12963 
12965 
12967 
12969 
12971 
12973 
12975 
12977 
12978 
12981 
12983 
12985 
12987 
12989 
12991 
12993 
12995 
12997 
12999 
13001 
13003 
13005 
13007 
13008 
13011 
13013 
13015 
13017 
13019 
13021 
13023 
13025 
13027 
13029 
13031 
13033 
29419 
13035 
29421 
13037 
13038 
29423 
29425 
13041 
29427 
13043 
29429 
13045 
29431 
13047 
29433 
13049 
29435 
13051 
29437 
13053 
29439 
13055 
29441 
13057 
29443 
13059 
29445 
13061 
13063 
13065 
13067 
13068 
13071 
13073 
13075 
13077 
13079 
13081 
13083 
13085 
13087 
13089 
13091 
13093 
29478 
13095 
29480 
13097 
29482 
13098 
29484 
13101 
29486 
13103 
29488 
13105 
29490 
13107 
29492 
13109 
29494 
13111 
29496 
13113 
29498 
13115 
29500 
13117 
29502 
13119 
29504 
13121 
29506 
13123 
29508 
13125 
29510 
13127 
29512 
13128 
29514 
13131 
29516 
13133 
29518 
13135 
29520 
13137 
29522 
13139 
29524 
13141 
29526 
13143 
29528 
13145 
29530 
13147 
29532 
13149 
29534 
29535 
13151 
29537 
13153 
29539 
13155 
29541 
13157 
13158 
29543 
29545 
13161 
29547 
13163 
29549 
13165 
29551 
13167 
29553 
13169 
29555 
13171 
29557 
13173 
29559 
13175 
29561 
13177 
29563 
13179 
29565 
13181 
29567 
13183 
29569 
13185 
29571 
13187 
13188 
29573 
29575 
13191 
29577 
13193 
29579 
13195 
29581 
13197 
29583 
13199 
29585 
13201 
29587 
13203 
29589 
13205 
29591 
13207 
29593 
13209 
29594 
13211 
29596 
13213 
29598 
13215 
29600 
13217 
29602 
13218 
29604 
13221 
29606 
13223 
29608 
13225 
29610 
13227 
29612 
13229 
29614 
13231 
29616 
13233 
29618 
13235 
29620 
13237 
29622 
13239 
29624 
13241 
29626 
13243 
29628 
13245 
29630 
13247 
29632 
13248 
29634 
13251 
29636 
13253 
29638 
13255 
29640 
13257 
29642 
13259 
29644 
13261 
29646 
13263 
29648 
13265 
29650 
13267 
29652 
29653 
13269 
29655 
13271 
29657 
13273 
29659 
13275 
29661 
13277 
13278 
29663 
29665 
13281 
29667 
13283 
29669 
13285 
29671 
13287 
29673 
13289 
29675 
13291 
29677 
13293 
29679 
13295 
29681 
13297 
29683 
13299 
29685 
13301 
29687 
13303 
29689 
13305 
29691 
13307 
13308 
29693 
29695 
13311 
29697 
13313 
29699 
13315 
29701 
13317 
29703 
13319 
29705 
13321 
29707 
13323 
29709 
13325 
29711 
13327 
29712 
13329 
29714 
13331 
29716 
13333 
29718 
13335 
29720 
13337 
29722 
13338 
29724 
13341 
29726 
13343 
29728 
13345 
29730 
13347 
29732 
13349 
29734 
13351 
29736 
13353 
29738 
13355 
29740 
13357 
29742 
13359 
29744 
13361 
29746 
13363 
29748 
13365 
29750 
13367 
29752 
13368 
29754 
13371 
29756 
13373 
29758 
13375 
29760 
13377 
29762 
13379 
29764 
13381 
29766 
13383 
29768 
13385 
29770 
29771 
13387 
29773 
13389 
29775 
13391 
29777 
13393 
29779 
13395 
29781 
13397 
13398 
29783 
29785 
13401 
29787 
13403 
29789 
13405 
29791 
13407 
29793 
13409 
29795 
13411 
29797 
13413 
29799 
13415 
29801 
13417 
29803 
13419 
29805 
13421 
29807 
13423 
29809 
13425 
29811 
13427 
13428 
29813 
29815 
13431 
29817 
13433 
29819 
13435 
29821 
13437 
29823 
13439 
29825 
13441 
29827 
13443 
29829 
13445 
29830 
13447 
29832 
13449 
29834 
13451 
29836 
13453 
29838 
13455 
29840 
13457 
29842 
13458 
29844 
13461 
29846 
13463 
29848 
13465 
29850 
13467 
29852 
13469 
29854 
13471 
29856 
13473 
29858 
13475 
29860 
13477 
29862 
13479 
29864 
13481 
29866 
13483 
29868 
13485 
29870 
13487 
29872 
13488 
29874 
13491 
29876 
13493 
29878 
13495 
29880 
13497 
29882 
13499 
29884 
13501 
29886 
13503 
29888 
29889 
13505 
29891 
13507 
29893 
13509 
29895 
13511 
29897 
13513 
29899 
13515 
29901 
13517 
13518 
29903 
29905 
13521 
29907 
13523 
29909 
13525 
29911 
13527 
29913 
13529 
29915 
13531 
29917 
13533 
29919 
13535 
29921 
13537 
29923 
13539 
29925 
13541 
29927 
13543 
29929 
13545 
29931 
13547 
13548 
29933 
29935 
13551 
29937 
13553 
29939 
13555 
29941 
13557 
29943 
13559 
29945 
13561 
29947 
13563 
29948 
13565 
29950 
13567 
29952 
13569 
29954 
13571 
29956 
13573 
29958 
13575 
29960 
13577 
29962 
13578 
29964 
13581 
29966 
13583 
29968 
13585 
29970 
13587 
29972 
13589 
29974 
13591 
29976 
13593 
29978 
13595 
29980 
13597 
29982 
13599 
29984 
13601 
29986 
13603 
29988 
13605 
29990 
13607 
29992 
13608 
29994 
13611 
29996 
13613 
29998 
13615 
30000 
13617 
30002 
13619 
30004 
13621 
30006 
30007 
13623 
30009 
13625 
30011 
13627 
30013 
13629 
30015 
13631 
30017 
13633 
30019 
13635 
30021 
13637 
13638 
30023 
30025 
13641 
30027 
13643 
30029 
13645 
30031 
13647 
30033 
13649 
30035 
13651 
30037 
13653 
30039 
13655 
30041 
13657 
30043 
13659 
30045 
13661 
30047 
13663 
30049 
13665 
30051 
13667 
13668 
30053 
30055 
13671 
30057 
13673 
30059 
13675 
30061 
13677 
30063 
13679 
30065 
13681 
30066 
13683 
30068 
13685 
30070 
13687 
30072 
13689 
30074 
13691 
30076 
13693 
30078 
13695 
30080 
13697 
30082 
13698 
30084 
30086 
30088 
30090 
30092 
30094 
30096 
30098 
30100 
30102 
30104 
30106 
30108 
30110 
30112 
30114 
30116 
30118 
30120 
30122 
30124 
30125 
30127 
30129 
30131 
30133 
30135 
30137 
30139 
30141 
30143 
30145 
30147 
30149 
30151 
30153 
30155 
30157 
30159 
30161 
30163 
30165 
30167 
30169 
30171 
30173 
30175 
30177 
30179 
30181 
30183 
30184 
30186 
30188 
30190 
30192 
30194 
30196 
30198 
30200 
30202 
30204 
30206 
30208 
30210 
30212 
30214 
30216 
30218 
30220 
30222 
30224 
30226 
30228 
30230 
30232 
30234 
30236 
30238 
30240 
30242 
30243 
30245 
30247 
30249 
30251 
30253 
30255 
30257 
30259 
30261 
30263 
30265 
30267 
30269 
30271 
30273 
30275 
30277 
30279 
30281 
30283 
30285 
30287 
30289 
30291 
30293 
30295 
30297 
30299 
30301 
30302 
30304 
30306 
30308 
30310 
30312 
30314 
30316 
30318 
30320 
30322 
30324 
30326 
30328 
30330 
30332 
30334 
30336 
30338 
30340 
30342 
30344 
30346 
30348 
30350 
30352 
30354 
30356 
30358 
30360 
30361 
30363 
30365 
30367 
30369 
30371 
30373 
30375 
30377 
30379 
30381 
30383 
30385 
30387 
30389 
30391 
30393 
30395 
30397 
30399 
30401 
30403 
30405 
30407 
30409 
30411 
30413 
30415 
30417 
30419 
30420 
30422 
30424 
30426 
30428 
30430 
30432 
30434 
30436 
30438 
30440 
30442 
30444 
30446 
30448 
30450 
30452 
30454 
30456 
30458 
30460 
30462 
30464 
30466 
30468 
30470 
30472 
30474 
30476 
30478 
30479 
30481 
30483 
30485 
30487 
30489 
30491 
30493 
30495 
30497 
30499 
30501 
30503 
30505 
30507 
30509 
30511 
30513 
30515 
30517 
30519 
30521 
30523 
30525 
30527 
30529 
30531 
30533 
30535 
30537 
30538 
30540 
30542 
30544 
30546 
30548 
30550 
30552 
30554 
30556 
30558 
30560 
30562 
30564 
30566 
30568 
30570 
30572 
30574 
30576 
30578 
30580 
30582 
30584 
30586 
30588 
30590 
30592 
30594 
30596 
30597 
30599 
30601 
30603 
30605 
30607 
30609 
30611 
30613 
30615 
30617 
30619 
30621 
30623 
30625 
30627 
30629 
30631 
30633 
30635 
30637 
30639 
30641 
30643 
30645 
30647 
30649 
30651 
30653 
30655 
30656 
30658 
30660 
30662 
30664 
30666 
30668 
30670 
30672 
30674 
30676 
30678 
30680 
30682 
30684 
30686 
30688 
30690 
30692 
30694 
30696 
30698 
30700 
30702 
30704 
30706 
30708 
30710 
30712 
30714 
30715 
30717 
30719 
30721 
30723 
30725 
30727 
30729 
30731 
30733 
30735 
30737 
30739 
30741 
30743 
30745 
30747 
30749 
30751 
30753 
30755 
30757 
30759 
30761 
30763 
30765 
30767 
30769 
30771 
30773 
30774 
30776 
30778 
30780 
30782 
30784 
30786 
30788 
30790 
30792 
30794 
30796 
30798 
30800 
30802 
30804 
30806 
30808 
30810 
30812 
30814 
30816 
30818 
30820 
30822 
30824 
30826 
30828 
30830 
30832 
30833 
30835 
30837 
30839 
30841 
30843 
30845 
30847 
30849 
30851 
30853 
30855 
30857 
30859 
30861 
30863 
30865 
30867 
30869 
30871 
30873 
30875 
30877 
30879 
30881 
30883 
30885 
30887 
30889 
30891 
30892 
30894 
30896 
30898 
30900 
30902 
30904 
30906 
30908 
30910 
30912 
30914 
30916 
30918 
30920 
30922 
30924 
30926 
30928 
30930 
30932 
30934 
30936 
30938 
30940 
30942 
30944 
30946 
30948 
30950 
30951 
30953 
30955 
30957 
30959 
30961 
30963 
30965 
30967 
30969 
30971 
30973 
30975 
30977 
30979 
30981 
30983 
30985 
30987 
30989 
30991 
30993 
30995 
30997 
30999 
31001 
31003 
31005 
31007 
31009 
31010 
31012 
31014 
31016 
31018 
31020 
31022 
31024 
31026 
31028 
31030 
31032 
31034 
31036 
31038 
31040 
31042 
31044 
31046 
31048 
31050 
31052 
31054 
31056 
31058 
31060 
31062 
31064 
31066 
31068 
31069 
31071 
31073 
31075 
31077 
31079 
31081 
31083 
31085 
31087 
31089 
31091 
31093 
31095 
31097 
31099 
31101 
31103 
31105 
31107 
31109 
31111 
31113 
31115 
31117 
31119 
31121 
31123 
31125 
31127 
31128 
31130 
31132 
31134 
31136 
31138 
31140 
31142 
31144 
31146 
31148 
31150 
31152 
31154 
31156 
31158 
31160 
31162 
31164 
31166 
31168 
31170 
31172 
31174 
31176 
31178 
31180 
31182 
31184 
31186 
31187 
31189 
31191 
31193 
31195 
31197 
31199 
31201 
31203 
31205 
31207 
31209 
31211 
31213 
31215 
31217 
31219 
31221 
31223 
31225 
31227 
31229 
31231 
31233 
31235 
31237 
31239 
31241 
31243 
31245 
31246 
31248 
31250 
31252 
31254 
31256 
31258 
31260 
31262 
31264 
31266 
31268 
31270 
31272 
31274 
31276 
31278 
31280 
31282 
31284 
31286 
31288 
31290 
31292 
31294 
31296 
31298 
31300 
31302 
31304 
31305 
31307 
31309 
31311 
31313 
31315 
31317 
31319 
31321 
31323 
31325 
31327 
31329 
31331 
31333 
31335 
31337 
31339 
31341 
31343 
31345 
31347 
31349 
31351 
31353 
31355 
31357 
31359 
31361 
31363 
31364 
31366 
31368 
31370 
31372 
31374 
31376 
31378 
31380 
31382 
31384 
31386 
31388 
31390 
31392 
31394 
31396 
31398 
31400 
31402 
31404 
31406 
31408 
31410 
31412 
31414 
31416 
31418 
31420 
31422 
31423 
31425 
31427 
31429 
31431 
31433 
31435 
31437 
31439 
31441 
31443 
31445 
31447 
31449 
31451 
31453 
31455 
31457 
31459 
31461 
31463 
31465 
31467 
31469 
31471 
31473 
31475 
31477 
31479 
31481 
31482 
31484 
31486 
31488 
31490 
31492 
31494 
31496 
31498 
31500 
31502 
31504 
31506 
31508 
31510 
31512 
31514 
31516 
31518 
31520 
31522 
31524 
31526 
31528 
31530 
31532 
31534 
31536 
31538 
31540 
31541 
31543 
31545 
31547 
31549 
31551 
31553 
31555 
31557 
31559 
31561 
31563 
31565 
31567 
31569 
31571 
31573 
31575 
31577 
31579 
31581 
31583 
31585 
31587 
31589 
31591 
31593 
31595 
31597 
31599 
31600 
31602 
31604 
31606 
31608 
31610 
31612 
31614 
31616 
31618 
31620 
31622 
31624 
31626 
31628 
31630 
31632 
31634 
31636 
31638 
31640 
31642 
31644 
31646 
31648 
31650 
31652 
31654 
31656 
31658 
31659 
31661 
31663 
31665 
31667 
31669 
31671 
31673 
31675 
31677 
31679 
31681 
31683 
31685 
31687 
31689 
31691 
31693 
31695 
31697 
31699 
31701 
31703 
31705 
31707 
31709 
31711 
31713 
31715 
31717 
31718 
31720 
31722 
31724 
31726 
31728 
31730 
31732 
31734 
31736 
31738 
31740 
31742 
31744 
31746 
31748 
31750 
31752 
31754 
31756 
31758 
31760 
31762 
31764 
31766 
31768 
31770 
31772 
31774 
31776 
31777 
31779 
31781 
31783 
31785 
31787 
31789 
31791 
31793 
31795 
31797 
31799 
31801 
31803 
31805 
31807 
31809 
31811 
31813 
31815 
31817 
31819 
31821 
31823 
31825 
31827 
31829 
31831 
31833 
31835 
31836 
31838 
31840 
31842 
31844 
31846 
31848 
31850 
31852 
31854 
31856 
31858 
31860 
31862 
31864 
31866 
31868 
31870 
31872 
31874 
31876 
31878 
31880 
31882 
31884 
31886 
31888 
31890 
31892 
31894 
31895 
31897 
31899 
31901 
31903 
31905 
31907 
31909 
31911 
31913 
31915 
31917 
31919 
31921 
31923 
31925 
31927 
31929 
31931 
31933 
31935 
31937 
31939 
31941 
31943 
31945 
31947 
31949 
31951 
31953 
31954 
31956 
31958 
31960 
31962 
31964 
31966 
31968 
31970 
31972 
31974 
31976 
31978 
31980 
31982 
31984 
31986 
31988 
31990 
31992 
31994 
31996 
31998 
32000 
32002 
32004 
32006 
32008 
32010 
32012 
32013 
32015 
32017 
32019 
32021 
32023 
32025 
32027 
32029 
32031 
32033 
32035 
32037 
32039 
32041 
32043 
32045 
32047 
32049 
32051 
32053 
32055 
32057 
32059 
32061 
32063 
32065 
32067 
32069 
32071 
32072 
32074 
32076 
32078 
32080 
32082 
32084 
32086 
32088 
32090 
32092 
32094 
32096 
32098 
32100 
32102 
32104 
32106 
32108 
32110 
32112 
32114 
32116 
32118 
32120 
32122 
32124 
32126 
32128 
32130 
32131 
32133 
32135 
32137 
32139 
32141 
32143 
32145 
32147 
32149 
32151 
32153 
32155 
32157 
32159 
32161 
32163 
32165 
32167 
32169 
32171 
32173 
32175 
32177 
32179 
32181 
32183 
32185 
32187 
32189 
32190 
32192 
32194 
32196 
32198 
32200 
32202 
32204 
32206 
32208 
32210 
32212 
32214 
32216 
32218 
32220 
32222 
32224 
32226 
32228 
32230 
32232 
32234 
32236 
32238 
32240 
32242 
32244 
32246 
32248 
32249 
32251 
32253 
32255 
32257 
32259 
32261 
32263 
32265 
32267 
32269 
32271 
32273 
32275 
32277 
32279 
32281 
32283 
32285 
32287 
32289 
32291 
32293 
32295 
32297 
32299 
32301 
32303 
32305 
32307 
32308 
32310 
32312 
32314 
32316 
32318 
32320 
32322 
32324 
32326 
32328 
32330 
32332 
32334 
32336 
32338 
32340 
32342 
32344 
32346 
32348 
32350 
32352 
32354 
32356 
32358 
32360 
32362 
32364 
32366 
32367 
32369 
32371 
32373 
32375 
32377 
32379 
32381 
32383 
32385 
32387 
32389 
32391 
32393 
32395 
32397 
32399 
32401 
32403 
32405 
32407 
32409 
32411 
32413 
32415 
32417 
32419 
32421 
32423 
32425 
32426 
32428 
32430 
32432 
32434 
32436 
32438 
32440 
32442 
32444 
32446 
32448 
32450 
32452 
32454 
32456 
32458 
32460 
32462 
32464 
32466 
32468 
32470 
32472 
32474 
32476 
32478 
32480 
32482 
32484 
32485 
32487 
32489 
32491 
32493 
32495 
32497 
32499 
32501 
32503 
32505 
32507 
32509 
32511 
32513 
32515 
32517 
32519 
32521 
32523 
32525 
32527 
32529 
32531 
32533 
32535 
32537 
32539 
32541 
32543 
32544 
32546 
32548 
32550 
32552 
32554 
32556 
32558 
32560 
32562 
32564 
32566 
32568 
32570 
32572 
32574 
32576 
32578 
32580 
32582 
32584 
32586 
32588 
32590 
32592 
32594 
32596 
32598 
32600 
32602 
32603 
32605 
32607 
32609 
32611 
32613 
32615 
32617 
32619 
32621 
32623 
32625 
32627 
32629 
32631 
32633 
32635 
32637 
32639 
32641 
32643 
32645 
32647 
32649 
32651 
32653 
32655 
32657 
32659 
32661 
32662 
32664 
32666 
32668 
32670 
32672 
32674 
32676 
32678 
32680 
32682 
32684 
32686 
32688 
32690 
32692 
32694 
32696 
32698 
32700 
32702 
32704 
32706 
32708 
32710 
32712 
32714 
32716 
32718 
32720 
32721 
32723 
32725 
32727 
32729 
32731 
32733 
32735 
32737 
32739 
32741 
32743 
32745 
32747 
32749 
32751 
32753 
32755 
32757 
32759 
32761 
32763 
32765 
32767 
)

// ************************************************************************* //
