/*--------------------------------*- C++ -*----------------------------------*\
| =========                 |                                                 |
| \\      /  F ield         | OpenFOAM: The Open Source CFD Toolbox           |
|  \\    /   O peration     | Version:  1.7.x                                 |
|   \\  /    A nd           | Web:      www.OpenFOAM.com                      |
|    \\/     M anipulation  |                                                 |
\*---------------------------------------------------------------------------*/
FoamFile
{
    version     2.0;
    format      ascii;
    class       faceSet;
    location    "constant/polyMesh/sets";
    object      skewFaces;
}
// * * * * * * * * * * * * * * * * * * * * * * * * * * * * * * * * * * * * * //


10738
(
65536 
49152 
65537 
49153 
65538 
49154 
65539 
49155 
65540 
49156 
65541 
49157 
65542 
49158 
65543 
49159 
65544 
65545 
65546 
65547 
65548 
65549 
65550 
65551 
65552 
65553 
65554 
65555 
49171 
65556 
49172 
65557 
49173 
65558 
49174 
65559 
49175 
65560 
49176 
65561 
49177 
65562 
49178 
65563 
49179 
65564 
49180 
65565 
49181 
65566 
49182 
65567 
49183 
65568 
49184 
65569 
49185 
65570 
49186 
65571 
49187 
65572 
49188 
65573 
49189 
65574 
49190 
65575 
49191 
65576 
49192 
65577 
49193 
65578 
49194 
65579 
49195 
49196 
49197 
49198 
49199 
49200 
49201 
49202 
49203 
49204 
49205 
49206 
49207 
49208 
49209 
49210 
49211 
49212 
49213 
49214 
65599 
49215 
65600 
49216 
65601 
49217 
65602 
49218 
65603 
49219 
65604 
49220 
65605 
49221 
65606 
49222 
65607 
49223 
65608 
49224 
65609 
49225 
65610 
49226 
65611 
49227 
65612 
49228 
65613 
49229 
65614 
65615 
65616 
65617 
65618 
65619 
65620 
65621 
65622 
65623 
65624 
65625 
49241 
65626 
49242 
65627 
49243 
65628 
49244 
65629 
49245 
65630 
49246 
65631 
49247 
65632 
49248 
65633 
49249 
65634 
49250 
65635 
49251 
65636 
49252 
65637 
49253 
65638 
49254 
65639 
49255 
65640 
49256 
65641 
49257 
65642 
49258 
65643 
49259 
65644 
49260 
65645 
49261 
65646 
49262 
65647 
49263 
65648 
49264 
65649 
49265 
49266 
49267 
49268 
49269 
49270 
49271 
49272 
49273 
49274 
49275 
49276 
49277 
49278 
49279 
49280 
49281 
49282 
49283 
49284 
65669 
49285 
65670 
49286 
65671 
49287 
65672 
49288 
65673 
49289 
65674 
49290 
65675 
49291 
65676 
49292 
65677 
49293 
65678 
49294 
65679 
49295 
65680 
49296 
65681 
49297 
65682 
49298 
65683 
49299 
65684 
65685 
65686 
65687 
65688 
65689 
65690 
65691 
65692 
65693 
65694 
65695 
49311 
65696 
49312 
65697 
49313 
65698 
49314 
65699 
49315 
65700 
49316 
65701 
49317 
65702 
49318 
65703 
49319 
65704 
49320 
65705 
49321 
65706 
49322 
65707 
49323 
65708 
49324 
65709 
49325 
65710 
49326 
65711 
49327 
65712 
49328 
65713 
49329 
65714 
49330 
65715 
49331 
65716 
49332 
65717 
49333 
65718 
49334 
65719 
49335 
49336 
49337 
49338 
49339 
49340 
49341 
49342 
49343 
49344 
49345 
49346 
49347 
49348 
49349 
49350 
49351 
49352 
49353 
49354 
65739 
49355 
65740 
49356 
65741 
49357 
65742 
49358 
65743 
49359 
65744 
49360 
65745 
49361 
65746 
49362 
65747 
49363 
65748 
49364 
65749 
49365 
65750 
49366 
65751 
49367 
65752 
49368 
65753 
49369 
65754 
65755 
65756 
65757 
65758 
65759 
65760 
65761 
65762 
65763 
65764 
65765 
49381 
65766 
49382 
65767 
49383 
65768 
49384 
65769 
49385 
65770 
49386 
65771 
49387 
65772 
49388 
65773 
49389 
65774 
49390 
65775 
49391 
65776 
49392 
65777 
49393 
65778 
49394 
65779 
49395 
65780 
49396 
65781 
49397 
65782 
49398 
65783 
49399 
65784 
49400 
65785 
49401 
65786 
49402 
65787 
49403 
65788 
49404 
65789 
49405 
49406 
49407 
49408 
49409 
49410 
49411 
49412 
49413 
49414 
49415 
49416 
49417 
49418 
49419 
49420 
49421 
49422 
49423 
49424 
65809 
49425 
65810 
49426 
65811 
49427 
65812 
49428 
65813 
49429 
65814 
49430 
65815 
49431 
65816 
49432 
65817 
49433 
65818 
49434 
65819 
49435 
65820 
49436 
65821 
49437 
65822 
49438 
65823 
49439 
65824 
65825 
65826 
65827 
65828 
65829 
65830 
65831 
65832 
65833 
65834 
65835 
49451 
65836 
49452 
65837 
49453 
65838 
49454 
65839 
49455 
65840 
49456 
65841 
49457 
65842 
49458 
65843 
49459 
65844 
49460 
65845 
49461 
65846 
49462 
65847 
49463 
65848 
49464 
65849 
49465 
65850 
49466 
65851 
49467 
65852 
49468 
65853 
49469 
65854 
49470 
65855 
49471 
65856 
49472 
65857 
49473 
65858 
49474 
65859 
49475 
49476 
49477 
49478 
49479 
49480 
49481 
49482 
49483 
49484 
49485 
49486 
49487 
49488 
49489 
49490 
49491 
49492 
49493 
49494 
65879 
49495 
65880 
49496 
65881 
49497 
65882 
49498 
65883 
49499 
65884 
49500 
65885 
49501 
65886 
49502 
65887 
49503 
65888 
49504 
65889 
49505 
65890 
49506 
65891 
49507 
65892 
49508 
65893 
49509 
65894 
65895 
65896 
65897 
65898 
65899 
65900 
65901 
65902 
65903 
65904 
65905 
49521 
65906 
49522 
65907 
49523 
65908 
49524 
65909 
49525 
65910 
49526 
65911 
49527 
65912 
49528 
65913 
49529 
65914 
49530 
65915 
49531 
65916 
49532 
65917 
49533 
65918 
49534 
65919 
49535 
65920 
49536 
65921 
49537 
65922 
49538 
65923 
49539 
65924 
49540 
65925 
49541 
65926 
49542 
65927 
49543 
65928 
49544 
65929 
49545 
49546 
49547 
49548 
49549 
49550 
49551 
49552 
49553 
49554 
49555 
49556 
49557 
49558 
49559 
49560 
49561 
49562 
49563 
49564 
65949 
49565 
65950 
49566 
65951 
49567 
65952 
49568 
65953 
49569 
65954 
49570 
65955 
49571 
65956 
49572 
65957 
49573 
65958 
49574 
65959 
49575 
65960 
49576 
65961 
49577 
65962 
49578 
65963 
49579 
65964 
65965 
65966 
65967 
65968 
65969 
65970 
65971 
65972 
65973 
65974 
65975 
49591 
65976 
49592 
65977 
49593 
65978 
49594 
65979 
49595 
65980 
49596 
65981 
49597 
65982 
49598 
65983 
49599 
65984 
49600 
65985 
49601 
65986 
49602 
65987 
49603 
65988 
49604 
65989 
49605 
65990 
49606 
65991 
49607 
65992 
49608 
65993 
49609 
65994 
49610 
65995 
49611 
65996 
49612 
65997 
49613 
65998 
49614 
65999 
49615 
49616 
49617 
49618 
49619 
49620 
49621 
49622 
49623 
49624 
49625 
49626 
49627 
49628 
49629 
49630 
49631 
49632 
49633 
49634 
66019 
49635 
66020 
49636 
66021 
49637 
66022 
49638 
66023 
49639 
66024 
49640 
66025 
49641 
66026 
49642 
66027 
49643 
66028 
49644 
66029 
49645 
66030 
49646 
66031 
49647 
66032 
49648 
66033 
49649 
66034 
66035 
66036 
66037 
66038 
66039 
66040 
66041 
66042 
66043 
66044 
66045 
49661 
66046 
49662 
66047 
49663 
66048 
49664 
66049 
49665 
66050 
49666 
66051 
49667 
66052 
49668 
66053 
49669 
66054 
49670 
66055 
49671 
66056 
49672 
66057 
49673 
66058 
49674 
66059 
49675 
66060 
49676 
66061 
49677 
66062 
49678 
66063 
49679 
66064 
49680 
66065 
49681 
66066 
49682 
66067 
49683 
66068 
49684 
66069 
49685 
49686 
49687 
49688 
49689 
49690 
49691 
49692 
49693 
49694 
49695 
49696 
49697 
49698 
49699 
49700 
49701 
49702 
49703 
49704 
66089 
49705 
66090 
49706 
66091 
49707 
66092 
49708 
66093 
49709 
66094 
49710 
66095 
49711 
66096 
49712 
66097 
49713 
66098 
49714 
66099 
49715 
66100 
49716 
66101 
49717 
66102 
49718 
66103 
49719 
66104 
66105 
66106 
66107 
66108 
66109 
66110 
66111 
66112 
66113 
66114 
66115 
49731 
66116 
49732 
66117 
49733 
66118 
49734 
66119 
49735 
66120 
49736 
66121 
49737 
66122 
49738 
66123 
49739 
66124 
49740 
66125 
49741 
66126 
49742 
66127 
49743 
66128 
49744 
66129 
49745 
66130 
49746 
66131 
49747 
66132 
49748 
66133 
49749 
66134 
49750 
66135 
49751 
66136 
49752 
66137 
49753 
66138 
49754 
66139 
49755 
49756 
49757 
49758 
49759 
49760 
49761 
49762 
49763 
49764 
49765 
49766 
49767 
49768 
49769 
49770 
49771 
49772 
49773 
49774 
66159 
49775 
66160 
49776 
66161 
49777 
66162 
49778 
66163 
49779 
66164 
49780 
66165 
49781 
66166 
49782 
66167 
49783 
66168 
49784 
66169 
49785 
66170 
49786 
66171 
49787 
66172 
49788 
66173 
49789 
66174 
66175 
66176 
66177 
66178 
66179 
66180 
66181 
66182 
66183 
66184 
66185 
49801 
66186 
49802 
66187 
49803 
66188 
49804 
66189 
49805 
66190 
49806 
66191 
49807 
66192 
49808 
66193 
49809 
66194 
49810 
66195 
49811 
66196 
49812 
66197 
49813 
66198 
49814 
66199 
49815 
66200 
49816 
66201 
49817 
66202 
49818 
66203 
49819 
66204 
49820 
66205 
49821 
66206 
49822 
66207 
49823 
66208 
49824 
66209 
49825 
49826 
49827 
49828 
49829 
49830 
49831 
49832 
49833 
49834 
49835 
49836 
49837 
49838 
49839 
49840 
49841 
49842 
49843 
49844 
66229 
49845 
66230 
49846 
66231 
49847 
66232 
49848 
66233 
49849 
66234 
49850 
66235 
49851 
66236 
49852 
66237 
49853 
66238 
49854 
66239 
49855 
66240 
49856 
66241 
49857 
66242 
49858 
66243 
49859 
66244 
66245 
66246 
66247 
66248 
66249 
66250 
66251 
66252 
66253 
66254 
66255 
49871 
66256 
49872 
66257 
49873 
66258 
49874 
66259 
49875 
66260 
49876 
66261 
49877 
66262 
49878 
66263 
49879 
66264 
49880 
66265 
49881 
66266 
49882 
66267 
49883 
66268 
49884 
66269 
49885 
66270 
49886 
66271 
49887 
66272 
49888 
66273 
49889 
66274 
49890 
66275 
49891 
66276 
49892 
66277 
49893 
66278 
49894 
66279 
49895 
49896 
49897 
49898 
49899 
49900 
49901 
49902 
49903 
49904 
49905 
49906 
49907 
49908 
49909 
49910 
49911 
49912 
49913 
49914 
66299 
49915 
66300 
49916 
66301 
49917 
66302 
49918 
66303 
49919 
66304 
49920 
66305 
49921 
66306 
49922 
66307 
49923 
66308 
49924 
66309 
49925 
66310 
49926 
66311 
49927 
66312 
49928 
66313 
49929 
66314 
66315 
66316 
66317 
66318 
66319 
66320 
66321 
66322 
66323 
66324 
66325 
49941 
66326 
49942 
66327 
49943 
66328 
49944 
66329 
49945 
66330 
49946 
66331 
49947 
66332 
49948 
66333 
49949 
66334 
49950 
66335 
49951 
66336 
49952 
66337 
49953 
66338 
49954 
66339 
49955 
66340 
49956 
66341 
49957 
66342 
49958 
66343 
49959 
66344 
49960 
66345 
49961 
66346 
49962 
66347 
49963 
66348 
49964 
66349 
49965 
49966 
49967 
49968 
49969 
49970 
49971 
49972 
49973 
49974 
49975 
49976 
49977 
49978 
49979 
49980 
49981 
49982 
49983 
49984 
66369 
49985 
66370 
49986 
66371 
49987 
66372 
49988 
66373 
49989 
66374 
49990 
66375 
49991 
66376 
49992 
66377 
49993 
66378 
49994 
66379 
49995 
66380 
49996 
66381 
49997 
66382 
49998 
66383 
49999 
66384 
66385 
66386 
66387 
66388 
66389 
66390 
66391 
66392 
66393 
66394 
66395 
50011 
66396 
50012 
66397 
50013 
66398 
50014 
66399 
50015 
66400 
50016 
66401 
50017 
66402 
50018 
66403 
50019 
66404 
50020 
66405 
50021 
66406 
50022 
66407 
50023 
66408 
50024 
66409 
50025 
66410 
50026 
66411 
50027 
66412 
50028 
66413 
50029 
66414 
50030 
66415 
50031 
66416 
50032 
66417 
50033 
66418 
50034 
66419 
50035 
50036 
50037 
50038 
50039 
50040 
50041 
50042 
50043 
50044 
50045 
50046 
50047 
50048 
50049 
50050 
50051 
50052 
50053 
50054 
66439 
50055 
66440 
50056 
66441 
50057 
66442 
50058 
66443 
50059 
66444 
50060 
66445 
50061 
66446 
50062 
66447 
50063 
66448 
50064 
66449 
50065 
66450 
50066 
66451 
50067 
66452 
50068 
66453 
50069 
66454 
66455 
66456 
66457 
66458 
66459 
66460 
66461 
66462 
66463 
66464 
66465 
50081 
66466 
50082 
66467 
50083 
66468 
50084 
66469 
50085 
66470 
50086 
66471 
50087 
66472 
50088 
66473 
50089 
66474 
50090 
66475 
50091 
66476 
50092 
66477 
50093 
66478 
50094 
66479 
50095 
66480 
50096 
66481 
50097 
66482 
50098 
66483 
50099 
66484 
50100 
66485 
50101 
66486 
50102 
66487 
50103 
66488 
50104 
66489 
50105 
50106 
50107 
50108 
50109 
50110 
50111 
50112 
50113 
50114 
50115 
50116 
50117 
50118 
50119 
50120 
50121 
50122 
50123 
50124 
66509 
50125 
66510 
50126 
66511 
50127 
66512 
50128 
66513 
50129 
66514 
50130 
66515 
50131 
66516 
50132 
66517 
50133 
66518 
50134 
66519 
50135 
66520 
50136 
66521 
50137 
66522 
50138 
66523 
50139 
66524 
66525 
66526 
66527 
66528 
66529 
66530 
66531 
66532 
66533 
66534 
66535 
66536 
66537 
66538 
66539 
66540 
66541 
66542 
66543 
66544 
66545 
66546 
66547 
66548 
66549 
66550 
66551 
66552 
66553 
66554 
66555 
66556 
66557 
66558 
66559 
66579 
66580 
66581 
66582 
66583 
66584 
66585 
66586 
66587 
66588 
66589 
66590 
66591 
66592 
66593 
66594 
66595 
66596 
66597 
66598 
66599 
66600 
66601 
66602 
66603 
66604 
66605 
66606 
66607 
66608 
66609 
66610 
66611 
66612 
66613 
66614 
66615 
66616 
66617 
66618 
66619 
66620 
66621 
66622 
66623 
66624 
66625 
66626 
66627 
66628 
66629 
66649 
66650 
66651 
66652 
66653 
66654 
66655 
66656 
66657 
66658 
66659 
66660 
66661 
66662 
66663 
66664 
66665 
66666 
66667 
66668 
66669 
66670 
66671 
66672 
66673 
66674 
66675 
66676 
66677 
66678 
66679 
66680 
66681 
66682 
66683 
66684 
66685 
66686 
66687 
66688 
66689 
66690 
66691 
66692 
66693 
66694 
66695 
66696 
66697 
66698 
66699 
66719 
66720 
66721 
66722 
66723 
66724 
66725 
66726 
66727 
66728 
66729 
66730 
66731 
66732 
66733 
66734 
66735 
66736 
66737 
66738 
66739 
66740 
66741 
66742 
66743 
66744 
66745 
66746 
66747 
66748 
66749 
66750 
66751 
66752 
66753 
66754 
66755 
66756 
66757 
66758 
66759 
66760 
66761 
66762 
66763 
66764 
66765 
66766 
66767 
66768 
66769 
66789 
66790 
66791 
66792 
66793 
66794 
66795 
66796 
66797 
66798 
66799 
66800 
66801 
66802 
66803 
66804 
66805 
66806 
66807 
66808 
66809 
66810 
66811 
66812 
66813 
66814 
66815 
66816 
66817 
66818 
66819 
66820 
66821 
66822 
66823 
66824 
66825 
66826 
66827 
66828 
66829 
66830 
66831 
66832 
66833 
66834 
66835 
66836 
66837 
66838 
66839 
42844 
42845 
42846 
42847 
42848 
42849 
42850 
42851 
42852 
42853 
42854 
42855 
42856 
42857 
42858 
42859 
42905 
42906 
42907 
42908 
42909 
42910 
42911 
42912 
42913 
42914 
42915 
42916 
42917 
42918 
42919 
42920 
42921 
42922 
42923 
42924 
42925 
42926 
42927 
42928 
42929 
42969 
42970 
42971 
42972 
42973 
42974 
42975 
42976 
42977 
42978 
42979 
42980 
42981 
42982 
42983 
42984 
42985 
42986 
42987 
42988 
42989 
42990 
42991 
42992 
42993 
42994 
42995 
42996 
42997 
42998 
42999 
43034 
43035 
43036 
43037 
43038 
43039 
43040 
43041 
43042 
43043 
43044 
43045 
43046 
43047 
43048 
43049 
43050 
43051 
43052 
43053 
43054 
43055 
43056 
43057 
43058 
43059 
43060 
43061 
43062 
43063 
43064 
43065 
43066 
43067 
43068 
43069 
43100 
43101 
43102 
43103 
43104 
43105 
43106 
43107 
43108 
43109 
43110 
43111 
43112 
43113 
43114 
43115 
43116 
43117 
43118 
43119 
43120 
43121 
43122 
43123 
43124 
43125 
43126 
43127 
43128 
43129 
43130 
43131 
43132 
43133 
43134 
43135 
43136 
43137 
43138 
43139 
43167 
43168 
43169 
43170 
43171 
43172 
43173 
43174 
43175 
43176 
43177 
43178 
43179 
43180 
43181 
43182 
43183 
43184 
43185 
43186 
43187 
43188 
43189 
43190 
43191 
43192 
43193 
43194 
43195 
43196 
43197 
43198 
43199 
43200 
43201 
43202 
43203 
43204 
43205 
43206 
43207 
43208 
43209 
43235 
43236 
43237 
43238 
43239 
43240 
43241 
43242 
43243 
43244 
43245 
43246 
43247 
43248 
43249 
43250 
43251 
43252 
43253 
43254 
43255 
43256 
43257 
43258 
43259 
43260 
43261 
43262 
43263 
43264 
43265 
43266 
43267 
43268 
43269 
43270 
43271 
43272 
43273 
43274 
43275 
43276 
43277 
43278 
43279 
43303 
43304 
43305 
43306 
43307 
43308 
43309 
43310 
43311 
43312 
43313 
43314 
43315 
43316 
43317 
43318 
43319 
43320 
43321 
43322 
43323 
43324 
43325 
43326 
43327 
43328 
43329 
43330 
43331 
43332 
43333 
43334 
43335 
43336 
43337 
43338 
43339 
43340 
43341 
43342 
43343 
43344 
43345 
43346 
43347 
43348 
43349 
43371 
43372 
43373 
43374 
43375 
43376 
43377 
43378 
43379 
43380 
43381 
43382 
43383 
43384 
43385 
43386 
43387 
43388 
43389 
43390 
43391 
43392 
43393 
43394 
43395 
43396 
43397 
43398 
43399 
43400 
43401 
43402 
43403 
43404 
43405 
43406 
43407 
43408 
43409 
43410 
43411 
43412 
43413 
43414 
43415 
43416 
43417 
43418 
43419 
43440 
43441 
43442 
43443 
43444 
43445 
43446 
43447 
43448 
43449 
43450 
43451 
43452 
43453 
43454 
43455 
43456 
43457 
43458 
43459 
43460 
43461 
43462 
43463 
43464 
43465 
43466 
43467 
43468 
43469 
43470 
43471 
43472 
43473 
43474 
43475 
43476 
43477 
43478 
43479 
43480 
43481 
43482 
43483 
43484 
43485 
43486 
43487 
43488 
43489 
43508 
43509 
43510 
43511 
43512 
43513 
43514 
43515 
43516 
43517 
43518 
43519 
43520 
43521 
43522 
43523 
43524 
43525 
43526 
43527 
43528 
43529 
43530 
43531 
43532 
43533 
43534 
43535 
43536 
43537 
43538 
43539 
43540 
43541 
43542 
43543 
43544 
43545 
43546 
43547 
43548 
43549 
43550 
43551 
43552 
43553 
43554 
43555 
43556 
43557 
43558 
43559 
43577 
43578 
43579 
43580 
43581 
43582 
43583 
43584 
43585 
43586 
43587 
43588 
43589 
43590 
43591 
43592 
43593 
59977 
43594 
59978 
43595 
59979 
43596 
43597 
43598 
43599 
43600 
43601 
43602 
43603 
43604 
43605 
43606 
43607 
43608 
43609 
43610 
43611 
43612 
43613 
43614 
43615 
43616 
43617 
43618 
43619 
43620 
43621 
43622 
43623 
43624 
43625 
43626 
43627 
43628 
43629 
43646 
43647 
43648 
43649 
43650 
43651 
43652 
43653 
60037 
43654 
60038 
43655 
60039 
43656 
60040 
43657 
60041 
43658 
60042 
43659 
60043 
43660 
60044 
43661 
60045 
43662 
60046 
43663 
60047 
43664 
60048 
43665 
60049 
43666 
43667 
43668 
43669 
43670 
43671 
43672 
43673 
43674 
43675 
43676 
43677 
43678 
43679 
43680 
43681 
43682 
43683 
43684 
43685 
43686 
43687 
43688 
43689 
43690 
43691 
43692 
43693 
43694 
43695 
43696 
43697 
43698 
43699 
43715 
43716 
60100 
43717 
60101 
43718 
60102 
43719 
60103 
43720 
60104 
43721 
60105 
43722 
60106 
43723 
60107 
43724 
60108 
43725 
60109 
43726 
60110 
43727 
60111 
43728 
60112 
43729 
60113 
43730 
60114 
43731 
60115 
43732 
60116 
43733 
60117 
43734 
60118 
43735 
60119 
43736 
43737 
43738 
43739 
43740 
43741 
43742 
43743 
43744 
43745 
43746 
43747 
43748 
43749 
43750 
43751 
43752 
43753 
43754 
43755 
43756 
43757 
43758 
43759 
43760 
43761 
43762 
43763 
43764 
43765 
43766 
43767 
43768 
43769 
60165 
60166 
60167 
60168 
43785 
60169 
43786 
60170 
43787 
60171 
43788 
60172 
43789 
60173 
43790 
60174 
43791 
60175 
43792 
60176 
43793 
60177 
43794 
60178 
43795 
60179 
43796 
60180 
43797 
60181 
43798 
60182 
43799 
60183 
43800 
60184 
43801 
60185 
43802 
60186 
43803 
60187 
43804 
60188 
43805 
60189 
43806 
43807 
43808 
43809 
43810 
43811 
43812 
43813 
43814 
43815 
43816 
43817 
43818 
43819 
43820 
43821 
43822 
43823 
43824 
43825 
43826 
43827 
43828 
43829 
43830 
43831 
43832 
43833 
43834 
43835 
43836 
43837 
43838 
43839 
60231 
60232 
60233 
60234 
60235 
60236 
60237 
43854 
60238 
43855 
60239 
43856 
60240 
43857 
60241 
43858 
60242 
43859 
60243 
43860 
60244 
43861 
60245 
43862 
60246 
43863 
60247 
43864 
60248 
43865 
60249 
43866 
60250 
43867 
60251 
43868 
60252 
43869 
60253 
43870 
60254 
43871 
60255 
43872 
60256 
43873 
60257 
43874 
60258 
43875 
60259 
43876 
43877 
43878 
43879 
43880 
43881 
43882 
43883 
43884 
43885 
43886 
43887 
43888 
43889 
43890 
43891 
43892 
43893 
43894 
43895 
43896 
43897 
43898 
43899 
43900 
43901 
43902 
43903 
43904 
43905 
43906 
43907 
43908 
43909 
60298 
60299 
60300 
60301 
60302 
60303 
60304 
60305 
60306 
43923 
60307 
43924 
60308 
43925 
60309 
43926 
60310 
43927 
60311 
43928 
60312 
43929 
60313 
43930 
60314 
43931 
60315 
43932 
60316 
43933 
60317 
43934 
60318 
43935 
60319 
43936 
60320 
43937 
60321 
43938 
60322 
43939 
60323 
43940 
60324 
43941 
60325 
43942 
60326 
43943 
60327 
43944 
60328 
43945 
60329 
43946 
43947 
43948 
43949 
43950 
43951 
43952 
43953 
43954 
43955 
43956 
43957 
43958 
43959 
43960 
43961 
43962 
43963 
43964 
43965 
43966 
43967 
43968 
43969 
43970 
43971 
43972 
43973 
43974 
43975 
43976 
43977 
43978 
43979 
60365 
60366 
60367 
60368 
60369 
60370 
60371 
60372 
60373 
60374 
60375 
60376 
43993 
60377 
43994 
60378 
43995 
60379 
43996 
60380 
43997 
60381 
43998 
60382 
43999 
60383 
44000 
60384 
44001 
60385 
44002 
60386 
44003 
60387 
44004 
60388 
44005 
60389 
44006 
60390 
44007 
60391 
44008 
60392 
44009 
60393 
44010 
60394 
44011 
60395 
44012 
60396 
44013 
60397 
44014 
60398 
44015 
60399 
44016 
44017 
44018 
44019 
44020 
44021 
44022 
44023 
44024 
44025 
44026 
44027 
44028 
44029 
44030 
44031 
44032 
44033 
44034 
44035 
44036 
44037 
44038 
44039 
44040 
44041 
44042 
44043 
44044 
44045 
44046 
44047 
44048 
44049 
60433 
60434 
60435 
60436 
60437 
60438 
60439 
60440 
60441 
60442 
60443 
60444 
60445 
44062 
60446 
44063 
60447 
44064 
60448 
44065 
60449 
44066 
60450 
44067 
60451 
44068 
60452 
44069 
60453 
44070 
60454 
44071 
60455 
44072 
60456 
44073 
60457 
44074 
60458 
44075 
60459 
44076 
60460 
44077 
60461 
44078 
60462 
44079 
60463 
44080 
60464 
44081 
60465 
44082 
60466 
44083 
60467 
44084 
60468 
44085 
60469 
44086 
44087 
44088 
44089 
44090 
44091 
44092 
44093 
44094 
44095 
44096 
44097 
44098 
44099 
44100 
44101 
44102 
44103 
44104 
44105 
44106 
44107 
44108 
44109 
44110 
44111 
44112 
44113 
44114 
44115 
44116 
44117 
60501 
44118 
60502 
44119 
60503 
60504 
60505 
60506 
60507 
60508 
60509 
60510 
60511 
60512 
60513 
60514 
60515 
44132 
60516 
44133 
60517 
44134 
60518 
44135 
60519 
44136 
60520 
44137 
60521 
44138 
60522 
44139 
60523 
44140 
60524 
44141 
60525 
44142 
60526 
44143 
60527 
44144 
60528 
44145 
60529 
44146 
60530 
44147 
60531 
44148 
60532 
44149 
60533 
44150 
60534 
44151 
60535 
44152 
60536 
44153 
60537 
44154 
60538 
44155 
60539 
44156 
44157 
44158 
44159 
44160 
44161 
44162 
44163 
44164 
44165 
44166 
44167 
44168 
44169 
44170 
44171 
44172 
44173 
44174 
44175 
44176 
44177 
44178 
44179 
44180 
44181 
44182 
44183 
44184 
44185 
60569 
44186 
60570 
44187 
60571 
44188 
60572 
44189 
60573 
60574 
60575 
60576 
60577 
60578 
60579 
60580 
60581 
60582 
60583 
60584 
44201 
60585 
44202 
60586 
44203 
60587 
44204 
60588 
44205 
60589 
44206 
60590 
44207 
60591 
44208 
60592 
44209 
60593 
44210 
60594 
44211 
60595 
44212 
60596 
44213 
60597 
44214 
60598 
44215 
60599 
44216 
60600 
44217 
60601 
44218 
60602 
44219 
60603 
44220 
60604 
44221 
60605 
44222 
60606 
44223 
60607 
44224 
60608 
44225 
60609 
44226 
44227 
44228 
44229 
44230 
44231 
44232 
44233 
44234 
44235 
44236 
44237 
44238 
44239 
44240 
44241 
44242 
44243 
44244 
44245 
44246 
44247 
44248 
44249 
44250 
44251 
44252 
44253 
44254 
60638 
44255 
60639 
44256 
60640 
44257 
60641 
44258 
60642 
44259 
60643 
60644 
60645 
60646 
60647 
60648 
60649 
60650 
60651 
60652 
60653 
60654 
44271 
60655 
44272 
60656 
44273 
60657 
44274 
60658 
44275 
60659 
44276 
60660 
44277 
60661 
44278 
60662 
44279 
60663 
44280 
60664 
44281 
60665 
44282 
60666 
44283 
60667 
44284 
60668 
44285 
60669 
44286 
60670 
44287 
60671 
44288 
60672 
44289 
60673 
44290 
60674 
44291 
60675 
44292 
60676 
44293 
60677 
44294 
60678 
44295 
60679 
44296 
44297 
44298 
44299 
44300 
44301 
44302 
44303 
44304 
44305 
44306 
44307 
44308 
44309 
44310 
44311 
44312 
44313 
44314 
44315 
44316 
44317 
44318 
44319 
44320 
44321 
44322 
60706 
44323 
60707 
44324 
60708 
44325 
60709 
44326 
60710 
44327 
60711 
44328 
60712 
44329 
60713 
60714 
60715 
60716 
60717 
60718 
60719 
60720 
60721 
60722 
60723 
60724 
44341 
60725 
44342 
60726 
44343 
60727 
44344 
60728 
44345 
60729 
44346 
60730 
44347 
60731 
44348 
60732 
44349 
60733 
44350 
60734 
44351 
60735 
44352 
60736 
44353 
60737 
44354 
60738 
44355 
60739 
44356 
60740 
44357 
60741 
44358 
60742 
44359 
60743 
44360 
60744 
44361 
60745 
44362 
60746 
44363 
60747 
44364 
60748 
44365 
60749 
44366 
44367 
44368 
44369 
44370 
44371 
44372 
44373 
44374 
44375 
44376 
44377 
44378 
44379 
44380 
44381 
44382 
44383 
44384 
44385 
44386 
44387 
44388 
44389 
44390 
44391 
60775 
44392 
60776 
44393 
60777 
44394 
60778 
44395 
60779 
44396 
60780 
44397 
60781 
44398 
60782 
44399 
60783 
60784 
60785 
60786 
60787 
60788 
60789 
60790 
60791 
60792 
60793 
60794 
44411 
60795 
44412 
60796 
44413 
60797 
44414 
60798 
44415 
60799 
44416 
60800 
44417 
60801 
44418 
60802 
44419 
60803 
44420 
60804 
44421 
60805 
44422 
60806 
44423 
60807 
44424 
60808 
44425 
60809 
44426 
60810 
44427 
60811 
44428 
60812 
44429 
60813 
44430 
60814 
44431 
60815 
44432 
60816 
44433 
60817 
44434 
60818 
44435 
60819 
44436 
44437 
44438 
44439 
44440 
44441 
44442 
44443 
44444 
44445 
44446 
44447 
44448 
44449 
44450 
44451 
44452 
44453 
44454 
44455 
44456 
44457 
44458 
44459 
44460 
60844 
44461 
60845 
44462 
60846 
44463 
60847 
44464 
60848 
44465 
60849 
44466 
60850 
44467 
60851 
44468 
60852 
44469 
60853 
60854 
60855 
60856 
60857 
60858 
60859 
60860 
60861 
60862 
60863 
60864 
44481 
60865 
44482 
60866 
44483 
60867 
44484 
60868 
44485 
60869 
44486 
60870 
44487 
60871 
44488 
60872 
44489 
60873 
44490 
60874 
44491 
60875 
44492 
60876 
44493 
60877 
44494 
60878 
44495 
60879 
44496 
60880 
44497 
60881 
44498 
60882 
44499 
60883 
44500 
60884 
44501 
60885 
44502 
60886 
44503 
60887 
44504 
60888 
44505 
60889 
44506 
44507 
44508 
44509 
44510 
44511 
44512 
44513 
44514 
44515 
44516 
44517 
44518 
44519 
44520 
44521 
44522 
44523 
44524 
44525 
60909 
44526 
60910 
44527 
60911 
44528 
60912 
44529 
60913 
44530 
60914 
44531 
60915 
44532 
60916 
44533 
60917 
44534 
60918 
44535 
60919 
44536 
60920 
44537 
60921 
44538 
60922 
44539 
60923 
60924 
60925 
60926 
60927 
60928 
60929 
60930 
60931 
60932 
60933 
60934 
44551 
60935 
44552 
60936 
44553 
60937 
44554 
60938 
44555 
60939 
44556 
60940 
44557 
60941 
44558 
60942 
44559 
60943 
44560 
60944 
44561 
60945 
44562 
60946 
44563 
60947 
44564 
60948 
44565 
60949 
44566 
60950 
44567 
60951 
44568 
60952 
44569 
60953 
44570 
60954 
44571 
60955 
44572 
60956 
44573 
60957 
44574 
60958 
44575 
60959 
44576 
44577 
44578 
44579 
44580 
44581 
44582 
44583 
44584 
44585 
44586 
44587 
44588 
44589 
44590 
44591 
44592 
44593 
44594 
44595 
60979 
44596 
60980 
44597 
60981 
44598 
60982 
44599 
60983 
44600 
60984 
44601 
60985 
44602 
60986 
44603 
60987 
44604 
60988 
44605 
60989 
44606 
60990 
44607 
60991 
44608 
60992 
44609 
60993 
60994 
60995 
60996 
60997 
60998 
60999 
61000 
61001 
61002 
61003 
61004 
44621 
61005 
44622 
61006 
44623 
61007 
44624 
61008 
44625 
61009 
44626 
61010 
44627 
61011 
44628 
61012 
44629 
61013 
44630 
61014 
44631 
61015 
44632 
61016 
44633 
61017 
44634 
61018 
44635 
61019 
44636 
61020 
44637 
61021 
44638 
61022 
44639 
61023 
44640 
61024 
44641 
61025 
44642 
61026 
44643 
61027 
44644 
61028 
44645 
61029 
44646 
44647 
44648 
44649 
44650 
44651 
44652 
44653 
44654 
44655 
44656 
44657 
44658 
44659 
44660 
44661 
44662 
44663 
44664 
44665 
61049 
44666 
61050 
44667 
61051 
44668 
61052 
44669 
61053 
44670 
61054 
44671 
61055 
44672 
61056 
44673 
61057 
44674 
61058 
44675 
61059 
44676 
61060 
44677 
61061 
44678 
61062 
44679 
61063 
61064 
61065 
61066 
61067 
61068 
61069 
61070 
61071 
61072 
61073 
61074 
44691 
61075 
44692 
61076 
44693 
61077 
44694 
61078 
44695 
61079 
44696 
61080 
44697 
61081 
44698 
61082 
44699 
61083 
44700 
61084 
44701 
61085 
44702 
61086 
44703 
61087 
44704 
61088 
44705 
61089 
44706 
61090 
44707 
61091 
44708 
61092 
44709 
61093 
44710 
61094 
44711 
61095 
44712 
61096 
44713 
61097 
61098 
44714 
61099 
44715 
44716 
44717 
44718 
44719 
44720 
44721 
44722 
44723 
44724 
44725 
44726 
44727 
44728 
44729 
44730 
44731 
44732 
44733 
44734 
61119 
44735 
61120 
44736 
61121 
44737 
61122 
44738 
61123 
44739 
61124 
44740 
61125 
44741 
61126 
44742 
61127 
44743 
61128 
44744 
61129 
44745 
61130 
44746 
61131 
44747 
61132 
44748 
61133 
44749 
61134 
61135 
61136 
61137 
61138 
61139 
61140 
61141 
61142 
61143 
61144 
61145 
44761 
61146 
44762 
61147 
44763 
61148 
44764 
61149 
44765 
61150 
44766 
61151 
44767 
61152 
44768 
61153 
44769 
61154 
44770 
61155 
44771 
61156 
44772 
61157 
44773 
61158 
44774 
61159 
44775 
61160 
44776 
61161 
44777 
61162 
44778 
61163 
44779 
61164 
44780 
61165 
44781 
61166 
44782 
61167 
44783 
61168 
44784 
61169 
44785 
44786 
44787 
44788 
44789 
44790 
44791 
44792 
44793 
44794 
44795 
44796 
44797 
44798 
44799 
44800 
44801 
44802 
44803 
44804 
61189 
44805 
61190 
44806 
61191 
44807 
61192 
44808 
61193 
44809 
61194 
44810 
61195 
44811 
61196 
44812 
61197 
44813 
61198 
44814 
61199 
44815 
61200 
44816 
61201 
44817 
61202 
44818 
61203 
44819 
61204 
61205 
61206 
61207 
61208 
61209 
61210 
61211 
61212 
61213 
61214 
61215 
44831 
61216 
44832 
61217 
44833 
61218 
44834 
61219 
44835 
61220 
44836 
61221 
44837 
61222 
44838 
61223 
44839 
61224 
44840 
61225 
44841 
61226 
44842 
61227 
44843 
61228 
44844 
61229 
44845 
61230 
44846 
61231 
44847 
61232 
44848 
61233 
44849 
61234 
44850 
61235 
44851 
61236 
44852 
61237 
44853 
61238 
44854 
61239 
44855 
44856 
44857 
44858 
44859 
44860 
44861 
44862 
44863 
44864 
44865 
44866 
44867 
44868 
44869 
44870 
44871 
44872 
44873 
44874 
61259 
44875 
61260 
44876 
61261 
44877 
61262 
44878 
61263 
44879 
61264 
44880 
61265 
44881 
61266 
44882 
61267 
44883 
61268 
44884 
61269 
44885 
61270 
44886 
61271 
44887 
61272 
44888 
61273 
44889 
61274 
61275 
61276 
61277 
61278 
61279 
61280 
61281 
61282 
61283 
61284 
61285 
44901 
61286 
44902 
61287 
44903 
61288 
44904 
61289 
44905 
61290 
44906 
61291 
44907 
61292 
44908 
61293 
44909 
61294 
44910 
61295 
44911 
61296 
44912 
61297 
44913 
61298 
44914 
61299 
44915 
61300 
44916 
61301 
44917 
61302 
44918 
61303 
44919 
61304 
44920 
61305 
44921 
61306 
44922 
61307 
44923 
61308 
44924 
61309 
44925 
44926 
44927 
44928 
44929 
44930 
44931 
44932 
44933 
44934 
44935 
44936 
44937 
44938 
44939 
44940 
44941 
44942 
44943 
44944 
61329 
44945 
61330 
44946 
61331 
44947 
61332 
44948 
61333 
44949 
61334 
44950 
61335 
44951 
61336 
44952 
61337 
44953 
61338 
44954 
61339 
44955 
61340 
44956 
61341 
44957 
61342 
44958 
61343 
44959 
61344 
61345 
61346 
61347 
61348 
61349 
61350 
61351 
61352 
61353 
61354 
61355 
44971 
61356 
44972 
61357 
44973 
61358 
44974 
61359 
44975 
61360 
44976 
61361 
44977 
61362 
44978 
61363 
44979 
61364 
44980 
61365 
44981 
61366 
44982 
61367 
44983 
61368 
44984 
61369 
44985 
61370 
44986 
61371 
44987 
61372 
44988 
61373 
44989 
61374 
44990 
61375 
44991 
61376 
44992 
61377 
44993 
61378 
44994 
61379 
44995 
44996 
44997 
44998 
44999 
45000 
45001 
45002 
45003 
45004 
45005 
45006 
45007 
45008 
45009 
45010 
45011 
45012 
45013 
45014 
61399 
45015 
61400 
45016 
61401 
45017 
61402 
45018 
61403 
45019 
61404 
45020 
61405 
45021 
61406 
45022 
61407 
45023 
61408 
45024 
61409 
45025 
61410 
45026 
61411 
45027 
61412 
45028 
61413 
45029 
61414 
61415 
61416 
61417 
61418 
61419 
61420 
61421 
61422 
61423 
61424 
61425 
45041 
61426 
45042 
61427 
45043 
61428 
45044 
61429 
45045 
61430 
45046 
61431 
45047 
61432 
45048 
61433 
45049 
61434 
45050 
61435 
45051 
61436 
45052 
61437 
45053 
61438 
45054 
61439 
45055 
61440 
45056 
61441 
45057 
61442 
45058 
61443 
45059 
61444 
45060 
61445 
45061 
61446 
45062 
61447 
45063 
61448 
45064 
61449 
45065 
45066 
45067 
45068 
45069 
45070 
45071 
45072 
45073 
45074 
45075 
45076 
45077 
45078 
45079 
45080 
45081 
45082 
45083 
45084 
61469 
45085 
61470 
45086 
61471 
45087 
61472 
45088 
61473 
45089 
61474 
45090 
61475 
45091 
61476 
45092 
61477 
45093 
61478 
45094 
61479 
45095 
61480 
45096 
61481 
45097 
61482 
45098 
61483 
45099 
61484 
61485 
61486 
61487 
61488 
61489 
61490 
61491 
61492 
61493 
61494 
61495 
45111 
61496 
45112 
61497 
45113 
61498 
45114 
61499 
45115 
61500 
45116 
61501 
45117 
61502 
45118 
61503 
45119 
61504 
45120 
61505 
45121 
61506 
45122 
61507 
45123 
61508 
45124 
61509 
45125 
61510 
45126 
61511 
45127 
61512 
45128 
61513 
45129 
61514 
45130 
61515 
45131 
61516 
45132 
61517 
45133 
61518 
45134 
61519 
45135 
45136 
45137 
45138 
45139 
45140 
45141 
45142 
45143 
45144 
45145 
45146 
45147 
45148 
45149 
45150 
45151 
45152 
45153 
45154 
61539 
45155 
61540 
45156 
61541 
45157 
61542 
45158 
61543 
45159 
61544 
45160 
61545 
45161 
61546 
45162 
61547 
45163 
61548 
45164 
61549 
45165 
61550 
45166 
61551 
45167 
61552 
45168 
61553 
45169 
61554 
61555 
61556 
61557 
61558 
61559 
61560 
61561 
61562 
61563 
61564 
61565 
45181 
61566 
45182 
61567 
45183 
61568 
45184 
61569 
45185 
61570 
45186 
61571 
45187 
61572 
45188 
61573 
45189 
61574 
45190 
61575 
45191 
61576 
45192 
61577 
45193 
61578 
45194 
61579 
45195 
61580 
45196 
61581 
45197 
61582 
45198 
61583 
45199 
61584 
45200 
61585 
45201 
61586 
45202 
61587 
45203 
61588 
45204 
61589 
45205 
45206 
45207 
45208 
45209 
45210 
45211 
45212 
45213 
45214 
45215 
45216 
45217 
45218 
45219 
45220 
45221 
45222 
45223 
45224 
61609 
45225 
61610 
45226 
61611 
45227 
61612 
45228 
61613 
45229 
61614 
45230 
61615 
45231 
61616 
45232 
61617 
45233 
61618 
45234 
61619 
45235 
61620 
45236 
61621 
45237 
61622 
45238 
61623 
45239 
61624 
61625 
61626 
61627 
61628 
61629 
61630 
61631 
61632 
61633 
61634 
61635 
45251 
61636 
45252 
61637 
45253 
61638 
45254 
61639 
45255 
61640 
45256 
61641 
45257 
61642 
45258 
61643 
45259 
61644 
45260 
61645 
45261 
61646 
45262 
61647 
45263 
61648 
45264 
61649 
45265 
61650 
45266 
61651 
45267 
61652 
45268 
61653 
45269 
61654 
45270 
61655 
45271 
61656 
45272 
61657 
45273 
61658 
45274 
61659 
45275 
45276 
45277 
45278 
45279 
45280 
45281 
45282 
45283 
45284 
45285 
45286 
45287 
45288 
45289 
45290 
45291 
45292 
45293 
45294 
61679 
45295 
61680 
45296 
61681 
45297 
61682 
45298 
61683 
45299 
61684 
45300 
61685 
45301 
61686 
45302 
61687 
45303 
61688 
45304 
61689 
45305 
61690 
45306 
61691 
45307 
61692 
45308 
61693 
45309 
61694 
61695 
61696 
61697 
61698 
61699 
61700 
61701 
61702 
61703 
61704 
61705 
45321 
61706 
45322 
61707 
45323 
61708 
45324 
61709 
45325 
61710 
45326 
61711 
45327 
61712 
45328 
61713 
45329 
61714 
45330 
61715 
45331 
61716 
45332 
61717 
45333 
61718 
45334 
61719 
45335 
61720 
45336 
61721 
45337 
61722 
45338 
61723 
45339 
61724 
45340 
61725 
45341 
61726 
45342 
61727 
45343 
61728 
45344 
61729 
45345 
45346 
45347 
45348 
45349 
45350 
45351 
45352 
45353 
45354 
45355 
45356 
45357 
45358 
45359 
45360 
45361 
45362 
45363 
45364 
61749 
45365 
61750 
45366 
61751 
45367 
61752 
45368 
61753 
45369 
61754 
45370 
61755 
45371 
61756 
45372 
61757 
45373 
61758 
45374 
61759 
45375 
61760 
45376 
61761 
45377 
61762 
45378 
61763 
45379 
61764 
61765 
61766 
61767 
61768 
61769 
61770 
61771 
61772 
61773 
61774 
61775 
45391 
61776 
45392 
61777 
45393 
61778 
45394 
61779 
45395 
61780 
45396 
61781 
45397 
61782 
45398 
61783 
45399 
61784 
45400 
61785 
45401 
61786 
45402 
61787 
45403 
61788 
45404 
61789 
45405 
61790 
45406 
61791 
45407 
61792 
45408 
61793 
45409 
61794 
45410 
61795 
45411 
61796 
45412 
61797 
45413 
61798 
45414 
61799 
45415 
45416 
45417 
45418 
45419 
45420 
45421 
45422 
45423 
45424 
45425 
45426 
45427 
45428 
45429 
45430 
45431 
45432 
45433 
45434 
61819 
45435 
61820 
45436 
61821 
45437 
61822 
45438 
61823 
45439 
61824 
45440 
61825 
45441 
61826 
45442 
61827 
45443 
61828 
45444 
61829 
45445 
61830 
45446 
61831 
45447 
61832 
45448 
61833 
45449 
61834 
61835 
61836 
61837 
61838 
61839 
61840 
61841 
61842 
61843 
61844 
61845 
45461 
61846 
45462 
61847 
45463 
61848 
45464 
61849 
45465 
61850 
45466 
61851 
45467 
61852 
45468 
61853 
45469 
61854 
45470 
61855 
45471 
61856 
45472 
61857 
45473 
61858 
45474 
61859 
45475 
61860 
45476 
61861 
45477 
61862 
45478 
61863 
45479 
61864 
45480 
61865 
45481 
61866 
45482 
61867 
45483 
61868 
45484 
61869 
45485 
45486 
45487 
45488 
45489 
45490 
45491 
45492 
45493 
45494 
45495 
45496 
45497 
45498 
45499 
45500 
45501 
45502 
45503 
45504 
61889 
45505 
61890 
45506 
61891 
45507 
61892 
45508 
61893 
45509 
61894 
45510 
61895 
45511 
61896 
45512 
61897 
45513 
61898 
45514 
61899 
45515 
61900 
45516 
61901 
45517 
61902 
45518 
61903 
45519 
61904 
61905 
61906 
61907 
61908 
61909 
61910 
61911 
61912 
61913 
61914 
61915 
45531 
61916 
45532 
61917 
45533 
61918 
45534 
61919 
45535 
61920 
45536 
61921 
45537 
61922 
45538 
61923 
45539 
61924 
45540 
61925 
45541 
61926 
45542 
61927 
45543 
61928 
45544 
61929 
45545 
61930 
45546 
61931 
45547 
61932 
45548 
61933 
45549 
61934 
45550 
61935 
45551 
61936 
45552 
61937 
45553 
61938 
45554 
61939 
45555 
45556 
45557 
45558 
45559 
45560 
45561 
45562 
45563 
45564 
45565 
45566 
45567 
45568 
45569 
45570 
45571 
45572 
45573 
45574 
61959 
45575 
61960 
45576 
61961 
45577 
61962 
45578 
61963 
45579 
61964 
45580 
61965 
45581 
61966 
45582 
61967 
45583 
61968 
45584 
61969 
45585 
61970 
45586 
61971 
45587 
61972 
45588 
61973 
45589 
61974 
61975 
61976 
61977 
61978 
61979 
61980 
61981 
61982 
61983 
61984 
61985 
45601 
61986 
45602 
61987 
45603 
61988 
45604 
61989 
45605 
61990 
45606 
61991 
45607 
61992 
45608 
61993 
45609 
61994 
45610 
61995 
45611 
61996 
45612 
61997 
45613 
61998 
45614 
61999 
45615 
62000 
45616 
62001 
45617 
62002 
45618 
62003 
45619 
62004 
45620 
62005 
45621 
62006 
45622 
62007 
45623 
62008 
45624 
62009 
45625 
45626 
45627 
45628 
45629 
45630 
45631 
45632 
45633 
45634 
45635 
45636 
45637 
45638 
45639 
45640 
45641 
45642 
45643 
45644 
62029 
45645 
62030 
45646 
62031 
45647 
62032 
45648 
62033 
45649 
62034 
45650 
62035 
45651 
62036 
45652 
62037 
45653 
62038 
45654 
62039 
45655 
62040 
45656 
62041 
45657 
62042 
45658 
62043 
45659 
62044 
62045 
62046 
62047 
62048 
62049 
62050 
62051 
62052 
62053 
62054 
62055 
45671 
62056 
45672 
62057 
45673 
62058 
45674 
62059 
45675 
62060 
45676 
62061 
45677 
62062 
45678 
62063 
45679 
62064 
45680 
62065 
45681 
62066 
45682 
62067 
45683 
62068 
45684 
62069 
45685 
62070 
45686 
62071 
45687 
62072 
45688 
62073 
45689 
62074 
45690 
62075 
45691 
62076 
45692 
62077 
45693 
62078 
45694 
62079 
45695 
45696 
45697 
45698 
45699 
45700 
45701 
45702 
45703 
45704 
45705 
45706 
45707 
45708 
45709 
45710 
45711 
45712 
45713 
45714 
62099 
45715 
62100 
45716 
62101 
45717 
62102 
45718 
62103 
45719 
62104 
45720 
62105 
45721 
62106 
45722 
62107 
45723 
62108 
45724 
62109 
45725 
62110 
45726 
62111 
45727 
62112 
45728 
62113 
45729 
62114 
62115 
62116 
62117 
62118 
62119 
62120 
62121 
62122 
62123 
62124 
62125 
45741 
62126 
45742 
62127 
45743 
62128 
45744 
62129 
45745 
62130 
45746 
62131 
45747 
62132 
45748 
62133 
45749 
62134 
45750 
62135 
45751 
62136 
45752 
62137 
45753 
62138 
45754 
62139 
45755 
62140 
45756 
62141 
45757 
62142 
45758 
62143 
45759 
62144 
45760 
62145 
45761 
62146 
45762 
62147 
45763 
62148 
45764 
62149 
45765 
45766 
45767 
45768 
45769 
45770 
45771 
45772 
45773 
45774 
45775 
45776 
45777 
45778 
45779 
45780 
45781 
45782 
45783 
45784 
62169 
45785 
62170 
45786 
62171 
45787 
62172 
45788 
62173 
45789 
62174 
45790 
62175 
45791 
62176 
45792 
62177 
45793 
62178 
45794 
62179 
45795 
62180 
45796 
62181 
45797 
62182 
45798 
62183 
45799 
62184 
62185 
62186 
62187 
62188 
62189 
62190 
62191 
62192 
62193 
62194 
62195 
45811 
62196 
45812 
62197 
45813 
62198 
45814 
62199 
45815 
62200 
45816 
62201 
45817 
62202 
45818 
62203 
45819 
62204 
45820 
62205 
45821 
62206 
45822 
62207 
45823 
62208 
45824 
62209 
45825 
62210 
45826 
62211 
45827 
62212 
45828 
62213 
45829 
62214 
45830 
62215 
45831 
62216 
45832 
62217 
45833 
62218 
45834 
62219 
45835 
45836 
45837 
45838 
45839 
45840 
45841 
45842 
45843 
45844 
45845 
45846 
45847 
45848 
45849 
45850 
45851 
45852 
45853 
45854 
62239 
45855 
62240 
45856 
62241 
45857 
62242 
45858 
62243 
45859 
62244 
45860 
62245 
45861 
62246 
45862 
62247 
45863 
62248 
45864 
62249 
45865 
62250 
45866 
62251 
45867 
62252 
45868 
62253 
45869 
62254 
62255 
62256 
62257 
62258 
62259 
62260 
62261 
62262 
62263 
62264 
62265 
45881 
62266 
45882 
62267 
45883 
62268 
45884 
62269 
45885 
62270 
45886 
62271 
45887 
62272 
45888 
62273 
45889 
62274 
45890 
62275 
45891 
62276 
45892 
62277 
45893 
62278 
45894 
62279 
45895 
62280 
45896 
62281 
45897 
62282 
45898 
62283 
45899 
62284 
45900 
62285 
45901 
62286 
45902 
62287 
45903 
62288 
45904 
62289 
45905 
45906 
45907 
45908 
45909 
45910 
45911 
45912 
45913 
45914 
45915 
45916 
45917 
45918 
45919 
45920 
45921 
45922 
45923 
45924 
62309 
45925 
62310 
45926 
62311 
45927 
62312 
45928 
62313 
45929 
62314 
45930 
62315 
45931 
62316 
45932 
62317 
45933 
62318 
45934 
62319 
45935 
62320 
45936 
62321 
45937 
62322 
45938 
62323 
45939 
62324 
62325 
62326 
62327 
62328 
62329 
62330 
62331 
62332 
62333 
62334 
62335 
45951 
62336 
45952 
62337 
45953 
62338 
45954 
62339 
45955 
62340 
45956 
62341 
45957 
62342 
45958 
62343 
45959 
62344 
45960 
62345 
45961 
62346 
45962 
62347 
45963 
62348 
45964 
62349 
45965 
62350 
45966 
62351 
45967 
62352 
45968 
62353 
45969 
62354 
45970 
62355 
45971 
62356 
45972 
62357 
45973 
62358 
45974 
62359 
45975 
45976 
45977 
45978 
45979 
45980 
45981 
45982 
45983 
45984 
45985 
45986 
45987 
45988 
45989 
45990 
45991 
45992 
45993 
45994 
62379 
45995 
62380 
45996 
62381 
45997 
62382 
45998 
62383 
45999 
62384 
46000 
62385 
46001 
62386 
46002 
62387 
46003 
62388 
46004 
62389 
46005 
62390 
46006 
62391 
46007 
62392 
46008 
62393 
46009 
62394 
62395 
62396 
62397 
62398 
62399 
62400 
62401 
62402 
62403 
62404 
62405 
46021 
62406 
46022 
62407 
46023 
62408 
46024 
62409 
46025 
62410 
46026 
62411 
46027 
62412 
46028 
62413 
46029 
62414 
46030 
62415 
46031 
62416 
46032 
62417 
46033 
62418 
46034 
62419 
46035 
62420 
46036 
62421 
46037 
62422 
46038 
62423 
46039 
62424 
46040 
62425 
46041 
62426 
46042 
62427 
46043 
62428 
46044 
62429 
46045 
46046 
46047 
46048 
46049 
46050 
46051 
46052 
46053 
46054 
46055 
46056 
46057 
46058 
46059 
46060 
46061 
46062 
46063 
46064 
62449 
46065 
62450 
46066 
62451 
46067 
62452 
46068 
62453 
46069 
62454 
46070 
62455 
46071 
62456 
46072 
62457 
46073 
62458 
46074 
62459 
46075 
62460 
46076 
62461 
46077 
62462 
46078 
62463 
46079 
62464 
62465 
62466 
62467 
62468 
62469 
62470 
62471 
62472 
62473 
62474 
62475 
46091 
62476 
46092 
62477 
46093 
62478 
46094 
62479 
46095 
62480 
46096 
62481 
46097 
62482 
46098 
62483 
46099 
62484 
46100 
62485 
46101 
62486 
46102 
62487 
46103 
62488 
46104 
62489 
46105 
62490 
46106 
62491 
46107 
62492 
46108 
62493 
46109 
62494 
46110 
62495 
46111 
62496 
46112 
62497 
46113 
62498 
46114 
62499 
46115 
46116 
46117 
46118 
46119 
46120 
46121 
46122 
46123 
46124 
46125 
46126 
46127 
46128 
46129 
46130 
46131 
46132 
46133 
46134 
62519 
46135 
62520 
46136 
62521 
46137 
62522 
46138 
62523 
46139 
62524 
46140 
62525 
46141 
62526 
46142 
62527 
46143 
62528 
46144 
62529 
46145 
62530 
46146 
62531 
46147 
62532 
46148 
62533 
46149 
62534 
62535 
62536 
62537 
62538 
62539 
62540 
62541 
62542 
62543 
62544 
62545 
46161 
62546 
46162 
62547 
46163 
62548 
46164 
62549 
46165 
62550 
46166 
62551 
46167 
62552 
46168 
62553 
46169 
62554 
46170 
62555 
46171 
62556 
46172 
62557 
46173 
62558 
46174 
62559 
46175 
62560 
46176 
62561 
46177 
62562 
46178 
62563 
46179 
62564 
46180 
62565 
46181 
62566 
46182 
62567 
46183 
62568 
46184 
62569 
46185 
46186 
46187 
46188 
46189 
46190 
46191 
46192 
46193 
46194 
46195 
46196 
46197 
46198 
46199 
46200 
46201 
46202 
46203 
46204 
62589 
46205 
62590 
46206 
62591 
46207 
62592 
46208 
62593 
46209 
62594 
46210 
62595 
46211 
62596 
46212 
62597 
46213 
62598 
46214 
62599 
46215 
62600 
46216 
62601 
46217 
62602 
46218 
62603 
46219 
62604 
62605 
62606 
62607 
62608 
62609 
62610 
62611 
62612 
62613 
62614 
62615 
46231 
62616 
46232 
62617 
46233 
62618 
46234 
62619 
46235 
62620 
46236 
62621 
46237 
62622 
46238 
62623 
46239 
62624 
46240 
62625 
46241 
62626 
46242 
62627 
46243 
62628 
46244 
62629 
46245 
62630 
46246 
62631 
46247 
62632 
46248 
62633 
46249 
62634 
46250 
62635 
46251 
62636 
46252 
62637 
46253 
62638 
46254 
62639 
46255 
46256 
46257 
46258 
46259 
46260 
46261 
46262 
46263 
46264 
46265 
46266 
46267 
46268 
46269 
46270 
46271 
46272 
46273 
46274 
62659 
46275 
62660 
46276 
62661 
46277 
62662 
46278 
62663 
46279 
62664 
46280 
62665 
46281 
62666 
46282 
62667 
46283 
62668 
46284 
62669 
46285 
62670 
46286 
62671 
46287 
62672 
46288 
62673 
46289 
62674 
62675 
62676 
62677 
62678 
62679 
62680 
62681 
62682 
62683 
62684 
62685 
46301 
62686 
46302 
62687 
46303 
62688 
46304 
62689 
46305 
62690 
46306 
62691 
46307 
62692 
46308 
62693 
46309 
62694 
46310 
62695 
46311 
62696 
46312 
62697 
46313 
62698 
46314 
62699 
46315 
62700 
46316 
62701 
46317 
62702 
46318 
62703 
46319 
62704 
46320 
62705 
46321 
62706 
46322 
62707 
46323 
62708 
46324 
62709 
46325 
46326 
46327 
46328 
46329 
46330 
46331 
46332 
46333 
46334 
46335 
46336 
46337 
46338 
46339 
46340 
46341 
46342 
46343 
46344 
62729 
46345 
62730 
46346 
62731 
46347 
62732 
46348 
62733 
46349 
62734 
46350 
62735 
46351 
62736 
46352 
62737 
46353 
62738 
46354 
62739 
46355 
62740 
46356 
62741 
46357 
62742 
46358 
62743 
46359 
62744 
62745 
62746 
62747 
62748 
62749 
62750 
62751 
62752 
62753 
62754 
62755 
46371 
62756 
46372 
62757 
46373 
62758 
46374 
62759 
46375 
62760 
46376 
62761 
46377 
62762 
46378 
62763 
46379 
62764 
46380 
62765 
46381 
62766 
46382 
62767 
46383 
62768 
46384 
62769 
46385 
62770 
46386 
62771 
46387 
62772 
46388 
62773 
46389 
62774 
46390 
62775 
46391 
62776 
46392 
62777 
46393 
62778 
46394 
62779 
46395 
46396 
46397 
46398 
46399 
46400 
46401 
46402 
46403 
46404 
46405 
46406 
46407 
46408 
46409 
46410 
46411 
46412 
46413 
46414 
62799 
46415 
62800 
46416 
62801 
46417 
62802 
46418 
62803 
46419 
62804 
46420 
62805 
46421 
62806 
46422 
62807 
46423 
62808 
46424 
62809 
46425 
62810 
46426 
62811 
46427 
62812 
46428 
62813 
46429 
62814 
62815 
62816 
62817 
62818 
62819 
62820 
62821 
62822 
62823 
62824 
62825 
46441 
62826 
46442 
62827 
46443 
62828 
46444 
62829 
46445 
62830 
46446 
62831 
46447 
62832 
46448 
62833 
46449 
62834 
46450 
62835 
46451 
62836 
46452 
62837 
46453 
62838 
46454 
62839 
46455 
62840 
46456 
62841 
46457 
62842 
46458 
62843 
46459 
62844 
46460 
62845 
46461 
62846 
46462 
62847 
46463 
62848 
46464 
62849 
46465 
46466 
46467 
46468 
46469 
46470 
46471 
46472 
46473 
46474 
46475 
46476 
46477 
46478 
46479 
46480 
46481 
46482 
46483 
46484 
62869 
46485 
62870 
46486 
62871 
46487 
62872 
46488 
62873 
46489 
62874 
46490 
62875 
46491 
62876 
46492 
62877 
46493 
62878 
46494 
62879 
46495 
62880 
46496 
62881 
46497 
62882 
46498 
62883 
46499 
62884 
62885 
62886 
62887 
62888 
62889 
62890 
62891 
62892 
62893 
62894 
62895 
46511 
62896 
46512 
62897 
46513 
62898 
46514 
62899 
46515 
62900 
46516 
62901 
46517 
62902 
46518 
62903 
46519 
62904 
46520 
62905 
46521 
62906 
46522 
62907 
46523 
62908 
46524 
62909 
46525 
62910 
46526 
62911 
46527 
62912 
46528 
62913 
46529 
62914 
46530 
62915 
46531 
62916 
46532 
62917 
46533 
62918 
46534 
62919 
46535 
46536 
46537 
46538 
46539 
46540 
46541 
46542 
46543 
46544 
46545 
46546 
46547 
46548 
46549 
46550 
46551 
46552 
46553 
46554 
62939 
46555 
62940 
46556 
62941 
46557 
62942 
46558 
62943 
46559 
62944 
46560 
62945 
46561 
62946 
46562 
62947 
46563 
62948 
46564 
62949 
46565 
62950 
46566 
62951 
46567 
62952 
46568 
62953 
46569 
62954 
62955 
62956 
62957 
62958 
62959 
62960 
62961 
62962 
62963 
62964 
62965 
46581 
62966 
46582 
62967 
46583 
62968 
46584 
62969 
46585 
62970 
46586 
62971 
46587 
62972 
46588 
62973 
46589 
62974 
46590 
62975 
46591 
62976 
46592 
62977 
46593 
62978 
46594 
62979 
46595 
62980 
46596 
62981 
46597 
62982 
46598 
62983 
46599 
62984 
46600 
62985 
46601 
62986 
46602 
62987 
46603 
62988 
46604 
62989 
46605 
46606 
46607 
46608 
46609 
46610 
46611 
46612 
46613 
46614 
46615 
46616 
46617 
46618 
46619 
46620 
46621 
46622 
46623 
46624 
63009 
46625 
63010 
46626 
63011 
46627 
63012 
46628 
63013 
46629 
63014 
46630 
63015 
46631 
63016 
46632 
63017 
46633 
63018 
46634 
63019 
46635 
63020 
46636 
63021 
46637 
63022 
46638 
63023 
46639 
63024 
63025 
63026 
63027 
63028 
63029 
63030 
63031 
63032 
63033 
63034 
63035 
46651 
63036 
46652 
63037 
46653 
63038 
46654 
63039 
46655 
63040 
46656 
63041 
46657 
63042 
46658 
63043 
46659 
63044 
46660 
63045 
46661 
63046 
46662 
63047 
46663 
63048 
46664 
63049 
46665 
63050 
46666 
63051 
46667 
63052 
46668 
63053 
46669 
63054 
46670 
63055 
46671 
63056 
46672 
63057 
46673 
63058 
46674 
63059 
46675 
46676 
46677 
46678 
46679 
46680 
46681 
46682 
46683 
46684 
46685 
46686 
46687 
46688 
46689 
46690 
46691 
46692 
46693 
46694 
63079 
46695 
63080 
46696 
63081 
46697 
63082 
46698 
63083 
46699 
63084 
46700 
63085 
46701 
63086 
46702 
63087 
46703 
63088 
46704 
63089 
46705 
63090 
46706 
63091 
46707 
63092 
46708 
63093 
46709 
63094 
63095 
63096 
63097 
63098 
63099 
63100 
63101 
63102 
63103 
63104 
63105 
46721 
63106 
46722 
63107 
46723 
63108 
46724 
63109 
46725 
63110 
46726 
63111 
46727 
63112 
46728 
63113 
46729 
63114 
46730 
63115 
46731 
63116 
46732 
63117 
46733 
63118 
46734 
63119 
46735 
63120 
46736 
63121 
46737 
63122 
46738 
63123 
46739 
63124 
46740 
63125 
46741 
63126 
46742 
63127 
46743 
63128 
46744 
63129 
46745 
46746 
46747 
46748 
46749 
46750 
46751 
46752 
46753 
46754 
46755 
46756 
46757 
46758 
46759 
46760 
46761 
46762 
46763 
46764 
63149 
46765 
63150 
46766 
63151 
46767 
63152 
46768 
63153 
46769 
63154 
46770 
63155 
46771 
63156 
46772 
63157 
46773 
63158 
46774 
63159 
46775 
63160 
46776 
63161 
46777 
63162 
46778 
63163 
46779 
63164 
63165 
63166 
63167 
63168 
63169 
63170 
63171 
63172 
63173 
63174 
63175 
46791 
63176 
46792 
63177 
46793 
63178 
46794 
63179 
46795 
63180 
46796 
63181 
46797 
63182 
46798 
63183 
46799 
63184 
46800 
63185 
46801 
63186 
46802 
63187 
46803 
63188 
46804 
63189 
46805 
63190 
46806 
63191 
46807 
63192 
46808 
63193 
46809 
63194 
46810 
63195 
46811 
63196 
46812 
63197 
46813 
63198 
46814 
63199 
46815 
46816 
46817 
46818 
46819 
46820 
46821 
46822 
46823 
46824 
46825 
46826 
46827 
46828 
46829 
46830 
46831 
46832 
46833 
46834 
63219 
46835 
63220 
46836 
63221 
46837 
63222 
46838 
63223 
46839 
63224 
46840 
63225 
46841 
63226 
46842 
63227 
46843 
63228 
46844 
63229 
46845 
63230 
46846 
63231 
46847 
63232 
46848 
63233 
46849 
63234 
63235 
63236 
63237 
63238 
63239 
63240 
63241 
63242 
63243 
63244 
63245 
46861 
63246 
46862 
63247 
46863 
63248 
46864 
63249 
46865 
63250 
46866 
63251 
46867 
63252 
46868 
63253 
46869 
63254 
46870 
63255 
46871 
63256 
46872 
63257 
46873 
63258 
46874 
63259 
46875 
63260 
46876 
63261 
46877 
63262 
46878 
63263 
46879 
63264 
46880 
63265 
46881 
63266 
46882 
63267 
46883 
63268 
46884 
63269 
46885 
46886 
46887 
46888 
46889 
46890 
46891 
46892 
46893 
46894 
46895 
46896 
46897 
46898 
46899 
46900 
46901 
46902 
46903 
46904 
63289 
46905 
63290 
46906 
63291 
46907 
63292 
46908 
63293 
46909 
63294 
46910 
63295 
46911 
63296 
46912 
63297 
46913 
63298 
46914 
63299 
46915 
63300 
46916 
63301 
46917 
63302 
46918 
63303 
46919 
63304 
63305 
63306 
63307 
63308 
63309 
63310 
63311 
63312 
63313 
63314 
63315 
46931 
63316 
46932 
63317 
46933 
63318 
46934 
63319 
46935 
63320 
46936 
63321 
46937 
63322 
46938 
63323 
46939 
63324 
46940 
63325 
46941 
63326 
46942 
63327 
46943 
63328 
46944 
63329 
46945 
63330 
46946 
63331 
46947 
63332 
46948 
63333 
46949 
63334 
46950 
63335 
46951 
63336 
46952 
63337 
46953 
63338 
46954 
63339 
46955 
46956 
46957 
46958 
46959 
46960 
46961 
46962 
46963 
46964 
46965 
46966 
46967 
46968 
46969 
46970 
46971 
46972 
46973 
46974 
63359 
46975 
63360 
46976 
63361 
46977 
63362 
46978 
63363 
46979 
63364 
46980 
63365 
46981 
63366 
46982 
63367 
46983 
63368 
46984 
63369 
46985 
63370 
46986 
63371 
46987 
63372 
46988 
63373 
46989 
63374 
63375 
63376 
63377 
63378 
63379 
63380 
63381 
63382 
63383 
63384 
63385 
47001 
63386 
47002 
63387 
47003 
63388 
47004 
63389 
47005 
63390 
47006 
63391 
47007 
63392 
47008 
63393 
47009 
63394 
47010 
63395 
47011 
63396 
47012 
63397 
47013 
63398 
47014 
63399 
47015 
63400 
47016 
63401 
47017 
63402 
47018 
63403 
47019 
63404 
47020 
63405 
47021 
63406 
47022 
63407 
47023 
63408 
47024 
63409 
47025 
47026 
47027 
47028 
47029 
47030 
47031 
47032 
47033 
47034 
47035 
47036 
47037 
47038 
47039 
47040 
47041 
47042 
47043 
47044 
63429 
47045 
63430 
47046 
63431 
47047 
63432 
47048 
63433 
47049 
63434 
47050 
63435 
47051 
63436 
47052 
63437 
47053 
63438 
47054 
63439 
47055 
63440 
47056 
63441 
47057 
63442 
47058 
63443 
47059 
63444 
63445 
63446 
63447 
63448 
63449 
63450 
63451 
63452 
63453 
63454 
63455 
47071 
63456 
47072 
63457 
47073 
63458 
47074 
63459 
47075 
63460 
47076 
63461 
47077 
63462 
47078 
63463 
47079 
63464 
47080 
63465 
47081 
63466 
47082 
63467 
47083 
63468 
47084 
63469 
47085 
63470 
47086 
63471 
47087 
63472 
47088 
63473 
47089 
63474 
47090 
63475 
47091 
63476 
47092 
63477 
47093 
63478 
47094 
63479 
47095 
47096 
47097 
47098 
47099 
47100 
47101 
47102 
47103 
47104 
47105 
47106 
47107 
47108 
47109 
47110 
47111 
47112 
47113 
47114 
63499 
47115 
63500 
47116 
63501 
47117 
63502 
47118 
63503 
47119 
63504 
47120 
63505 
47121 
63506 
47122 
63507 
47123 
63508 
47124 
63509 
47125 
63510 
47126 
63511 
47127 
63512 
47128 
63513 
47129 
63514 
63515 
63516 
63517 
63518 
63519 
63520 
63521 
63522 
63523 
63524 
63525 
47141 
63526 
47142 
63527 
47143 
63528 
47144 
63529 
47145 
63530 
47146 
63531 
47147 
63532 
47148 
63533 
47149 
63534 
47150 
63535 
47151 
63536 
47152 
63537 
47153 
63538 
47154 
63539 
47155 
63540 
47156 
63541 
47157 
63542 
47158 
63543 
47159 
63544 
47160 
63545 
47161 
63546 
47162 
63547 
47163 
63548 
47164 
63549 
47165 
47166 
47167 
47168 
47169 
47170 
47171 
47172 
47173 
47174 
47175 
47176 
47177 
47178 
47179 
47180 
47181 
47182 
47183 
47184 
63569 
47185 
63570 
47186 
63571 
47187 
63572 
47188 
63573 
47189 
63574 
47190 
63575 
47191 
63576 
47192 
63577 
47193 
63578 
47194 
63579 
47195 
63580 
47196 
63581 
47197 
63582 
47198 
63583 
47199 
63584 
63585 
63586 
63587 
63588 
63589 
63590 
63591 
63592 
63593 
63594 
63595 
47211 
63596 
47212 
63597 
47213 
63598 
47214 
63599 
47215 
63600 
47216 
63601 
47217 
63602 
47218 
63603 
47219 
63604 
47220 
63605 
47221 
63606 
47222 
63607 
47223 
63608 
47224 
63609 
47225 
63610 
47226 
63611 
47227 
63612 
47228 
63613 
47229 
63614 
47230 
63615 
47231 
63616 
47232 
63617 
47233 
63618 
47234 
63619 
47235 
47236 
47237 
47238 
47239 
47240 
47241 
47242 
47243 
47244 
47245 
47246 
47247 
47248 
47249 
47250 
47251 
47252 
47253 
47254 
63639 
47255 
63640 
47256 
63641 
47257 
63642 
47258 
63643 
47259 
63644 
47260 
63645 
47261 
63646 
47262 
63647 
47263 
63648 
47264 
63649 
47265 
63650 
47266 
63651 
47267 
63652 
47268 
63653 
47269 
63654 
63655 
63656 
63657 
63658 
63659 
63660 
63661 
63662 
63663 
63664 
63665 
47281 
63666 
47282 
63667 
47283 
63668 
47284 
63669 
47285 
63670 
47286 
63671 
47287 
63672 
47288 
63673 
47289 
63674 
47290 
63675 
47291 
63676 
47292 
63677 
47293 
63678 
47294 
63679 
47295 
63680 
47296 
63681 
47297 
63682 
47298 
63683 
47299 
63684 
47300 
63685 
47301 
63686 
47302 
63687 
47303 
63688 
47304 
63689 
47305 
47306 
47307 
47308 
47309 
47310 
47311 
47312 
47313 
47314 
47315 
47316 
47317 
47318 
47319 
47320 
47321 
47322 
47323 
47324 
63709 
47325 
63710 
47326 
63711 
47327 
63712 
47328 
63713 
47329 
63714 
47330 
63715 
47331 
63716 
47332 
63717 
47333 
63718 
47334 
63719 
47335 
63720 
47336 
63721 
47337 
63722 
47338 
63723 
47339 
63724 
63725 
63726 
63727 
63728 
63729 
63730 
63731 
63732 
63733 
63734 
63735 
47351 
63736 
47352 
63737 
47353 
63738 
47354 
63739 
47355 
63740 
47356 
63741 
47357 
63742 
47358 
63743 
47359 
63744 
47360 
63745 
47361 
63746 
47362 
63747 
47363 
63748 
47364 
63749 
47365 
63750 
47366 
63751 
47367 
63752 
47368 
63753 
47369 
63754 
47370 
63755 
47371 
63756 
47372 
63757 
47373 
63758 
47374 
63759 
47375 
47376 
47377 
47378 
47379 
47380 
47381 
47382 
47383 
47384 
47385 
47386 
47387 
47388 
47389 
47390 
47391 
47392 
47393 
47394 
63779 
47395 
63780 
47396 
63781 
47397 
63782 
47398 
63783 
47399 
63784 
47400 
63785 
47401 
63786 
47402 
63787 
47403 
63788 
47404 
63789 
47405 
63790 
47406 
63791 
47407 
63792 
47408 
63793 
47409 
63794 
63795 
63796 
63797 
63798 
63799 
63800 
63801 
63802 
63803 
63804 
63805 
47421 
63806 
47422 
63807 
47423 
63808 
47424 
63809 
47425 
63810 
47426 
63811 
47427 
63812 
47428 
63813 
47429 
63814 
47430 
63815 
47431 
63816 
47432 
63817 
47433 
63818 
47434 
63819 
47435 
63820 
47436 
63821 
47437 
63822 
47438 
63823 
47439 
63824 
47440 
63825 
47441 
63826 
47442 
63827 
47443 
63828 
47444 
63829 
47445 
47446 
47447 
47448 
47449 
47450 
47451 
47452 
47453 
47454 
47455 
47456 
47457 
47458 
47459 
47460 
47461 
47462 
47463 
47464 
63849 
47465 
63850 
47466 
63851 
47467 
63852 
47468 
63853 
47469 
63854 
47470 
63855 
47471 
63856 
47472 
63857 
47473 
63858 
47474 
63859 
47475 
63860 
47476 
63861 
47477 
63862 
47478 
63863 
47479 
63864 
63865 
63866 
63867 
63868 
63869 
63870 
63871 
63872 
63873 
63874 
63875 
47491 
63876 
47492 
63877 
47493 
63878 
47494 
63879 
47495 
63880 
47496 
63881 
47497 
63882 
47498 
63883 
47499 
63884 
47500 
63885 
47501 
63886 
47502 
63887 
47503 
63888 
47504 
63889 
47505 
63890 
47506 
63891 
47507 
63892 
47508 
63893 
47509 
63894 
47510 
63895 
47511 
63896 
47512 
63897 
47513 
63898 
47514 
63899 
47515 
47516 
47517 
47518 
47519 
47520 
47521 
47522 
47523 
47524 
47525 
47526 
47527 
47528 
47529 
47530 
47531 
47532 
47533 
47534 
63919 
47535 
63920 
47536 
63921 
47537 
63922 
47538 
63923 
47539 
63924 
47540 
63925 
47541 
63926 
47542 
63927 
47543 
63928 
47544 
63929 
47545 
63930 
47546 
63931 
47547 
63932 
47548 
63933 
47549 
63934 
63935 
63936 
63937 
63938 
63939 
63940 
63941 
63942 
63943 
63944 
63945 
47561 
63946 
47562 
63947 
47563 
63948 
47564 
63949 
47565 
63950 
47566 
63951 
47567 
63952 
47568 
63953 
47569 
63954 
47570 
63955 
47571 
63956 
47572 
63957 
47573 
63958 
47574 
63959 
47575 
63960 
47576 
63961 
47577 
63962 
47578 
63963 
47579 
63964 
47580 
63965 
47581 
63966 
47582 
63967 
47583 
63968 
47584 
63969 
47585 
47586 
47587 
47588 
47589 
47590 
47591 
47592 
47593 
47594 
47595 
47596 
47597 
47598 
47599 
47600 
47601 
47602 
47603 
47604 
63989 
47605 
63990 
47606 
63991 
47607 
63992 
47608 
63993 
47609 
63994 
47610 
63995 
47611 
63996 
47612 
63997 
47613 
63998 
47614 
63999 
47615 
64000 
47616 
64001 
47617 
64002 
47618 
64003 
47619 
64004 
64005 
64006 
64007 
64008 
64009 
64010 
64011 
64012 
64013 
64014 
64015 
47631 
64016 
47632 
64017 
47633 
64018 
47634 
64019 
47635 
64020 
47636 
64021 
47637 
64022 
47638 
64023 
47639 
64024 
47640 
64025 
47641 
64026 
47642 
64027 
47643 
64028 
47644 
64029 
47645 
64030 
47646 
64031 
47647 
64032 
47648 
64033 
47649 
64034 
47650 
64035 
47651 
64036 
47652 
64037 
47653 
64038 
47654 
64039 
47655 
47656 
47657 
47658 
47659 
47660 
47661 
47662 
47663 
47664 
47665 
47666 
47667 
47668 
47669 
47670 
47671 
47672 
47673 
47674 
64059 
47675 
64060 
47676 
64061 
47677 
64062 
47678 
64063 
47679 
64064 
47680 
64065 
47681 
64066 
47682 
64067 
47683 
64068 
47684 
64069 
47685 
64070 
47686 
64071 
47687 
64072 
47688 
64073 
47689 
64074 
64075 
64076 
64077 
64078 
64079 
64080 
64081 
64082 
64083 
64084 
64085 
47701 
64086 
47702 
64087 
47703 
64088 
47704 
64089 
47705 
64090 
47706 
64091 
47707 
64092 
47708 
64093 
47709 
64094 
47710 
64095 
47711 
64096 
47712 
64097 
47713 
64098 
47714 
64099 
47715 
64100 
47716 
64101 
47717 
64102 
47718 
64103 
47719 
64104 
47720 
64105 
47721 
64106 
47722 
64107 
47723 
64108 
47724 
64109 
47725 
47726 
47727 
47728 
47729 
47730 
47731 
47732 
47733 
47734 
47735 
47736 
47737 
47738 
47739 
47740 
47741 
47742 
47743 
47744 
64129 
47745 
64130 
47746 
64131 
47747 
64132 
47748 
64133 
47749 
64134 
47750 
64135 
47751 
64136 
47752 
64137 
47753 
64138 
47754 
64139 
47755 
64140 
47756 
64141 
47757 
64142 
47758 
64143 
47759 
64144 
64145 
64146 
64147 
64148 
64149 
64150 
64151 
64152 
64153 
64154 
64155 
47771 
64156 
47772 
64157 
47773 
64158 
47774 
64159 
47775 
64160 
47776 
64161 
47777 
64162 
47778 
64163 
47779 
64164 
47780 
64165 
47781 
64166 
47782 
64167 
47783 
64168 
47784 
64169 
47785 
64170 
47786 
64171 
47787 
64172 
47788 
64173 
47789 
64174 
47790 
64175 
47791 
64176 
47792 
64177 
47793 
64178 
47794 
64179 
47795 
47796 
47797 
47798 
47799 
47800 
47801 
47802 
47803 
47804 
47805 
47806 
47807 
47808 
47809 
47810 
47811 
47812 
47813 
47814 
64199 
47815 
64200 
47816 
64201 
47817 
64202 
47818 
64203 
47819 
64204 
47820 
64205 
47821 
64206 
47822 
64207 
47823 
64208 
47824 
64209 
47825 
64210 
47826 
64211 
47827 
64212 
47828 
64213 
47829 
64214 
64215 
64216 
64217 
64218 
64219 
64220 
64221 
64222 
64223 
64224 
64225 
47841 
64226 
47842 
64227 
47843 
64228 
47844 
64229 
47845 
64230 
47846 
64231 
47847 
64232 
47848 
64233 
47849 
64234 
47850 
64235 
47851 
64236 
47852 
64237 
47853 
64238 
47854 
64239 
47855 
64240 
47856 
64241 
47857 
64242 
47858 
64243 
47859 
64244 
47860 
64245 
47861 
64246 
47862 
64247 
47863 
64248 
47864 
64249 
47865 
47866 
47867 
47868 
47869 
47870 
47871 
47872 
47873 
47874 
47875 
47876 
47877 
47878 
47879 
47880 
47881 
47882 
47883 
47884 
64269 
47885 
64270 
47886 
64271 
47887 
64272 
47888 
64273 
47889 
64274 
47890 
64275 
47891 
64276 
47892 
64277 
47893 
64278 
47894 
64279 
47895 
64280 
47896 
64281 
47897 
64282 
47898 
64283 
47899 
64284 
64285 
64286 
64287 
64288 
64289 
64290 
64291 
64292 
64293 
64294 
64295 
47911 
64296 
47912 
64297 
47913 
64298 
47914 
64299 
47915 
64300 
47916 
64301 
47917 
64302 
47918 
64303 
47919 
64304 
47920 
64305 
47921 
64306 
47922 
64307 
47923 
64308 
47924 
64309 
47925 
64310 
47926 
64311 
47927 
64312 
47928 
64313 
47929 
64314 
47930 
64315 
47931 
64316 
47932 
64317 
47933 
64318 
47934 
64319 
47935 
47936 
47937 
47938 
47939 
47940 
47941 
47942 
47943 
47944 
47945 
47946 
47947 
47948 
47949 
47950 
47951 
47952 
47953 
47954 
64339 
47955 
64340 
47956 
64341 
47957 
64342 
47958 
64343 
47959 
64344 
47960 
64345 
47961 
64346 
47962 
64347 
47963 
64348 
47964 
64349 
47965 
64350 
47966 
64351 
47967 
64352 
47968 
64353 
47969 
64354 
64355 
64356 
64357 
64358 
64359 
64360 
64361 
64362 
64363 
64364 
64365 
47981 
64366 
47982 
64367 
47983 
64368 
47984 
64369 
47985 
64370 
47986 
64371 
47987 
64372 
47988 
64373 
47989 
64374 
47990 
64375 
47991 
64376 
47992 
64377 
47993 
64378 
47994 
64379 
47995 
64380 
47996 
64381 
47997 
64382 
47998 
64383 
47999 
64384 
48000 
64385 
48001 
64386 
48002 
64387 
48003 
64388 
48004 
64389 
48005 
48006 
48007 
48008 
48009 
48010 
48011 
48012 
48013 
48014 
48015 
48016 
48017 
48018 
48019 
48020 
48021 
48022 
48023 
48024 
64409 
48025 
64410 
48026 
64411 
48027 
64412 
48028 
64413 
48029 
64414 
48030 
64415 
48031 
64416 
48032 
64417 
48033 
64418 
48034 
64419 
48035 
64420 
48036 
64421 
48037 
64422 
48038 
64423 
48039 
64424 
64425 
64426 
64427 
64428 
64429 
64430 
64431 
64432 
64433 
64434 
64435 
48051 
64436 
48052 
64437 
48053 
64438 
48054 
64439 
48055 
64440 
48056 
64441 
48057 
64442 
48058 
64443 
48059 
64444 
48060 
64445 
48061 
64446 
48062 
64447 
48063 
64448 
48064 
64449 
48065 
64450 
48066 
64451 
48067 
64452 
48068 
64453 
48069 
64454 
48070 
64455 
48071 
64456 
48072 
64457 
48073 
64458 
48074 
64459 
48075 
48076 
48077 
48078 
48079 
48080 
48081 
48082 
48083 
48084 
48085 
48086 
48087 
48088 
48089 
48090 
48091 
48092 
48093 
48094 
64479 
48095 
64480 
48096 
64481 
48097 
64482 
48098 
64483 
48099 
64484 
48100 
64485 
48101 
64486 
48102 
64487 
48103 
64488 
48104 
64489 
48105 
64490 
48106 
64491 
48107 
64492 
48108 
64493 
48109 
64494 
64495 
64496 
64497 
64498 
64499 
64500 
64501 
64502 
64503 
64504 
64505 
48121 
64506 
48122 
64507 
48123 
64508 
48124 
64509 
48125 
64510 
48126 
64511 
48127 
64512 
48128 
64513 
48129 
64514 
48130 
64515 
48131 
64516 
48132 
64517 
48133 
64518 
48134 
64519 
48135 
64520 
48136 
64521 
48137 
64522 
48138 
64523 
48139 
64524 
48140 
64525 
48141 
64526 
48142 
64527 
48143 
64528 
48144 
64529 
48145 
48146 
48147 
48148 
48149 
48150 
48151 
48152 
48153 
48154 
48155 
48156 
48157 
48158 
48159 
48160 
48161 
48162 
48163 
48164 
64549 
48165 
64550 
48166 
64551 
48167 
64552 
48168 
64553 
48169 
64554 
48170 
64555 
48171 
64556 
48172 
64557 
48173 
64558 
48174 
64559 
48175 
64560 
48176 
64561 
48177 
64562 
48178 
64563 
48179 
64564 
64565 
64566 
64567 
64568 
64569 
64570 
64571 
64572 
64573 
64574 
64575 
48191 
64576 
48192 
64577 
48193 
64578 
48194 
64579 
48195 
64580 
48196 
64581 
48197 
64582 
48198 
64583 
48199 
64584 
48200 
64585 
48201 
64586 
48202 
64587 
48203 
64588 
48204 
64589 
48205 
64590 
48206 
64591 
48207 
64592 
48208 
64593 
48209 
64594 
48210 
64595 
48211 
64596 
48212 
64597 
48213 
64598 
48214 
64599 
48215 
48216 
48217 
48218 
48219 
48220 
48221 
48222 
48223 
48224 
48225 
48226 
48227 
48228 
48229 
48230 
48231 
48232 
48233 
48234 
64619 
48235 
64620 
48236 
64621 
48237 
64622 
48238 
64623 
48239 
64624 
48240 
64625 
48241 
64626 
48242 
64627 
48243 
64628 
48244 
64629 
48245 
64630 
48246 
64631 
48247 
64632 
48248 
64633 
48249 
64634 
64635 
64636 
64637 
64638 
64639 
64640 
64641 
64642 
64643 
64644 
64645 
48261 
64646 
48262 
64647 
48263 
64648 
48264 
64649 
48265 
64650 
48266 
64651 
48267 
64652 
48268 
64653 
48269 
64654 
48270 
64655 
48271 
64656 
48272 
64657 
48273 
64658 
48274 
64659 
48275 
64660 
48276 
64661 
48277 
64662 
48278 
64663 
48279 
64664 
48280 
64665 
48281 
64666 
48282 
64667 
48283 
64668 
48284 
64669 
48285 
48286 
48287 
48288 
48289 
48290 
48291 
48292 
48293 
48294 
48295 
48296 
48297 
48298 
48299 
48300 
48301 
48302 
48303 
48304 
64689 
48305 
64690 
48306 
64691 
48307 
64692 
48308 
64693 
48309 
64694 
48310 
64695 
48311 
64696 
48312 
64697 
48313 
64698 
48314 
64699 
48315 
64700 
48316 
64701 
48317 
64702 
48318 
64703 
48319 
64704 
64705 
64706 
64707 
64708 
64709 
64710 
64711 
64712 
64713 
64714 
64715 
48331 
64716 
48332 
64717 
48333 
64718 
48334 
64719 
48335 
64720 
48336 
64721 
48337 
64722 
48338 
64723 
48339 
64724 
48340 
64725 
48341 
64726 
48342 
64727 
48343 
64728 
48344 
64729 
48345 
64730 
48346 
64731 
48347 
64732 
48348 
64733 
48349 
64734 
48350 
64735 
48351 
64736 
48352 
64737 
48353 
64738 
48354 
64739 
48355 
48356 
48357 
48358 
48359 
48360 
48361 
48362 
48363 
48364 
48365 
48366 
48367 
48368 
48369 
48370 
48371 
48372 
48373 
48374 
64759 
48375 
64760 
48376 
64761 
48377 
64762 
48378 
64763 
48379 
64764 
48380 
64765 
48381 
64766 
48382 
64767 
48383 
64768 
48384 
64769 
48385 
64770 
48386 
64771 
48387 
64772 
48388 
64773 
48389 
64774 
64775 
64776 
64777 
64778 
64779 
64780 
64781 
64782 
64783 
64784 
64785 
48401 
64786 
48402 
64787 
48403 
64788 
48404 
64789 
48405 
64790 
48406 
64791 
48407 
64792 
48408 
64793 
48409 
64794 
48410 
64795 
48411 
64796 
48412 
64797 
48413 
64798 
48414 
64799 
48415 
64800 
48416 
64801 
48417 
64802 
48418 
64803 
48419 
64804 
48420 
64805 
48421 
64806 
48422 
64807 
48423 
64808 
48424 
64809 
48425 
48426 
48427 
48428 
48429 
48430 
48431 
48432 
48433 
48434 
48435 
48436 
48437 
48438 
48439 
48440 
48441 
48442 
48443 
48444 
64829 
48445 
64830 
48446 
64831 
48447 
64832 
48448 
64833 
48449 
64834 
48450 
64835 
48451 
64836 
48452 
64837 
48453 
64838 
48454 
64839 
48455 
64840 
48456 
64841 
48457 
64842 
48458 
64843 
48459 
64844 
64845 
64846 
64847 
64848 
64849 
64850 
64851 
64852 
64853 
64854 
64855 
48471 
64856 
48472 
64857 
48473 
64858 
48474 
64859 
48475 
64860 
48476 
64861 
48477 
64862 
48478 
64863 
48479 
64864 
48480 
64865 
48481 
64866 
48482 
64867 
48483 
64868 
48484 
64869 
48485 
64870 
48486 
64871 
48487 
64872 
48488 
64873 
48489 
64874 
48490 
64875 
48491 
64876 
48492 
64877 
48493 
64878 
48494 
64879 
48495 
48496 
48497 
48498 
48499 
48500 
48501 
48502 
48503 
48504 
48505 
48506 
48507 
48508 
48509 
48510 
48511 
48512 
48513 
48514 
64899 
48515 
64900 
48516 
64901 
48517 
64902 
48518 
64903 
48519 
64904 
48520 
64905 
48521 
64906 
48522 
64907 
48523 
64908 
48524 
64909 
48525 
64910 
48526 
64911 
48527 
64912 
48528 
64913 
48529 
64914 
64915 
64916 
64917 
64918 
64919 
64920 
64921 
64922 
64923 
64924 
64925 
48541 
64926 
48542 
64927 
48543 
64928 
48544 
64929 
48545 
64930 
48546 
64931 
48547 
64932 
48548 
64933 
48549 
64934 
48550 
64935 
48551 
64936 
48552 
64937 
48553 
64938 
48554 
64939 
48555 
64940 
48556 
64941 
48557 
64942 
48558 
64943 
48559 
64944 
48560 
64945 
48561 
64946 
48562 
64947 
48563 
64948 
48564 
64949 
48565 
48566 
48567 
48568 
48569 
48570 
48571 
48572 
48573 
48574 
48575 
48576 
48577 
48578 
48579 
48580 
48581 
48582 
48583 
48584 
64969 
48585 
64970 
48586 
64971 
48587 
64972 
48588 
64973 
48589 
64974 
48590 
64975 
48591 
64976 
48592 
64977 
48593 
64978 
48594 
64979 
48595 
64980 
48596 
64981 
48597 
64982 
48598 
64983 
48599 
64984 
64985 
64986 
64987 
64988 
64989 
64990 
64991 
64992 
64993 
64994 
64995 
48611 
64996 
48612 
64997 
48613 
64998 
48614 
64999 
48615 
65000 
48616 
65001 
48617 
65002 
48618 
65003 
48619 
65004 
48620 
65005 
48621 
65006 
48622 
65007 
48623 
65008 
48624 
65009 
48625 
65010 
48626 
65011 
48627 
65012 
48628 
65013 
48629 
65014 
48630 
65015 
48631 
65016 
48632 
65017 
48633 
65018 
48634 
65019 
48635 
48636 
48637 
48638 
48639 
48640 
48641 
48642 
48643 
48644 
48645 
48646 
48647 
48648 
48649 
48650 
48651 
48652 
48653 
48654 
65039 
48655 
65040 
48656 
65041 
48657 
65042 
48658 
65043 
48659 
65044 
48660 
65045 
48661 
65046 
48662 
65047 
48663 
65048 
48664 
65049 
48665 
65050 
48666 
65051 
48667 
65052 
48668 
65053 
48669 
65054 
65055 
65056 
65057 
65058 
65059 
65060 
65061 
65062 
65063 
65064 
65065 
48681 
65066 
48682 
65067 
48683 
65068 
48684 
65069 
48685 
65070 
48686 
65071 
48687 
65072 
48688 
65073 
48689 
65074 
48690 
65075 
48691 
65076 
48692 
65077 
48693 
65078 
48694 
65079 
48695 
65080 
48696 
65081 
48697 
65082 
48698 
65083 
48699 
65084 
48700 
65085 
48701 
65086 
48702 
65087 
48703 
65088 
48704 
65089 
48705 
48706 
48707 
48708 
48709 
48710 
48711 
48712 
48713 
48714 
48715 
48716 
48717 
48718 
48719 
48720 
48721 
48722 
48723 
48724 
65109 
48725 
65110 
48726 
65111 
48727 
65112 
48728 
65113 
48729 
65114 
48730 
65115 
48731 
65116 
48732 
65117 
48733 
65118 
48734 
65119 
48735 
65120 
48736 
65121 
48737 
65122 
48738 
65123 
48739 
65124 
65125 
65126 
65127 
65128 
65129 
65130 
65131 
65132 
65133 
65134 
65135 
48751 
65136 
48752 
65137 
48753 
65138 
48754 
65139 
48755 
65140 
48756 
65141 
48757 
65142 
48758 
65143 
48759 
65144 
48760 
65145 
48761 
65146 
48762 
65147 
48763 
65148 
48764 
65149 
48765 
65150 
48766 
65151 
48767 
65152 
48768 
65153 
48769 
65154 
48770 
65155 
48771 
65156 
48772 
65157 
48773 
65158 
48774 
65159 
48775 
48776 
48777 
48778 
48779 
48780 
48781 
48782 
48783 
48784 
48785 
48786 
48787 
48788 
48789 
48790 
48791 
48792 
48793 
48794 
65179 
48795 
65180 
48796 
65181 
48797 
65182 
48798 
65183 
48799 
65184 
48800 
65185 
48801 
65186 
48802 
65187 
48803 
65188 
48804 
65189 
48805 
65190 
48806 
65191 
48807 
65192 
48808 
65193 
48809 
65194 
65195 
65196 
65197 
65198 
65199 
65200 
65201 
65202 
65203 
65204 
65205 
48821 
65206 
48822 
65207 
48823 
65208 
48824 
65209 
48825 
65210 
48826 
65211 
48827 
65212 
48828 
65213 
48829 
65214 
48830 
65215 
48831 
65216 
48832 
65217 
48833 
65218 
48834 
65219 
48835 
65220 
48836 
65221 
48837 
65222 
48838 
65223 
48839 
65224 
48840 
65225 
48841 
65226 
48842 
65227 
48843 
65228 
48844 
65229 
48845 
48846 
48847 
48848 
48849 
48850 
48851 
48852 
48853 
48854 
48855 
48856 
48857 
48858 
48859 
48860 
48861 
48862 
48863 
48864 
65249 
48865 
65250 
48866 
65251 
48867 
65252 
48868 
65253 
48869 
65254 
48870 
65255 
48871 
65256 
48872 
65257 
48873 
65258 
48874 
65259 
48875 
65260 
48876 
65261 
48877 
65262 
48878 
65263 
48879 
65264 
65265 
65266 
65267 
65268 
65269 
65270 
65271 
65272 
65273 
65274 
65275 
48891 
65276 
48892 
65277 
48893 
65278 
48894 
65279 
48895 
65280 
48896 
65281 
48897 
65282 
48898 
65283 
48899 
65284 
48900 
65285 
48901 
65286 
48902 
65287 
48903 
65288 
48904 
65289 
48905 
65290 
48906 
65291 
48907 
65292 
48908 
65293 
48909 
65294 
48910 
65295 
48911 
65296 
48912 
65297 
48913 
65298 
48914 
65299 
48915 
48916 
48917 
48918 
48919 
48920 
48921 
48922 
48923 
48924 
48925 
48926 
48927 
48928 
48929 
48930 
48931 
48932 
48933 
48934 
65319 
48935 
65320 
48936 
65321 
48937 
65322 
48938 
65323 
48939 
65324 
48940 
65325 
48941 
65326 
48942 
65327 
48943 
65328 
48944 
65329 
48945 
65330 
48946 
65331 
48947 
65332 
48948 
65333 
48949 
65334 
65335 
65336 
65337 
65338 
65339 
65340 
65341 
65342 
65343 
65344 
65345 
48961 
65346 
48962 
65347 
48963 
65348 
48964 
65349 
48965 
65350 
48966 
65351 
48967 
65352 
48968 
65353 
48969 
65354 
48970 
65355 
48971 
65356 
48972 
65357 
48973 
65358 
48974 
65359 
48975 
65360 
48976 
65361 
48977 
65362 
48978 
65363 
48979 
65364 
48980 
65365 
48981 
65366 
48982 
65367 
48983 
65368 
48984 
65369 
48985 
48986 
48987 
48988 
48989 
48990 
48991 
48992 
48993 
48994 
48995 
48996 
48997 
48998 
48999 
49000 
49001 
49002 
49003 
49004 
65389 
49005 
65390 
49006 
65391 
49007 
65392 
49008 
65393 
49009 
65394 
49010 
65395 
49011 
65396 
49012 
65397 
49013 
65398 
49014 
65399 
49015 
65400 
49016 
65401 
49017 
65402 
49018 
65403 
49019 
65404 
65405 
65406 
65407 
65408 
65409 
65410 
65411 
65412 
65413 
65414 
65415 
49031 
65416 
49032 
65417 
49033 
65418 
49034 
65419 
49035 
65420 
49036 
65421 
49037 
65422 
49038 
65423 
49039 
65424 
49040 
65425 
49041 
65426 
49042 
65427 
49043 
65428 
49044 
65429 
49045 
65430 
49046 
65431 
49047 
65432 
49048 
65433 
49049 
65434 
49050 
65435 
49051 
65436 
49052 
65437 
49053 
65438 
49054 
65439 
49055 
49056 
49057 
49058 
49059 
49060 
49061 
49062 
49063 
49064 
49065 
49066 
49067 
49068 
49069 
49070 
49071 
49072 
49073 
49074 
65459 
49075 
65460 
49076 
65461 
49077 
65462 
49078 
65463 
49079 
65464 
49080 
65465 
49081 
65466 
49082 
65467 
49083 
65468 
49084 
65469 
49085 
65470 
49086 
65471 
49087 
65472 
49088 
65473 
49089 
65474 
65475 
65476 
65477 
65478 
65479 
65480 
65481 
65482 
65483 
65484 
65485 
49101 
65486 
49102 
65487 
49103 
65488 
49104 
65489 
49105 
65490 
49106 
65491 
49107 
65492 
49108 
65493 
49109 
65494 
49110 
65495 
49111 
65496 
49112 
65497 
49113 
65498 
49114 
65499 
49115 
65500 
49116 
65501 
49117 
65502 
49118 
65503 
49119 
65504 
49120 
65505 
49121 
65506 
49122 
65507 
49123 
65508 
49124 
65509 
49125 
49126 
49127 
49128 
49129 
49130 
49131 
49132 
49133 
49134 
49135 
49136 
49137 
49138 
49139 
49140 
49141 
49142 
49143 
49144 
65529 
49145 
65530 
49146 
65531 
49147 
65532 
49148 
65533 
49149 
65534 
49150 
65535 
49151 
)

// ************************************************************************* //
