#        Time  nozzle coflow outlet
         4251 -2.87629e-05  -0.00085407  0.000947427
         4252 -2.87633e-05 -0.000854069  0.000947266
         4253 -2.87639e-05 -0.000854067  0.000947237
         4254 -2.87642e-05 -0.000854069  0.000947203
         4255 -2.87641e-05 -0.000854071  0.000947184
         4256 -2.87636e-05 -0.000854071  0.000947154
         4257 -2.87631e-05  -0.00085407  0.000947143
         4258 -2.87629e-05 -0.000854069  0.000947141
         4259 -2.87629e-05 -0.000854069  0.000947136
         4260  -2.8763e-05  -0.00085407  0.000947135
         4261  -2.8763e-05 -0.000854071  0.000947136
         4262 -2.87629e-05 -0.000854071  0.000947139
         4263 -2.87628e-05  -0.00085407  0.000947146
         4264 -2.87628e-05  -0.00085407  0.000947141
         4265 -2.87628e-05  -0.00085407  0.000947144
         4266 -2.87628e-05  -0.00085407  0.000947148
         4267 -2.87628e-05  -0.00085407  0.000947154
         4268 -2.87628e-05  -0.00085407  0.000947159
         4269 -2.87628e-05  -0.00085407  0.000947158
         4270 -2.87628e-05  -0.00085407  0.000947169
         4271 -2.87628e-05  -0.00085407  0.000947176
         4272 -2.87628e-05  -0.00085407  0.000947186
         4273 -2.87628e-05  -0.00085407  0.000947189
         4274 -2.87628e-05  -0.00085407  0.000947199
         4275 -2.87627e-05  -0.00085407  0.000947201
         4276 -2.87627e-05  -0.00085407  0.000947212
         4277 -2.87627e-05  -0.00085407   0.00094722
         4278 -2.87627e-05  -0.00085407  0.000947229
         4279 -2.87627e-05  -0.00085407  0.000947238
         4280 -2.87627e-05  -0.00085407  0.000947247
         4281 -2.87627e-05  -0.00085407  0.000947254
         4282 -2.87627e-05  -0.00085407  0.000947265
         4283 -2.87627e-05  -0.00085407  0.000947274
         4284 -2.87627e-05  -0.00085407  0.000947285
         4285 -2.87627e-05  -0.00085407  0.000947297
         4286 -2.87627e-05  -0.00085407  0.000947306
         4287 -2.87627e-05  -0.00085407  0.000947318
         4288 -2.87627e-05  -0.00085407  0.000947328
         4289 -2.87627e-05  -0.00085407  0.000947339
         4290 -2.87627e-05  -0.00085407   0.00094735
         4291 -2.87627e-05  -0.00085407  0.000947364
         4292 -2.87627e-05  -0.00085407  0.000947376
         4293 -2.87627e-05  -0.00085407  0.000947388
         4294 -2.87627e-05  -0.00085407    0.0009474
         4295 -2.87627e-05  -0.00085407  0.000947413
         4296 -2.87627e-05  -0.00085407  0.000947425
         4297 -2.87627e-05  -0.00085407  0.000947438
         4298 -2.87627e-05  -0.00085407  0.000947451
         4299 -2.87627e-05  -0.00085407  0.000947465
         4300 -2.87626e-05  -0.00085407  0.000947478
         4301 -2.87626e-05  -0.00085407  0.000947492
         4302 -2.87626e-05  -0.00085407  0.000947507
         4303 -2.87626e-05  -0.00085407  0.000947521
         4304 -2.87626e-05  -0.00085407  0.000947535
         4305 -2.87626e-05  -0.00085407   0.00094755
         4306 -2.87626e-05  -0.00085407  0.000947565
         4307 -2.87626e-05  -0.00085407  0.000947579
         4308 -2.87626e-05  -0.00085407  0.000947594
         4309 -2.87626e-05  -0.00085407   0.00094761
         4310 -2.87626e-05  -0.00085407  0.000947625
         4311 -2.87626e-05  -0.00085407  0.000947641
         4312 -2.87626e-05  -0.00085407  0.000947657
         4313 -2.87626e-05  -0.00085407  0.000947672
         4314 -2.87626e-05  -0.00085407  0.000947689
         4315 -2.87626e-05  -0.00085407  0.000947705
         4316 -2.87626e-05  -0.00085407  0.000947721
         4317 -2.87626e-05  -0.00085407  0.000947737
         4318 -2.87626e-05  -0.00085407  0.000947754
         4319 -2.87626e-05  -0.00085407  0.000947771
         4320 -2.87626e-05  -0.00085407  0.000947787
         4321 -2.87626e-05  -0.00085407  0.000947804
         4322 -2.87626e-05  -0.00085407  0.000947821
         4323 -2.87626e-05  -0.00085407  0.000947838
         4324 -2.87626e-05  -0.00085407  0.000947855
         4325 -2.87626e-05  -0.00085407  0.000947872
         4326 -2.87626e-05  -0.00085407   0.00094789
         4327 -2.87626e-05  -0.00085407  0.000947907
         4328 -2.87626e-05  -0.00085407  0.000947924
         4329 -2.87626e-05  -0.00085407  0.000947942
         4330 -2.87626e-05  -0.00085407   0.00094796
         4331 -2.87626e-05  -0.00085407  0.000947977
         4332 -2.87626e-05  -0.00085407  0.000947995
         4333 -2.87626e-05  -0.00085407  0.000948013
         4334 -2.87626e-05  -0.00085407  0.000948031
         4335 -2.87626e-05  -0.00085407  0.000948049
         4336 -2.87626e-05  -0.00085407  0.000948066
         4337 -2.87626e-05  -0.00085407  0.000948085
         4338 -2.87626e-05  -0.00085407  0.000948103
         4339 -2.87626e-05  -0.00085407  0.000948121
         4340 -2.87626e-05  -0.00085407  0.000948139
         4341 -2.87626e-05  -0.00085407  0.000948157
         4342 -2.87626e-05  -0.00085407  0.000948175
         4343 -2.87626e-05  -0.00085407  0.000948193
         4344 -2.87626e-05  -0.00085407  0.000948212
         4345 -2.87626e-05  -0.00085407   0.00094823
         4346 -2.87626e-05  -0.00085407  0.000948248
         4347 -2.87626e-05  -0.00085407  0.000948266
         4348 -2.87626e-05  -0.00085407  0.000948284
         4349 -2.87626e-05  -0.00085407  0.000948303
         4350 -2.87626e-05  -0.00085407  0.000948321
         4351 -2.87626e-05  -0.00085407  0.000948339
         4352 -2.87626e-05  -0.00085407  0.000948357
         4353 -2.87626e-05  -0.00085407  0.000948375
         4354 -2.87626e-05  -0.00085407  0.000948393
         4355 -2.87626e-05  -0.00085407  0.000948411
         4356 -2.87626e-05  -0.00085407  0.000948429
         4357 -2.87626e-05  -0.00085407  0.000948447
         4358 -2.87626e-05  -0.00085407  0.000948465
         4359 -2.87626e-05  -0.00085407  0.000948483
         4360 -2.87626e-05  -0.00085407    0.0009485
         4361 -2.87626e-05  -0.00085407  0.000948518
         4362 -2.87626e-05  -0.00085407  0.000948535
         4363 -2.87626e-05  -0.00085407  0.000948552
         4364 -2.87626e-05  -0.00085407  0.000948569
         4365 -2.87626e-05  -0.00085407  0.000948586
         4366 -2.87626e-05  -0.00085407  0.000948603
         4367 -2.87626e-05  -0.00085407  0.000948619
         4368 -2.87626e-05  -0.00085407  0.000948636
         4369 -2.87626e-05  -0.00085407  0.000948652
         4370 -2.87626e-05  -0.00085407  0.000948668
         4371 -2.87626e-05  -0.00085407  0.000948683
         4372 -2.87626e-05  -0.00085407  0.000948699
         4373 -2.87626e-05 -0.000854071  0.000948714
         4374 -2.87626e-05 -0.000854071  0.000948728
         4375 -2.87626e-05 -0.000854071  0.000948743
         4376 -2.87626e-05 -0.000854071  0.000948757
         4377 -2.87626e-05 -0.000854071  0.000948771
         4378 -2.87626e-05 -0.000854071  0.000948785
         4379 -2.87626e-05 -0.000854071  0.000948798
         4380 -2.87626e-05 -0.000854071  0.000948811
         4381 -2.87626e-05 -0.000854071  0.000948823
         4382 -2.87626e-05 -0.000854071  0.000948835
         4383 -2.87626e-05 -0.000854071  0.000948847
         4384 -2.87626e-05 -0.000854071  0.000948859
         4385 -2.87626e-05 -0.000854071   0.00094887
         4386 -2.87626e-05 -0.000854071   0.00094888
         4387 -2.87626e-05 -0.000854071   0.00094889
         4388 -2.87626e-05 -0.000854071    0.0009489
         4389 -2.87626e-05 -0.000854071   0.00094891
         4390 -2.87626e-05 -0.000854071  0.000948919
         4391 -2.87626e-05 -0.000854071  0.000948927
         4392 -2.87626e-05 -0.000854071  0.000948935
         4393 -2.87626e-05 -0.000854071  0.000948943
         4394 -2.87626e-05 -0.000854071   0.00094895
         4395 -2.87626e-05 -0.000854071  0.000948957
         4396 -2.87626e-05 -0.000854071  0.000948964
         4397 -2.87626e-05 -0.000854071   0.00094897
         4398 -2.87626e-05 -0.000854071  0.000948976
         4399 -2.87626e-05 -0.000854071  0.000948981
         4400 -2.87626e-05 -0.000854071  0.000948986
         4401 -2.87626e-05 -0.000854071  0.000948991
         4402 -2.87626e-05 -0.000854071  0.000948995
         4403 -2.87626e-05 -0.000854071  0.000948999
         4404 -2.87626e-05 -0.000854071  0.000949003
         4405 -2.87626e-05 -0.000854071  0.000949006
         4406 -2.87626e-05 -0.000854071  0.000949009
         4407 -2.87626e-05 -0.000854071  0.000949011
         4408 -2.87626e-05 -0.000854071  0.000949014
         4409 -2.87626e-05 -0.000854071  0.000949016
         4410 -2.87626e-05 -0.000854071  0.000949018
         4411 -2.87626e-05 -0.000854071  0.000949019
         4412 -2.87626e-05 -0.000854071  0.000949021
         4413 -2.87626e-05 -0.000854071  0.000949022
         4414 -2.87626e-05 -0.000854071  0.000949023
         4415 -2.87626e-05 -0.000854071  0.000949024
         4416 -2.87626e-05 -0.000854071  0.000949024
         4417 -2.87626e-05 -0.000854071  0.000949024
         4418 -2.87626e-05 -0.000854071  0.000949024
         4419 -2.87626e-05 -0.000854071  0.000949024
         4420 -2.87626e-05 -0.000854071  0.000949024
         4421 -2.87626e-05 -0.000854071  0.000949024
         4422 -2.87626e-05 -0.000854071  0.000949023
         4423 -2.87626e-05 -0.000854071  0.000949023
         4424 -2.87626e-05 -0.000854071  0.000949022
         4425 -2.87626e-05 -0.000854071  0.000949021
         4426 -2.87626e-05 -0.000854071   0.00094902
         4427 -2.87626e-05 -0.000854071  0.000949018
         4428 -2.87626e-05 -0.000854071  0.000949017
         4429 -2.87626e-05 -0.000854071  0.000949016
         4430 -2.87626e-05 -0.000854071  0.000949014
         4431 -2.87626e-05 -0.000854071  0.000949012
         4432 -2.87626e-05 -0.000854071   0.00094901
         4433 -2.87626e-05 -0.000854071  0.000949009
         4434 -2.87626e-05 -0.000854071  0.000949007
         4435 -2.87626e-05 -0.000854071  0.000949004
         4436 -2.87626e-05 -0.000854071  0.000949002
         4437 -2.87626e-05 -0.000854071     0.000949
         4438 -2.87626e-05 -0.000854071  0.000948998
         4439 -2.87626e-05 -0.000854071  0.000948995
         4440 -2.87626e-05 -0.000854071  0.000948992
         4441 -2.87626e-05 -0.000854071   0.00094899
         4442 -2.87626e-05 -0.000854071  0.000948987
         4443 -2.87626e-05 -0.000854071  0.000948984
         4444 -2.87626e-05 -0.000854071  0.000948981
         4445 -2.87626e-05 -0.000854071  0.000948979
         4446 -2.87626e-05 -0.000854071  0.000948976
         4447 -2.87626e-05 -0.000854071  0.000948973
         4448 -2.87626e-05 -0.000854071  0.000948969
         4449 -2.87626e-05 -0.000854071  0.000948966
         4450 -2.87626e-05 -0.000854071  0.000948963
         4451 -2.87626e-05 -0.000854071   0.00094896
         4452 -2.87626e-05 -0.000854071  0.000948957
         4453 -2.87626e-05 -0.000854071  0.000948953
         4454 -2.87626e-05 -0.000854071   0.00094895
         4455 -2.87626e-05 -0.000854071  0.000948946
         4456 -2.87626e-05 -0.000854071  0.000948943
         4457 -2.87626e-05 -0.000854071   0.00094894
         4458 -2.87626e-05 -0.000854071  0.000948936
         4459 -2.87626e-05 -0.000854071  0.000948933
         4460 -2.87626e-05 -0.000854071  0.000948929
         4461 -2.87626e-05 -0.000854071  0.000948926
         4462 -2.87626e-05 -0.000854071  0.000948922
         4463 -2.87626e-05 -0.000854071  0.000948919
         4464 -2.87626e-05 -0.000854071  0.000948915
         4465 -2.87626e-05 -0.000854071  0.000948911
         4466 -2.87626e-05 -0.000854071  0.000948908
         4467 -2.87626e-05 -0.000854071  0.000948904
         4468 -2.87626e-05 -0.000854071  0.000948901
         4469 -2.87626e-05 -0.000854071  0.000948897
         4470 -2.87626e-05 -0.000854071  0.000948894
         4471 -2.87626e-05 -0.000854071   0.00094889
         4472 -2.87626e-05 -0.000854071  0.000948887
         4473 -2.87626e-05 -0.000854071  0.000948883
         4474 -2.87626e-05 -0.000854071   0.00094888
         4475 -2.87626e-05 -0.000854071  0.000948876
         4476 -2.87626e-05 -0.000854071  0.000948873
         4477 -2.87626e-05 -0.000854071   0.00094887
         4478 -2.87626e-05 -0.000854071  0.000948866
         4479 -2.87626e-05 -0.000854071  0.000948863
         4480 -2.87626e-05 -0.000854071  0.000948859
         4481 -2.87626e-05 -0.000854071  0.000948856
         4482 -2.87626e-05 -0.000854071  0.000948852
         4483 -2.87626e-05 -0.000854071  0.000948849
         4484 -2.87626e-05 -0.000854071  0.000948846
         4485 -2.87626e-05 -0.000854071  0.000948842
         4486 -2.87626e-05 -0.000854071  0.000948839
         4487 -2.87626e-05 -0.000854071  0.000948836
         4488 -2.87626e-05 -0.000854071  0.000948832
         4489 -2.87626e-05 -0.000854071  0.000948829
         4490 -2.87626e-05 -0.000854071  0.000948826
         4491 -2.87626e-05 -0.000854071  0.000948822
         4492 -2.87626e-05 -0.000854071  0.000948819
         4493 -2.87626e-05 -0.000854071  0.000948816
         4494 -2.87626e-05 -0.000854071  0.000948812
         4495 -2.87626e-05 -0.000854071  0.000948809
         4496 -2.87626e-05 -0.000854071  0.000948806
         4497 -2.87626e-05 -0.000854071  0.000948802
         4498 -2.87626e-05 -0.000854071  0.000948799
         4499 -2.87626e-05 -0.000854071  0.000948796
         4500 -2.87626e-05 -0.000854071  0.000948792
         4501 -2.87626e-05 -0.000854071  0.000948789
         4502 -2.87626e-05 -0.000854071  0.000948785
         4503 -2.87626e-05 -0.000854071  0.000948782
         4504 -2.87626e-05 -0.000854071  0.000948779
         4505 -2.87626e-05 -0.000854071  0.000948775
         4506 -2.87626e-05 -0.000854071  0.000948772
         4507 -2.87626e-05 -0.000854071  0.000948768
         4508 -2.87626e-05 -0.000854071  0.000948765
         4509 -2.87626e-05 -0.000854071  0.000948761
         4510 -2.87626e-05 -0.000854071  0.000948757
         4511 -2.87626e-05 -0.000854071  0.000948754
         4512 -2.87626e-05 -0.000854071   0.00094875
         4513 -2.87626e-05 -0.000854071  0.000948746
         4514 -2.87626e-05 -0.000854071  0.000948743
         4515 -2.87626e-05 -0.000854071  0.000948739
         4516 -2.87626e-05 -0.000854071  0.000948735
         4517 -2.87626e-05 -0.000854071  0.000948731
         4518 -2.87626e-05 -0.000854071  0.000948728
         4519 -2.87626e-05 -0.000854071  0.000948724
         4520 -2.87626e-05 -0.000854071   0.00094872
         4521 -2.87626e-05 -0.000854071  0.000948716
         4522 -2.87626e-05 -0.000854071  0.000948712
         4523 -2.87626e-05 -0.000854071  0.000948708
         4524 -2.87626e-05 -0.000854071  0.000948704
         4525 -2.87626e-05 -0.000854071    0.0009487
         4526 -2.87626e-05 -0.000854071  0.000948696
         4527 -2.87626e-05 -0.000854071  0.000948691
         4528 -2.87626e-05 -0.000854071  0.000948687
         4529 -2.87626e-05 -0.000854071  0.000948683
         4530 -2.87626e-05 -0.000854071  0.000948679
         4531 -2.87626e-05 -0.000854071  0.000948674
         4532 -2.87626e-05 -0.000854071   0.00094867
         4533 -2.87626e-05 -0.000854071  0.000948666
         4534 -2.87626e-05 -0.000854071  0.000948661
         4535 -2.87626e-05 -0.000854071  0.000948657
         4536 -2.87626e-05 -0.000854071  0.000948653
         4537 -2.87626e-05 -0.000854071  0.000948648
         4538 -2.87626e-05 -0.000854071  0.000948644
         4539 -2.87626e-05 -0.000854071  0.000948639
         4540 -2.87626e-05 -0.000854071  0.000948635
         4541 -2.87626e-05 -0.000854071   0.00094863
         4542 -2.87626e-05 -0.000854071  0.000948625
         4543 -2.87626e-05 -0.000854071  0.000948621
         4544 -2.87626e-05 -0.000854071  0.000948616
         4545 -2.87626e-05 -0.000854071  0.000948612
         4546 -2.87626e-05 -0.000854071  0.000948607
         4547 -2.87626e-05 -0.000854071  0.000948603
         4548 -2.87626e-05 -0.000854071  0.000948598
         4549 -2.87626e-05 -0.000854071  0.000948593
         4550 -2.87626e-05 -0.000854071  0.000948589
         4551 -2.87626e-05 -0.000854071  0.000948584
         4552 -2.87626e-05 -0.000854071  0.000948579
         4553 -2.87626e-05 -0.000854071  0.000948575
         4554 -2.87626e-05 -0.000854071   0.00094857
         4555 -2.87626e-05 -0.000854071  0.000948565
         4556 -2.87626e-05 -0.000854071  0.000948561
         4557 -2.87626e-05 -0.000854071  0.000948556
         4558 -2.87626e-05 -0.000854071  0.000948552
         4559 -2.87626e-05 -0.000854071  0.000948547
         4560 -2.87626e-05 -0.000854071  0.000948542
         4561 -2.87626e-05 -0.000854071  0.000948537
         4562 -2.87626e-05 -0.000854071  0.000948533
         4563 -2.87626e-05 -0.000854071  0.000948528
         4564 -2.87626e-05 -0.000854071  0.000948524
         4565 -2.87626e-05 -0.000854071  0.000948519
         4566 -2.87626e-05 -0.000854071  0.000948515
         4567 -2.87626e-05 -0.000854071   0.00094851
         4568 -2.87626e-05 -0.000854071  0.000948505
         4569 -2.87626e-05 -0.000854071  0.000948501
         4570 -2.87626e-05 -0.000854071  0.000948496
         4571 -2.87626e-05 -0.000854071  0.000948492
         4572 -2.87626e-05 -0.000854071  0.000948487
         4573 -2.87626e-05 -0.000854071  0.000948483
         4574 -2.87626e-05 -0.000854071  0.000948478
         4575 -2.87626e-05 -0.000854071  0.000948474
         4576 -2.87626e-05 -0.000854071  0.000948469
         4577 -2.87626e-05 -0.000854071  0.000948465
         4578 -2.87626e-05 -0.000854071   0.00094846
         4579 -2.87626e-05 -0.000854071  0.000948456
         4580 -2.87626e-05 -0.000854071  0.000948452
         4581 -2.87626e-05 -0.000854071  0.000948447
         4582 -2.87626e-05 -0.000854071  0.000948443
         4583 -2.87626e-05 -0.000854071  0.000948439
         4584 -2.87626e-05 -0.000854071  0.000948434
         4585 -2.87626e-05 -0.000854071   0.00094843
         4586 -2.87626e-05 -0.000854071  0.000948426
         4587 -2.87626e-05 -0.000854071  0.000948421
         4588 -2.87626e-05 -0.000854071  0.000948417
         4589 -2.87626e-05 -0.000854071  0.000948413
         4590 -2.87626e-05 -0.000854071  0.000948409
         4591 -2.87626e-05 -0.000854071  0.000948405
         4592 -2.87626e-05 -0.000854071    0.0009484
         4593 -2.87626e-05 -0.000854071  0.000948396
         4594 -2.87626e-05 -0.000854071  0.000948392
         4595 -2.87626e-05 -0.000854071  0.000948388
         4596 -2.87626e-05 -0.000854071  0.000948384
         4597 -2.87626e-05 -0.000854071   0.00094838
         4598 -2.87626e-05 -0.000854071  0.000948376
         4599 -2.87626e-05 -0.000854071  0.000948372
         4600 -2.87626e-05 -0.000854071  0.000948368
         4601 -2.87626e-05 -0.000854071  0.000948364
         4602 -2.87626e-05 -0.000854071   0.00094836
         4603 -2.87626e-05 -0.000854071  0.000948356
         4604 -2.87626e-05 -0.000854071  0.000948352
         4605 -2.87626e-05 -0.000854071  0.000948348
         4606 -2.87626e-05 -0.000854071  0.000948344
         4607 -2.87626e-05 -0.000854071   0.00094834
         4608 -2.87626e-05 -0.000854071  0.000948336
         4609 -2.87626e-05 -0.000854071  0.000948333
         4610 -2.87626e-05 -0.000854071  0.000948329
         4611 -2.87626e-05 -0.000854071  0.000948325
         4612 -2.87626e-05 -0.000854071  0.000948321
         4613 -2.87626e-05 -0.000854071  0.000948318
         4614 -2.87626e-05 -0.000854071  0.000948314
         4615 -2.87626e-05 -0.000854071  0.000948311
         4616 -2.87626e-05 -0.000854071  0.000948307
         4617 -2.87626e-05 -0.000854071  0.000948304
         4618 -2.87626e-05 -0.000854071    0.0009483
         4619 -2.87626e-05 -0.000854071  0.000948297
         4620 -2.87626e-05 -0.000854071  0.000948293
         4621 -2.87626e-05 -0.000854071   0.00094829
         4622 -2.87626e-05 -0.000854071  0.000948287
         4623 -2.87626e-05 -0.000854071  0.000948284
         4624 -2.87626e-05 -0.000854071   0.00094828
         4625 -2.87626e-05 -0.000854071  0.000948277
         4626 -2.87626e-05 -0.000854071  0.000948274
         4627 -2.87626e-05 -0.000854071  0.000948271
         4628 -2.87626e-05 -0.000854071  0.000948268
         4629 -2.87626e-05 -0.000854071  0.000948266
         4630 -2.87626e-05 -0.000854071  0.000948264
         4631 -2.87626e-05 -0.000854071  0.000948263
         4632 -2.87626e-05 -0.000854071   0.00094826
         4633 -2.87626e-05 -0.000854071  0.000948257
         4634 -2.87626e-05 -0.000854071  0.000948255
         4635 -2.87626e-05 -0.000854071  0.000948254
         4636 -2.87626e-05 -0.000854071  0.000948251
         4637 -2.87626e-05 -0.000854071  0.000948249
         4638 -2.87626e-05 -0.000854071  0.000948246
         4639 -2.87626e-05 -0.000854071  0.000948244
         4640 -2.87626e-05 -0.000854071  0.000948243
         4641 -2.87626e-05 -0.000854071  0.000948242
         4642 -2.87626e-05 -0.000854071  0.000948241
         4643 -2.87626e-05 -0.000854071  0.000948239
         4644 -2.87626e-05 -0.000854071  0.000948236
         4645 -2.87626e-05 -0.000854071  0.000948234
         4646 -2.87626e-05 -0.000854071  0.000948233
         4647 -2.87626e-05 -0.000854071  0.000948232
         4648 -2.87626e-05 -0.000854071   0.00094823
         4649 -2.87626e-05 -0.000854071  0.000948228
         4650 -2.87626e-05 -0.000854071  0.000948226
         4651 -2.87626e-05 -0.000854071  0.000948226
         4652 -2.87626e-05 -0.000854071  0.000948224
         4653 -2.87626e-05 -0.000854071  0.000948223
         4654 -2.87626e-05 -0.000854071  0.000948221
         4655 -2.87626e-05 -0.000854071  0.000948221
         4656 -2.87626e-05 -0.000854071   0.00094822
         4657 -2.87626e-05 -0.000854071  0.000948218
         4658 -2.87626e-05 -0.000854071  0.000948217
         4659 -2.87626e-05 -0.000854071  0.000948216
         4660 -2.87626e-05 -0.000854071  0.000948216
         4661 -2.87626e-05 -0.000854071  0.000948215
         4662 -2.87626e-05 -0.000854071  0.000948214
         4663 -2.87626e-05 -0.000854071  0.000948213
         4664 -2.87626e-05 -0.000854071  0.000948213
         4665 -2.87626e-05 -0.000854071  0.000948212
         4666 -2.87626e-05 -0.000854071  0.000948212
         4667 -2.87626e-05 -0.000854071  0.000948211
         4668 -2.87626e-05 -0.000854071  0.000948211
         4669 -2.87626e-05 -0.000854071  0.000948211
         4670 -2.87626e-05 -0.000854071  0.000948211
         4671 -2.87626e-05 -0.000854071   0.00094821
         4672 -2.87626e-05 -0.000854071   0.00094821
         4673 -2.87626e-05 -0.000854071   0.00094821
         4674 -2.87626e-05 -0.000854071   0.00094821
         4675 -2.87626e-05 -0.000854071   0.00094821
         4676 -2.87626e-05 -0.000854071  0.000948211
         4677 -2.87626e-05 -0.000854071  0.000948211
         4678 -2.87626e-05 -0.000854071  0.000948211
         4679 -2.87626e-05 -0.000854071  0.000948211
         4680 -2.87626e-05 -0.000854071  0.000948212
         4681 -2.87626e-05 -0.000854071  0.000948212
         4682 -2.87626e-05 -0.000854071  0.000948212
         4683 -2.87626e-05 -0.000854071  0.000948213
         4684 -2.87626e-05 -0.000854071  0.000948213
         4685 -2.87626e-05 -0.000854071  0.000948214
         4686 -2.87626e-05 -0.000854071  0.000948214
         4687 -2.87626e-05 -0.000854071  0.000948215
         4688 -2.87626e-05 -0.000854071  0.000948216
         4689 -2.87626e-05 -0.000854071  0.000948216
         4690 -2.87626e-05 -0.000854071  0.000948217
         4691 -2.87626e-05 -0.000854071  0.000948218
         4692 -2.87626e-05 -0.000854071  0.000948218
         4693 -2.87626e-05 -0.000854071  0.000948219
         4694 -2.87626e-05 -0.000854071   0.00094822
         4695 -2.87626e-05 -0.000854071  0.000948221
         4696 -2.87626e-05 -0.000854071  0.000948222
         4697 -2.87626e-05 -0.000854071  0.000948222
         4698 -2.87626e-05 -0.000854071  0.000948223
         4699 -2.87626e-05 -0.000854071  0.000948224
         4700 -2.87626e-05 -0.000854071  0.000948225
         4701 -2.87626e-05 -0.000854071  0.000948226
         4702 -2.87626e-05 -0.000854071  0.000948227
         4703 -2.87626e-05 -0.000854071  0.000948228
         4704 -2.87626e-05 -0.000854071  0.000948229
         4705 -2.87626e-05 -0.000854071  0.000948229
         4706 -2.87626e-05 -0.000854071   0.00094823
         4707 -2.87626e-05 -0.000854071  0.000948231
         4708 -2.87626e-05 -0.000854071  0.000948232
         4709 -2.87626e-05 -0.000854071  0.000948233
         4710 -2.87626e-05 -0.000854071  0.000948234
         4711 -2.87626e-05 -0.000854071  0.000948235
         4712 -2.87626e-05 -0.000854071  0.000948236
         4713 -2.87626e-05 -0.000854071  0.000948237
         4714 -2.87626e-05 -0.000854071  0.000948238
         4715 -2.87626e-05 -0.000854071  0.000948239
         4716 -2.87626e-05 -0.000854071   0.00094824
         4717 -2.87626e-05 -0.000854071  0.000948241
         4718 -2.87626e-05 -0.000854071  0.000948241
         4719 -2.87626e-05 -0.000854071  0.000948242
         4720 -2.87626e-05 -0.000854071  0.000948243
         4721 -2.87626e-05 -0.000854071  0.000948244
         4722 -2.87626e-05 -0.000854071  0.000948245
         4723 -2.87626e-05 -0.000854071  0.000948246
         4724 -2.87626e-05 -0.000854071  0.000948247
         4725 -2.87626e-05 -0.000854071  0.000948248
         4726 -2.87626e-05 -0.000854071  0.000948249
         4727 -2.87626e-05 -0.000854071  0.000948249
         4728 -2.87626e-05 -0.000854071   0.00094825
         4729 -2.87626e-05 -0.000854071  0.000948251
         4730 -2.87626e-05 -0.000854071  0.000948252
         4731 -2.87626e-05 -0.000854071  0.000948253
         4732 -2.87626e-05 -0.000854071  0.000948254
         4733 -2.87626e-05 -0.000854071  0.000948255
         4734 -2.87626e-05 -0.000854071  0.000948255
         4735 -2.87626e-05  -0.00085407  0.000948256
         4736 -2.87626e-05 -0.000854071  0.000948257
         4737 -2.87626e-05 -0.000854071  0.000948258
         4738 -2.87626e-05 -0.000854071  0.000948259
         4739 -2.87626e-05 -0.000854071   0.00094826
         4740 -2.87626e-05  -0.00085407  0.000948261
         4741 -2.87626e-05  -0.00085407  0.000948261
         4742 -2.87626e-05  -0.00085407  0.000948262
         4743 -2.87626e-05  -0.00085407  0.000948263
         4744 -2.87626e-05  -0.00085407  0.000948264
         4745 -2.87626e-05  -0.00085407  0.000948265
         4746 -2.87626e-05  -0.00085407  0.000948265
         4747 -2.87626e-05  -0.00085407  0.000948266
         4748 -2.87626e-05  -0.00085407  0.000948267
         4749 -2.87626e-05  -0.00085407  0.000948268
         4750 -2.87626e-05  -0.00085407  0.000948269
         4751 -2.87626e-05  -0.00085407   0.00094827
         4752 -2.87626e-05  -0.00085407  0.000948271
         4753 -2.87626e-05  -0.00085407  0.000948272
         4754 -2.87626e-05  -0.00085407  0.000948273
         4755 -2.87626e-05  -0.00085407  0.000948274
         4756 -2.87626e-05  -0.00085407  0.000948274
         4757 -2.87626e-05  -0.00085407  0.000948275
         4758 -2.87626e-05  -0.00085407  0.000948276
         4759 -2.87626e-05  -0.00085407  0.000948277
         4760 -2.87626e-05  -0.00085407  0.000948279
         4761 -2.87626e-05  -0.00085407   0.00094828
         4762 -2.87626e-05  -0.00085407  0.000948281
         4763 -2.87626e-05  -0.00085407  0.000948283
         4764 -2.87626e-05  -0.00085407  0.000948284
         4765 -2.87626e-05  -0.00085407  0.000948285
         4766 -2.87626e-05  -0.00085407  0.000948287
         4767 -2.87626e-05  -0.00085407  0.000948289
         4768 -2.87626e-05  -0.00085407   0.00094829
         4769 -2.87626e-05  -0.00085407  0.000948292
         4770 -2.87626e-05  -0.00085407  0.000948294
         4771 -2.87626e-05  -0.00085407  0.000948296
         4772 -2.87626e-05  -0.00085407  0.000948298
         4773 -2.87626e-05  -0.00085407    0.0009483
         4774 -2.87626e-05  -0.00085407  0.000948302
         4775 -2.87626e-05  -0.00085407  0.000948305
         4776 -2.87626e-05  -0.00085407  0.000948307
         4777 -2.87626e-05  -0.00085407   0.00094831
         4778 -2.87626e-05  -0.00085407  0.000948312
         4779 -2.87626e-05  -0.00085407  0.000948315
         4780 -2.87626e-05  -0.00085407  0.000948318
         4781 -2.87626e-05  -0.00085407  0.000948321
         4782 -2.87626e-05  -0.00085407  0.000948324
         4783 -2.87626e-05  -0.00085407  0.000948326
         4784 -2.87626e-05  -0.00085407   0.00094833
         4785 -2.87626e-05  -0.00085407  0.000948333
         4786 -2.87626e-05  -0.00085407  0.000948337
         4787 -2.87626e-05  -0.00085407   0.00094834
         4788 -2.87626e-05  -0.00085407  0.000948344
         4789 -2.87626e-05  -0.00085407  0.000948347
         4790 -2.87626e-05  -0.00085407  0.000948351
         4791 -2.87626e-05  -0.00085407  0.000948355
         4792 -2.87626e-05  -0.00085407  0.000948357
         4793 -2.87626e-05  -0.00085407  0.000948361
         4794 -2.87626e-05  -0.00085407  0.000948365
         4795 -2.87626e-05  -0.00085407   0.00094837
         4796 -2.87626e-05  -0.00085407  0.000948374
         4797 -2.87626e-05  -0.00085407  0.000948378
         4798 -2.87626e-05  -0.00085407  0.000948383
         4799 -2.87626e-05  -0.00085407  0.000948388
         4800 -2.87626e-05  -0.00085407  0.000948393
         4801 -2.87626e-05  -0.00085407  0.000948398
         4802 -2.87626e-05  -0.00085407  0.000948403
         4803 -2.87626e-05  -0.00085407  0.000948409
         4804 -2.87626e-05  -0.00085407  0.000948414
         4805 -2.87626e-05  -0.00085407   0.00094842
         4806 -2.87626e-05  -0.00085407  0.000948426
         4807 -2.87626e-05  -0.00085407  0.000948428
         4808 -2.87626e-05  -0.00085407  0.000948434
         4809 -2.87626e-05  -0.00085407  0.000948439
         4810 -2.87626e-05  -0.00085407  0.000948445
         4811 -2.87626e-05  -0.00085407  0.000948452
         4812 -2.87626e-05  -0.00085407  0.000948458
         4813 -2.87626e-05  -0.00085407  0.000948465
         4814 -2.87626e-05  -0.00085407  0.000948472
         4815 -2.87626e-05  -0.00085407  0.000948478
         4816 -2.87626e-05  -0.00085407  0.000948485
         4817 -2.87626e-05  -0.00085407  0.000948492
         4818 -2.87626e-05  -0.00085407  0.000948499
         4819 -2.87626e-05  -0.00085407  0.000948507
         4820 -2.87626e-05  -0.00085407  0.000948514
         4821 -2.87626e-05  -0.00085407  0.000948522
         4822 -2.87626e-05  -0.00085407  0.000948529
         4823 -2.87626e-05  -0.00085407  0.000948537
         4824 -2.87626e-05  -0.00085407  0.000948545
         4825 -2.87626e-05  -0.00085407  0.000948553
         4826 -2.87626e-05  -0.00085407  0.000948561
         4827 -2.87626e-05  -0.00085407  0.000948569
         4828 -2.87626e-05  -0.00085407  0.000948578
         4829 -2.87626e-05  -0.00085407  0.000948586
         4830 -2.87626e-05  -0.00085407  0.000948595
         4831 -2.87626e-05  -0.00085407  0.000948604
         4832 -2.87626e-05  -0.00085407  0.000948613
         4833 -2.87626e-05  -0.00085407  0.000948622
         4834 -2.87626e-05  -0.00085407  0.000948631
         4835 -2.87626e-05  -0.00085407  0.000948641
         4836 -2.87626e-05  -0.00085407   0.00094865
         4837 -2.87626e-05  -0.00085407   0.00094866
         4838 -2.87626e-05  -0.00085407   0.00094867
         4839 -2.87626e-05  -0.00085407  0.000948679
         4840 -2.87626e-05  -0.00085407  0.000948689
         4841 -2.87626e-05  -0.00085407    0.0009487
         4842 -2.87626e-05  -0.00085407   0.00094871
         4843 -2.87626e-05  -0.00085407  0.000948721
         4844 -2.87626e-05  -0.00085407  0.000948731
         4845 -2.87626e-05  -0.00085407  0.000948742
         4846 -2.87626e-05  -0.00085407  0.000948752
         4847 -2.87626e-05  -0.00085407  0.000948763
         4848 -2.87626e-05  -0.00085407  0.000948774
         4849 -2.87626e-05  -0.00085407  0.000948785
         4850 -2.87626e-05  -0.00085407  0.000948797
         4851 -2.87626e-05  -0.00085407  0.000948808
         4852 -2.87626e-05  -0.00085407  0.000948819
         4853 -2.87626e-05  -0.00085407  0.000948831
         4854 -2.87626e-05  -0.00085407  0.000948843
         4855 -2.87626e-05  -0.00085407  0.000948854
         4856 -2.87626e-05  -0.00085407  0.000948866
         4857 -2.87626e-05  -0.00085407  0.000948878
         4858 -2.87626e-05  -0.00085407   0.00094889
         4859 -2.87626e-05  -0.00085407  0.000948902
         4860 -2.87626e-05  -0.00085407  0.000948914
         4861 -2.87626e-05  -0.00085407  0.000948926
         4862 -2.87626e-05  -0.00085407  0.000948938
         4863 -2.87626e-05  -0.00085407   0.00094895
         4864 -2.87626e-05  -0.00085407  0.000948962
         4865 -2.87626e-05  -0.00085407  0.000948974
         4866 -2.87626e-05  -0.00085407  0.000948986
         4867 -2.87626e-05  -0.00085407  0.000948998
         4868 -2.87626e-05  -0.00085407  0.000949011
         4869 -2.87626e-05  -0.00085407  0.000949023
         4870 -2.87626e-05  -0.00085407  0.000949035
         4871 -2.87626e-05  -0.00085407  0.000949047
         4872 -2.87626e-05  -0.00085407  0.000949059
         4873 -2.87626e-05  -0.00085407  0.000949071
         4874 -2.87626e-05  -0.00085407  0.000949083
         4875 -2.87626e-05  -0.00085407  0.000949096
         4876 -2.87626e-05  -0.00085407  0.000949108
         4877 -2.87626e-05  -0.00085407   0.00094912
         4878 -2.87626e-05  -0.00085407  0.000949132
         4879 -2.87626e-05  -0.00085407  0.000949144
         4880 -2.87626e-05  -0.00085407  0.000949156
         4881 -2.87626e-05  -0.00085407  0.000949168
         4882 -2.87626e-05  -0.00085407  0.000949179
         4883 -2.87626e-05  -0.00085407  0.000949191
         4884 -2.87626e-05  -0.00085407  0.000949203
         4885 -2.87626e-05  -0.00085407  0.000949214
         4886 -2.87626e-05  -0.00085407  0.000949226
         4887 -2.87626e-05  -0.00085407  0.000949237
         4888 -2.87626e-05  -0.00085407  0.000949248
         4889 -2.87626e-05  -0.00085407  0.000949259
         4890 -2.87626e-05  -0.00085407   0.00094927
         4891 -2.87626e-05  -0.00085407  0.000949282
         4892 -2.87626e-05  -0.00085407  0.000949293
         4893 -2.87626e-05  -0.00085407  0.000949303
         4894 -2.87626e-05  -0.00085407  0.000949314
         4895 -2.87626e-05  -0.00085407  0.000949325
         4896 -2.87626e-05  -0.00085407  0.000949335
         4897 -2.87626e-05  -0.00085407  0.000949346
         4898 -2.87626e-05  -0.00085407  0.000949356
         4899 -2.87626e-05  -0.00085407  0.000949366
         4900 -2.87626e-05  -0.00085407  0.000949377
         4901 -2.87626e-05  -0.00085407  0.000949387
         4902 -2.87626e-05  -0.00085407  0.000949396
         4903 -2.87626e-05  -0.00085407  0.000949406
         4904 -2.87626e-05  -0.00085407  0.000949416
         4905 -2.87626e-05  -0.00085407  0.000949425
         4906 -2.87626e-05  -0.00085407  0.000949434
         4907 -2.87626e-05  -0.00085407  0.000949444
         4908 -2.87626e-05  -0.00085407  0.000949453
         4909 -2.87626e-05  -0.00085407  0.000949462
         4910 -2.87626e-05  -0.00085407  0.000949471
         4911 -2.87626e-05  -0.00085407   0.00094948
         4912 -2.87626e-05  -0.00085407  0.000949488
         4913 -2.87626e-05  -0.00085407  0.000949497
         4914 -2.87626e-05  -0.00085407  0.000949506
         4915 -2.87626e-05  -0.00085407  0.000949514
         4916 -2.87626e-05  -0.00085407  0.000949522
         4917 -2.87626e-05  -0.00085407   0.00094953
         4918 -2.87626e-05  -0.00085407  0.000949538
         4919 -2.87626e-05  -0.00085407  0.000949546
         4920 -2.87626e-05  -0.00085407  0.000949554
         4921 -2.87626e-05  -0.00085407  0.000949561
         4922 -2.87626e-05  -0.00085407  0.000949568
         4923 -2.87626e-05  -0.00085407  0.000949576
         4924 -2.87626e-05  -0.00085407  0.000949583
         4925 -2.87626e-05  -0.00085407   0.00094959
         4926 -2.87626e-05  -0.00085407  0.000949597
         4927 -2.87626e-05  -0.00085407  0.000949604
         4928 -2.87626e-05  -0.00085407  0.000949611
         4929 -2.87626e-05  -0.00085407  0.000949617
         4930 -2.87626e-05  -0.00085407  0.000949624
         4931 -2.87626e-05  -0.00085407   0.00094963
         4932 -2.87626e-05  -0.00085407  0.000949637
         4933 -2.87626e-05  -0.00085407  0.000949639
         4934 -2.87626e-05  -0.00085407  0.000949646
         4935 -2.87626e-05  -0.00085407  0.000949652
         4936 -2.87626e-05  -0.00085407  0.000949658
         4937 -2.87626e-05  -0.00085407  0.000949664
         4938 -2.87626e-05  -0.00085407   0.00094967
         4939 -2.87626e-05  -0.00085407  0.000949675
         4940 -2.87626e-05  -0.00085407  0.000949681
         4941 -2.87626e-05  -0.00085407  0.000949687
         4942 -2.87626e-05  -0.00085407  0.000949692
         4943 -2.87626e-05  -0.00085407  0.000949697
         4944 -2.87626e-05  -0.00085407  0.000949702
         4945 -2.87626e-05  -0.00085407  0.000949707
         4946 -2.87626e-05  -0.00085407  0.000949712
         4947 -2.87626e-05  -0.00085407  0.000949717
         4948 -2.87626e-05  -0.00085407  0.000949722
         4949 -2.87626e-05  -0.00085407  0.000949727
         4950 -2.87626e-05  -0.00085407  0.000949732
         4951 -2.87626e-05  -0.00085407  0.000949736
         4952 -2.87626e-05  -0.00085407  0.000949741
         4953 -2.87626e-05  -0.00085407  0.000949745
         4954 -2.87626e-05  -0.00085407  0.000949749
         4955 -2.87626e-05  -0.00085407  0.000949754
         4956 -2.87626e-05  -0.00085407  0.000949758
         4957 -2.87626e-05  -0.00085407  0.000949762
         4958 -2.87626e-05  -0.00085407  0.000949766
         4959 -2.87626e-05  -0.00085407   0.00094977
         4960 -2.87626e-05  -0.00085407  0.000949772
         4961 -2.87626e-05  -0.00085407  0.000949776
         4962 -2.87626e-05  -0.00085407   0.00094978
         4963 -2.87626e-05  -0.00085407  0.000949784
         4964 -2.87626e-05  -0.00085407  0.000949788
         4965 -2.87626e-05  -0.00085407  0.000949791
         4966 -2.87626e-05  -0.00085407  0.000949795
         4967 -2.87626e-05  -0.00085407  0.000949799
         4968 -2.87626e-05  -0.00085407  0.000949802
         4969 -2.87626e-05  -0.00085407  0.000949806
         4970 -2.87626e-05  -0.00085407  0.000949809
         4971 -2.87626e-05  -0.00085407  0.000949812
         4972 -2.87626e-05  -0.00085407  0.000949816
         4973 -2.87626e-05  -0.00085407  0.000949817
         4974 -2.87626e-05  -0.00085407   0.00094982
         4975 -2.87626e-05  -0.00085407  0.000949824
         4976 -2.87626e-05  -0.00085407  0.000949827
         4977 -2.87626e-05  -0.00085407   0.00094983
         4978 -2.87626e-05  -0.00085407  0.000949833
         4979 -2.87626e-05  -0.00085407  0.000949836
         4980 -2.87626e-05  -0.00085407  0.000949837
         4981 -2.87626e-05  -0.00085407  0.000949839
         4982 -2.87626e-05  -0.00085407   0.00094984
         4983 -2.87626e-05  -0.00085407  0.000949843
         4984 -2.87626e-05  -0.00085407  0.000949846
         4985 -2.87626e-05  -0.00085407  0.000949847
         4986 -2.87626e-05  -0.00085407  0.000949848
         4987 -2.87626e-05  -0.00085407  0.000949851
         4988 -2.87626e-05  -0.00085407  0.000949852
         4989 -2.87626e-05  -0.00085407  0.000949855
         4990 -2.87626e-05  -0.00085407  0.000949856
         4991 -2.87626e-05  -0.00085407  0.000949857
         4992 -2.87626e-05  -0.00085407   0.00094986
         4993 -2.87626e-05  -0.00085407  0.000949861
         4994 -2.87626e-05  -0.00085407  0.000949862
         4995 -2.87626e-05  -0.00085407  0.000949865
         4996 -2.87626e-05  -0.00085407  0.000949866
         4997 -2.87626e-05  -0.00085407  0.000949867
         4998 -2.87626e-05  -0.00085407  0.000949869
         4999 -2.87626e-05  -0.00085407   0.00094987
         5000 -2.87626e-05  -0.00085407  0.000949871
