0.000000000000000000e+00	9.166671684218112223e-03
5.462646782117844269e-02	9.180056786819903308e-03
1.092529356423568854e-01	9.236235606874537360e-03
1.638794034635353281e-01	9.386238848051342565e-03
2.185050001742220860e-01	9.666360730866716683e-03
2.731323391058921857e-01	1.007827439314588035e-02
3.277596780375622854e-01	1.060865908374186012e-02
3.823848391930032564e-01	1.123582836238156378e-02
4.370121781246734116e-01	1.192162181635891827e-02
4.916395170563435113e-01	1.262343878258553702e-02
5.462646782117843713e-01	1.331373683840003305e-02
6.008920171434544155e-01	1.397526979391163805e-02
6.555171782988954421e-01	1.458705907485024524e-02
7.101445172305654863e-01	1.514041723481564933e-02
7.647718561622356415e-01	1.562659247595282741e-02
8.193970173176765570e-01	1.604320379443358383e-02
8.740243562493468232e-01	1.637982625457767155e-02
9.286495174047876278e-01	1.663980613203553879e-02
9.832768563364576719e-01	1.682539572772576153e-02
1.037904195268127827e+00	1.693807512510911092e-02
1.092529356423568743e+00	1.698009662510415949e-02
1.147156695355239009e+00	1.694148575221437678e-02
1.201781856510679702e+00	1.683215263048147559e-02
1.256409195442349969e+00	1.665582964428480306e-02
1.311036534374020013e+00	1.641991721092822543e-02
1.365661695529461150e+00	1.613188009917045085e-02
1.420289034461130973e+00	1.577460082203032896e-02
1.474916373392801239e+00	1.534878724551084171e-02
1.529541534548242154e+00	1.489009007558022429e-02
1.584168873479912421e+00	1.438004044470619913e-02
1.638794034635353114e+00	1.379309082532668637e-02
1.693421373567023380e+00	1.320092873810705184e-02
1.748048712498693646e+00	1.253263887983973104e-02
1.802673873654134340e+00	1.183802927655254120e-02
1.857301212585804384e+00	1.111523373605581046e-02
1.911926373741245522e+00	1.033883343369709600e-02
1.966553712672915344e+00	9.566809030265891259e-03
2.021181051604585388e+00	8.732106309843608999e-03
2.075806212760026526e+00	7.917223837504747119e-03
2.130433551691696792e+00	7.050924552767656381e-03
2.185050001742220971e+00	6.203248579054405736e-03
2.239690407331266009e+00	5.336305779769152415e-03
2.294309035158019761e+00	4.476596084005251761e-03
2.348949440747064354e+00	3.644100618483166968e-03
2.403568068573817662e+00	2.825460021183032015e-03
2.458186696400571414e+00	2.045932238120246917e-03
2.512827101989616452e+00	1.435668086660787891e-03
2.567445729816370203e+00	8.564342067137502767e-04
2.622064357643123511e+00	4.585073331389096125e-04
2.676704763232168549e+00	2.634387681542461109e-04
2.731323391058922301e+00	7.767735407966471265e-05
2.785942018885675608e+00	2.954993064582771284e-05
2.840582424474720202e+00	1.564969464823187900e-05
2.895201052301473954e+00	2.185568459926146166e-06
2.949841457890518992e+00	1.906997447171846117e-06
3.004460085717272300e+00	1.752811361431980448e-06
3.059078713544026051e+00	1.605253475538194581e-06
3.113719119133071089e+00	1.604905977682186843e-06
3.168337746959824841e+00	1.604571350117141799e-06
3.222956374786578149e+00	1.604249592843060506e-06
3.277596780375622743e+00	1.603702605477121609e-06
3.332215408202376494e+00	1.603129877529256692e-06
3.386834036029129802e+00	1.602582890163318218e-06
3.441474441618174840e+00	1.602093819106713874e-06
3.496093069444928148e+00	1.601649794068481600e-06
3.550711697271682343e+00	1.601225074466694107e-06
3.605352102860726937e+00	1.600806790010388278e-06
3.659970730687480689e+00	1.600472162445343234e-06
3.714611136276525283e+00	1.600137534880298401e-06
3.769229764103278590e+00	1.599822212751698560e-06
3.823848391930032786e+00	1.599526196059543712e-06
3.878488797519077380e+00	1.599275225385760087e-06
3.933107425345830688e+00	1.599030689857458126e-06
3.987726053172584884e+00	1.598792589474637830e-06
4.042366458761629033e+00	1.598580229673743766e-06
4.096985086588383673e+00	1.598393610454776357e-06
4.151603714415136537e+00	1.598213426381290825e-06
4.206244120004181575e+00	1.598039677453286956e-06
4.260862747830935326e+00	1.597872363670764752e-06
4.315503153419979476e+00	1.597737225615650232e-06
4.370121781246733228e+00	1.597602087560535924e-06
4.424740409073486980e+00	1.597479819796384943e-06
4.479380814662532018e+00	1.597357552032233963e-06
4.533999442489284881e+00	1.597254589704528186e-06
4.588618070316039521e+00	1.597158062522303650e-06
4.643258475905083671e+00	1.597067970485560990e-06
4.697877103731837423e+00	1.596984313594299358e-06
4.752495731558591174e+00	1.596900656703038362e-06
4.807136137147635324e+00	1.596836305248221934e-06
4.861754764974389964e+00	1.596771953793405718e-06
4.916395170563434114e+00	1.596714037484070953e-06
4.971013798390187866e+00	1.596649686029255161e-06
5.025632426216941617e+00	1.596598204865401849e-06
5.080272831805986655e+00	1.596553158847030201e-06
5.134891459632740407e+00	1.596508112828658977e-06
5.189510087459493271e+00	1.596469501955769205e-06
5.244150493048538308e+00	1.596430891082879221e-06
5.298769120875292060e+00	1.596398715355471113e-06
5.353387748702045812e+00	1.596372974773544669e-06
5.408028154291089962e+00	1.596340799046136560e-06
5.462646782117844602e+00	1.596321493609691569e-06
5.517265409944597465e+00	1.596295753027765124e-06
5.571905815533642503e+00	1.596276447591320132e-06
5.626524443360396255e+00	1.596257142154875352e-06
5.681164848949440405e+00	1.596237836718430572e-06
5.735783476776195045e+00	1.596224966427467244e-06
5.790402104602947908e+00	1.596212096136504128e-06
5.845042510191992946e+00	1.596205660991022464e-06
5.899661138018746698e+00	1.596192790700059136e-06
5.954279765845500449e+00	1.596186355554577260e-06
6.008920171434544599e+00	1.596179920409096020e-06
6.063538799261298351e+00	1.596167050118132692e-06
6.118157427088052103e+00	1.596167050118132692e-06
6.172797832677097141e+00	1.596160614972650816e-06
6.227416460503850892e+00	1.596160614972650816e-06
6.282056866092895042e+00	1.596160614972650816e-06
6.336675493919649682e+00	1.596154179827169576e-06
6.391294121746402546e+00	1.596154179827169576e-06
6.445934527335447584e+00	1.596154179827169576e-06
6.500553155162201335e+00	1.596154179827169576e-06
6.555171782988954199e+00	1.596160614972650816e-06
6.609812188577999237e+00	1.596160614972650816e-06
6.664430816404752989e+00	1.596160614972650816e-06
6.719049444231506740e+00	1.596167050118132692e-06
6.773689849820551778e+00	1.596167050118132692e-06
6.828308477647305530e+00	1.596173485263613932e-06
6.882948883236349680e+00	1.596179920409096020e-06
6.937567511063103431e+00	1.596186355554577260e-06
6.992186138889856295e+00	1.596192790700059136e-06
7.046826544478902221e+00	1.596199225845540800e-06
7.101445172305655085e+00	1.596199225845540800e-06
7.156063800132408836e+00	1.596205660991022464e-06
7.210704205721453874e+00	1.596218531281985580e-06
7.265322833548207626e+00	1.596224966427467244e-06
7.319941461374961378e+00	1.596231401572949120e-06
7.374581866964006416e+00	1.596237836718430572e-06
7.429200494790759279e+00	1.596244271863911813e-06
7.483819122617513031e+00	1.596250707009393688e-06
7.538459528206557181e+00	1.596257142154875352e-06
7.593078156033311821e+00	1.596263577300357016e-06
7.647718561622355971e+00	1.596276447591320132e-06
7.702337189449110610e+00	1.596282882736801796e-06
7.756955817275864362e+00	1.596295753027765124e-06
7.811596222864908512e+00	1.596302188173247000e-06
7.866214850691661375e+00	1.596308623318728241e-06
7.920833478518415127e+00	1.596308623318728241e-06
7.975473884107460165e+00	1.596315058464210116e-06
8.030092511934213917e+00	1.596327928755173444e-06
8.084711139760967669e+00	1.596334363900655108e-06
8.139351545350013595e+00	1.596347234191618224e-06
8.193970173176767346e+00	1.596353669337099888e-06
8.248610578765811496e+00	1.596360104482581552e-06
8.303229206592563472e+00	1.596366539628063428e-06
8.357847834419317223e+00	1.596372974773544669e-06
8.412488240008363150e+00	1.596379409919026756e-06
8.467106867835116901e+00	1.596392280209989661e-06
8.521725495661870653e+00	1.596398715355471113e-06
8.576365901250914803e+00	1.596411585646434441e-06
8.630984529077668554e+00	1.596418020791916105e-06
8.685603156904422306e+00	1.596430891082879221e-06
8.740243562493466456e+00	1.596437326228361097e-06
8.794862190320220208e+00	1.596443761373842549e-06
8.849502595909264357e+00	1.596443761373842549e-06
8.904121223736019886e+00	1.596450196519324425e-06
8.958739851562773637e+00	1.596463066810287541e-06
9.013380257151817787e+00	1.596469501955769205e-06
9.067998884978569762e+00	1.596482372246732533e-06
9.122617512805323514e+00	1.596488807392214197e-06
9.177257918394369440e+00	1.596495242537695649e-06
9.231876546221123192e+00	1.596501677683177313e-06
9.286495174047876944e+00	1.596508112828658977e-06
9.341135579636921094e+00	1.596514547974140853e-06
9.395754207463674845e+00	1.596520983119622093e-06
9.450372835290428597e+00	1.596527418265104180e-06
9.505013240879472747e+00	1.596533853410585421e-06
9.559631868706226498e+00	1.596546723701548537e-06
9.614272274295270648e+00	1.596553158847030201e-06
9.668890902122026176e+00	1.596559593992512077e-06
9.723509529948779928e+00	1.596566029137993529e-06
9.778149935537824078e+00	1.596572464283475405e-06
9.832768563364577830e+00	1.596572464283475405e-06
9.887387191191331581e+00	1.596578899428956645e-06
9.942027596780375731e+00	1.596585334574438733e-06
9.996646224607129483e+00	1.596591769719919973e-06
1.005126485243388323e+01	1.596598204865401849e-06
1.010590525802292738e+01	1.596604640010883513e-06
1.016052388584968291e+01	1.596617510301846629e-06
1.021516429143872706e+01	1.596623945447328293e-06
1.026978291926548081e+01	1.596630380592809957e-06
1.032440154709223279e+01	1.596630380592809957e-06
1.037904195268127872e+01	1.596636815738291621e-06
1.043366058050803247e+01	1.596643250883773073e-06
1.048827920833478622e+01	1.596643250883773073e-06
1.054291961392383037e+01	1.596649686029255161e-06
1.059753824175058412e+01	1.596656121174736401e-06
1.065215686957733787e+01	1.596668991465699517e-06
1.070679727516638380e+01	1.596675426611181605e-06
1.076141590299313577e+01	1.596681861756662845e-06
1.081605630858217992e+01	1.596688296902144509e-06
1.087067493640893368e+01	1.596688296902144509e-06
1.092529356423568920e+01	1.596694732047626385e-06
1.097993396982473335e+01	1.596694732047626385e-06
1.103455259765148710e+01	1.596701167193107626e-06
1.108917122547823908e+01	1.596701167193107626e-06
1.114381163106728501e+01	1.596707602338589713e-06
1.119843025889403876e+01	1.596714037484070953e-06
1.125304888672079251e+01	1.596720472629552829e-06
1.130768929230983666e+01	1.596726907775034070e-06
1.136230792013659041e+01	1.596733342920516157e-06
1.141692654796334416e+01	1.596739778065997398e-06
1.147156695355239009e+01	1.596739778065997398e-06
1.152618558137914206e+01	1.596746213211479273e-06
1.158082598696818621e+01	1.596746213211479273e-06
1.163544461479494174e+01	1.596752648356960937e-06
1.169006324262169549e+01	1.596752648356960937e-06
1.174470364821073964e+01	1.596759083502442601e-06
1.179932227603749340e+01	1.596765518647924054e-06
1.185394090386424537e+01	1.596771953793405718e-06
1.190858130945329307e+01	1.596778388938887381e-06
1.196319993728004505e+01	1.596784824084369257e-06
1.201781856510679880e+01	1.596791259229850709e-06
1.207245897069584295e+01	1.596797694375332585e-06
1.212707759852259670e+01	1.596804129520813826e-06
1.218171800411164263e+01	1.596804129520813826e-06
1.223633663193839638e+01	1.596810564666295701e-06
1.229095525976514836e+01	1.596816999811777154e-06
1.234559566535419428e+01	1.596823434957259029e-06
1.240021429318094803e+01	1.596829870102740693e-06
1.245483292100770178e+01	1.596836305248221934e-06
1.250947332659674593e+01	1.596849175539185050e-06
1.256409195442349969e+01	1.596855610684667137e-06
1.261871058225025344e+01	1.596862045830148378e-06
1.267335098783929936e+01	1.596874916121111494e-06
1.272796961566605134e+01	1.596881351266593582e-06
1.278261002125509727e+01	1.596990748739781234e-06
1.283722864908184924e+01	1.597138757085858658e-06
1.289184727690860477e+01	1.597280330286454842e-06
1.294648768249764892e+01	1.597428338632532267e-06
1.300110631032440267e+01	1.597569911833127815e-06
1.305572493815115465e+01	1.597717920179205240e-06
1.311036534374020057e+01	1.597859493379801424e-06
1.316498397156695432e+01	1.598007501725878848e-06
1.321960259939370808e+01	1.598149074926474820e-06
1.327424300498275223e+01	1.598290648127070581e-06
1.332886163280950598e+01	1.598438656473148429e-06
1.338348026063625973e+01	1.598580229673743766e-06
1.343812066622530565e+01	1.598728238019821402e-06
1.349273929405205763e+01	1.600974103792910483e-06
1.354737969964110356e+01	1.605034680591819276e-06
1.360199832746785553e+01	1.609088822245246617e-06
1.365661695529461106e+01	1.613149399044155622e-06
1.371125736088365521e+01	1.617203540697582539e-06
1.376587598871040719e+01	1.621264117496491332e-06
1.382049461653716271e+01	1.625318259149918673e-06
1.387513502212620686e+01	1.629301614203047922e-06
1.392975364995296061e+01	1.633259228674250303e-06
1.398437227777971259e+01	1.637223278290934984e-06
1.403901268336876029e+01	1.641180892762137365e-06
1.409363131119551227e+01	1.645144942378822046e-06
1.414827171678455819e+01	1.649102556850024639e-06
1.420289034461131017e+01	1.653066606466708684e-06
1.425750897243806570e+01	1.722476085631574648e-06
1.431214937802710985e+01	1.840271423672820055e-06
1.436676800585386182e+01	1.958066761714065252e-06
1.442138663368061557e+01	2.075862099755310448e-06
1.447602703926966328e+01	2.193657437796555644e-06
1.453064566709641525e+01	2.311452775837800417e-06
1.458526429492316723e+01	2.429248113879046460e-06
1.463990470051221315e+01	2.545704941660112325e-06
1.469452332833896868e+01	2.660700991416847880e-06
1.474916373392801283e+01	2.775697041173583858e-06
1.480378236175476481e+01	2.890693090930319836e-06
1.485840098958151856e+01	3.005689140687056237e-06
1.491304139517056448e+01	3.120691625589273667e-06
1.496766002299731824e+01	3.235687675346009222e-06
1.502227865082407021e+01	3.350683725102745199e-06
1.507691905641311436e+01	1.016463404550936135e-05
1.513153768423986989e+01	1.847066937301421893e-05
1.518615631206662364e+01	2.677676905197389357e-05
1.524079671765566779e+01	3.508280437947874946e-05
1.529541534548241977e+01	4.338883970698359857e-05
1.535003397330917529e+01	5.169493938594326983e-05
1.540467437889822122e+01	6.000097471344814604e-05
1.545929300672497320e+01	6.824857891997978610e-05
1.551393341231401735e+01	7.636394088686393152e-05
1.556855204014077287e+01	8.447930285374807694e-05
1.562317066796752485e+01	9.259530833518040316e-05
1.567781107355657078e+01	1.007106703020645486e-04
1.573242970138332275e+01	1.088260322689487076e-04
1.578704832921007828e+01	1.169413942358328394e-04
1.584168873479912243e+01	1.250567562027169713e-04
1.589630736262587618e+01	1.299455362251116398e-04
1.595092599045263171e+01	1.235399924126967097e-04
1.600556639604167586e+01	1.171344486002817389e-04
1.606018502386842783e+01	1.107289047878668088e-04
1.611482542945747198e+01	1.043233609754518651e-04
1.616944405728422396e+01	9.791781716303692140e-05
1.622406268511097949e+01	9.151227335062199128e-05
1.627870309070002719e+01	8.510672953820704761e-05
