0.001 0.00106275
0.0101633 0.0010623
0.0193265 0.00106367
0.0284898 0.00107361
0.0376531 0.00112603
0.0468163 0.00130607
0.0559796 0.001823
0.0651429 0.00236299
0.0743061 0.00294175
0.0834694 0.00327258
0.0926327 0.00352119
0.101796 0.00417214
0.110959 0.00433693
0.120122 0.00472524
0.129286 0.00492954
0.138449 0.00475881
0.147612 0.0046789
0.156776 0.00502726
0.165939 0.00493453
0.175102 0.00498574
0.184265 0.00500309
0.193429 0.00506204
0.202592 0.00505528
0.211755 0.00501006
0.220918 0.00501644
0.230082 0.00498111
0.239245 0.00495631
0.248408 0.00500962
0.257571 0.00494862
0.266735 0.0049285
0.275898 0.00501269
0.285061 0.00489361
0.294224 0.00487305
0.303388 0.00484686
0.312551 0.00482514
0.321714 0.0048597
0.330878 0.00479978
0.340041 0.0047944
0.349204 0.004748
0.358367 0.00475685
0.367531 0.00471564
0.376694 0.00469477
0.385857 0.00468702
0.39502 0.00471599
0.404184 0.0046503
0.413347 0.00462562
0.42251 0.00461498
0.431673 0.00460923
0.440837 0.0045605
0.45 0.00456596
