0 32.756
0.000250836 32.5714
0.000501672 32.3712
0.000752508 32.2381
0.00100334 32.1381
0.00125418 32.0579
0.00150502 31.9953
0.00175585 31.944
0.00200669 31.902
0.00225753 31.8668
0.00250836 31.8384
0.0027592 31.8157
0.00301003 31.7984
0.00326087 31.7852
0.00351171 31.7759
0.00376254 31.7699
0.00401338 31.7673
0.00426421 31.7675
0.00451505 31.7704
0.00476589 31.7751
0.00501672 31.782
0.00526756 31.7908
0.00551839 31.8012
0.00576923 31.8129
0.00602007 31.8255
0.0062709 31.839
0.00652174 31.8536
0.00677258 31.8688
0.00702341 31.884
0.00727425 31.8997
0.00752508 31.9156
0.00777592 31.931
0.00802676 31.9467
0.00827759 31.9614
0.00852843 31.9759
0.00877926 31.9894
0.0090301 32.0023
0.00928094 32.0138
0.00953177 32.0246
0.00978261 32.0335
0.0100334 32.0415
0.0102843 32.0474
0.0105351 32.0518
0.010786 32.0546
0.0110368 32.0544
0.0112876 32.0545
0.0115385 32.0489
0.0117893 32.0431
0.0120401 32.0346
0.012291 32.0219
0.0125418 32.0101
0.0127926 31.9914
0.0130435 31.9706
0.0132943 31.9516
0.0135452 31.922
0.013796 31.8919
0.0140468 31.864
0.0142977 31.8235
0.0145485 31.7825
0.0147993 31.7448
0.0150502 31.6939
0.015301 31.6408
0.0155518 31.5906
0.0158027 31.5319
0.0160535 31.4652
0.0163043 31.3997
0.0165552 31.3369
0.016806 31.2552
0.0170569 31.1731
0.0173077 31.095
0.0175585 31.0112
0.0178094 30.9127
0.0180602 30.8139
0.018311 30.7209
0.0185619 30.6186
0.0188127 30.502
0.0190635 30.385
0.0193144 30.2744
0.0195652 30.158
0.0198161 30.022
0.0200669 29.8859
0.0203177 29.754
0.0205686 29.6276
0.0208194 29.4737
0.0210702 29.3173
0.0213211 29.1609
0.0215719 29.0144
0.0218227 28.8596
0.0220736 28.6821
0.0223244 28.5047
0.0225753 28.3287
0.0228261 28.1636
0.0230769 27.9847
0.0233278 27.7859
0.0235786 27.5872
0.0238294 27.3892
0.0240803 27.2041
0.0243311 27.0104
0.0245819 26.7903
0.0248328 26.5704
0.0250836 26.3508
0.0253344 26.1414
0.0255853 25.9364
0.0258361 25.7034
0.026087 25.4628
0.0263378 25.2229
0.0265886 24.9836
0.0268395 24.7594
0.0270903 24.5346
0.0273411 24.2749
0.027592 24.0152
0.0278428 23.7566
0.0280936 23.4989
0.0283445 23.2568
0.0285953 23.0148
0.0288462 22.7407
0.029097 22.464
0.0293478 22.1885
0.0295987 21.9132
0.0298495 21.6507
0.0301003 21.3927
0.0303512 21.1188
0.030602 20.8281
0.0308528 20.5378
0.0311037 20.2489
0.0313545 19.961
0.0316054 19.6897
0.0318562 19.4185
0.032107 19.1271
0.0323579 18.826
0.0326087 18.5256
0.0328595 18.2268
0.0331104 17.928
0.0333612 17.6469
0.033612 17.3659
0.0338629 17.0725
0.0341137 16.7657
0.0343645 16.4589
0.0346154 16.1548
0.0348662 15.8508
0.0351171 15.5561
0.0353679 15.2696
0.0356187 14.9831
0.0358696 14.6787
0.0361204 14.3717
0.0363712 14.0656
0.0366221 13.7618
0.0368729 13.458
0.0371237 13.1653
0.0373746 12.8784
0.0376254 12.5916
0.0378763 12.2931
0.0381271 11.9924
0.0383779 11.6921
0.0386288 11.395
0.0388796 11.098
0.0391304 10.8061
0.0393813 10.525
0.0396321 10.2438
0.0398829 9.96069
0.0401338 9.67386
0.0403846 9.38703
0.0406355 9.10199
0.0408863 8.8193
0.0411371 8.53661
0.041388 8.26133
0.0416388 7.99294
0.0418896 7.72456
0.0421405 7.45892
0.0423913 7.19781
0.0426421 6.9367
0.042893 6.67703
0.0431438 6.42079
0.0433946 6.16455
0.0436455 5.91081
0.0438963 5.6663
0.0441472 5.4218
0.044398 5.1773
0.0446488 4.95345
0.0448997 4.73207
0.0451505 4.51069
0.0454013 4.29276
0.0456522 4.07682
0.045903 3.86087
0.0461538 3.64813
0.0464047 3.44066
0.0466555 3.23318
0.0469064 3.02571
0.0471572 2.854
0.047408 2.68761
0.0476589 2.52121
0.0479097 2.35727
0.0481605 2.19663
0.0484114 2.03599
0.0486622 1.87535
0.048913 1.7192
0.0491639 1.56312
0.0494147 1.40703
0.0496656 1.26823
0.0499164 1.17419
0.0501672 1.08015
0.0504181 0.986118
0.0506689 0.895845
0.0509197 0.807696
0.0511706 0.719547
0.0514214 0.631398
0.0516722 0.543108
0.0519231 0.454819
0.0521739 0.366529
0.0524247 0.283632
0.0526756 0.259363
0.0529264 0.235094
0.0531773 0.210825
0.0534281 0.187341
0.0536789 0.166369
0.0539298 0.145398
0.0541806 0.124426
0.0544314 0.10273
0.0546823 0.0799199
0.0549331 0.0571097
0.0551839 0.0342995
0.0554348 0.0169027
0.0556856 0.0154077
0.0559365 0.0139128
0.0561873 0.0124179
0.0564381 0.0109953
0.056689 0.00988275
0.0569398 0.00877015
0.0571906 0.00765755
0.0574415 0.00650766
0.0576923 0.00510076
0.0579431 0.00369386
0.058194 0.00228696
0.0584448 0.000880057
0.0586957 0.000539494
0.0589465 0.000551543
0.0591973 0.000563592
0.0594482 0.000575641
0.059699 0.000589795
0.0599498 0.000606461
0.0602007 0.000623127
0.0604515 0.000639793
0.0607023 0.000655593
0.0609532 0.000666925
0.061204 0.000678257
0.0614548 0.000689589
0.0617057 0.000700921
0.0619565 0.000731138
0.0622074 0.000777532
0.0624582 0.000823927
0.062709 0.000870321
0.0629599 0.000916716
0.0632107 0.000962019
0.0634615 0.00100732
0.0637124 0.00105262
0.0639632 0.00109793
0.064214 0.00114251
0.0644649 0.00118624
0.0647157 0.00122998
0.0649666 0.00127371
0.0652174 0.00131745
0.0654682 0.00136981
0.0657191 0.00142855
0.0659699 0.00148729
0.0662207 0.00154603
0.0664716 0.00160477
0.0667224 0.00166264
0.0669732 0.00172026
0.0672241 0.00177788
0.0674749 0.0018355
0.0677258 0.00189312
0.0679766 0.0019486
0.0682274 0.00200404
0.0684783 0.00205949
0.0687291 0.00211493
0.0689799 0.00217037
0.0692308 0.00222056
0.0694816 0.00226958
0.0697324 0.0023186
0.0699833 0.00236762
0.0702341 0.00241664
0.0704849 0.00246507
0.0707358 0.00251331
0.0709866 0.00256154
0.0712375 0.00260978
0.0714883 0.00265802
0.0717391 0.00270496
0.07199 0.00275129
0.0722408 0.00279762
0.0724916 0.00284395
0.0727425 0.00289028
0.0729933 0.00292632
0.0732441 0.00292631
0.073495 0.0029263
0.0737458 0.0029263
0.0739967 0.00292629
0.0742475 0.00292628
0.0744983 0.00292628
0.0747492 0.00292628
