0 1.1887
0.000250836 1.18866
0.000501672 1.18861
0.000752508 1.18856
0.00100334 1.18852
0.00125418 1.18848
0.00150502 1.18843
0.00175585 1.18839
0.00200669 1.18834
0.00225753 1.18828
0.00250836 1.18823
0.0027592 1.18817
0.00301003 1.1881
0.00326087 1.18803
0.00351171 1.18796
0.00376254 1.18789
0.00401338 1.18781
0.00426421 1.18772
0.00451505 1.18764
0.00476589 1.18754
0.00501672 1.18744
0.00526756 1.18735
0.00551839 1.18725
0.00576923 1.18714
0.00602007 1.18703
0.0062709 1.18692
0.00652174 1.1868
0.00677258 1.18668
0.00702341 1.18656
0.00727425 1.18643
0.00752508 1.1863
0.00777592 1.18617
0.00802676 1.18603
0.00827759 1.18589
0.00852843 1.18575
0.00877926 1.1856
0.0090301 1.18546
0.00928094 1.18531
0.00953177 1.18516
0.00978261 1.185
0.0100334 1.18485
0.0102843 1.18468
0.0105351 1.18452
0.010786 1.18436
0.0110368 1.18419
0.0112876 1.18403
0.0115385 1.18385
0.0117893 1.18368
0.0120401 1.18351
0.012291 1.18333
0.0125418 1.18316
0.0127926 1.18298
0.0130435 1.1828
0.0132943 1.18262
0.0135452 1.18243
0.013796 1.18225
0.0140468 1.18206
0.0142977 1.18187
0.0145485 1.18168
0.0147993 1.1815
0.0150502 1.1813
0.015301 1.18111
0.0155518 1.18093
0.0158027 1.18073
0.0160535 1.18054
0.0163043 1.18035
0.0165552 1.18016
0.016806 1.17996
0.0170569 1.17977
0.0173077 1.17957
0.0175585 1.17938
0.0178094 1.17918
0.0180602 1.17898
0.018311 1.17879
0.0185619 1.17859
0.0188127 1.17839
0.0190635 1.17819
0.0193144 1.178
0.0195652 1.1778
0.0198161 1.1776
0.0200669 1.17741
0.0203177 1.17721
0.0205686 1.17702
0.0208194 1.17681
0.0210702 1.17662
0.0213211 1.17642
0.0215719 1.17622
0.0218227 1.17603
0.0220736 1.17583
0.0223244 1.17564
0.0225753 1.17545
0.0228261 1.17526
0.0230769 1.17506
0.0233278 1.17487
0.0235786 1.17468
0.0238294 1.17449
0.0240803 1.17429
0.0243311 1.1741
0.0245819 1.17391
0.0248328 1.17373
0.0250836 1.17354
0.0253344 1.17335
0.0255853 1.17317
0.0258361 1.17298
0.026087 1.1728
0.0263378 1.17262
0.0265886 1.17243
0.0268395 1.17225
0.0270903 1.17207
0.0273411 1.17189
0.027592 1.17171
0.0278428 1.17154
0.0280936 1.17136
0.0283445 1.17118
0.0285953 1.17101
0.0288462 1.17083
0.029097 1.17066
0.0293478 1.1705
0.0295987 1.17033
0.0298495 1.17016
0.0301003 1.16999
0.0303512 1.16982
0.030602 1.16966
0.0308528 1.1695
0.0311037 1.16934
0.0313545 1.16918
0.0316054 1.16902
0.0318562 1.16886
0.032107 1.16871
0.0323579 1.16855
0.0326087 1.1684
0.0328595 1.16825
0.0331104 1.1681
0.0333612 1.16795
0.033612 1.16781
0.0338629 1.16766
0.0341137 1.16752
0.0343645 1.16739
0.0346154 1.16725
0.0348662 1.16712
0.0351171 1.16698
0.0353679 1.16685
0.0356187 1.16672
0.0358696 1.16659
0.0361204 1.16648
0.0363712 1.16636
0.0366221 1.16624
0.0368729 1.16612
0.0371237 1.166
0.0373746 1.16588
0.0376254 1.16577
0.0378763 1.16567
0.0381271 1.16558
0.0383779 1.16548
0.0386288 1.16539
0.0388796 1.16529
0.0391304 1.1652
0.0393813 1.16511
0.0396321 1.16501
0.0398829 1.16494
0.0401338 1.16489
0.0403846 1.16484
0.0406355 1.16478
0.0408863 1.16473
0.0411371 1.16468
0.041388 1.16463
0.0416388 1.16457
0.0418896 1.16452
0.0421405 1.16449
0.0423913 1.16448
0.0426421 1.16447
0.042893 1.16446
0.0431438 1.16445
0.0433946 1.16444
0.0436455 1.16443
0.0438963 1.16442
0.0441472 1.16441
0.044398 1.1644
0.0446488 1.1644
0.0448997 1.1644
0.0451505 1.1644
0.0454013 1.1644
0.0456522 1.1644
0.045903 1.1644
0.0461538 1.1644
0.0464047 1.1644
0.0466555 1.1644
0.0469064 1.1644
0.0471572 1.1644
0.047408 1.1644
0.0476589 1.1644
0.0479097 1.1644
0.0481605 1.1644
0.0484114 1.1644
0.0486622 1.1644
0.048913 1.1644
0.0491639 1.1644
0.0494147 1.1644
0.0496656 1.1644
0.0499164 1.1644
0.0501672 1.1644
0.0504181 1.1644
0.0506689 1.1644
0.0509197 1.1644
0.0511706 1.1644
0.0514214 1.1644
0.0516722 1.1644
0.0519231 1.1644
0.0521739 1.1644
0.0524247 1.1644
0.0526756 1.1644
0.0529264 1.1644
0.0531773 1.1644
0.0534281 1.1644
0.0536789 1.1644
0.0539298 1.1644
0.0541806 1.1644
0.0544314 1.1644
0.0546823 1.1644
0.0549331 1.1644
0.0551839 1.1644
0.0554348 1.1644
0.0556856 1.1644
0.0559365 1.1644
0.0561873 1.1644
0.0564381 1.1644
0.056689 1.1644
0.0569398 1.1644
0.0571906 1.1644
0.0574415 1.1644
0.0576923 1.1644
0.0579431 1.1644
0.058194 1.1644
0.0584448 1.1644
0.0586957 1.1644
0.0589465 1.1644
0.0591973 1.1644
0.0594482 1.1644
0.059699 1.1644
0.0599498 1.1644
0.0602007 1.1644
0.0604515 1.1644
0.0607023 1.1644
0.0609532 1.1644
0.061204 1.1644
0.0614548 1.1644
0.0617057 1.1644
0.0619565 1.1644
0.0622074 1.1644
0.0624582 1.1644
0.062709 1.1644
0.0629599 1.1644
0.0632107 1.1644
0.0634615 1.1644
0.0637124 1.1644
0.0639632 1.1644
0.064214 1.1644
0.0644649 1.1644
0.0647157 1.1644
0.0649666 1.1644
0.0652174 1.1644
0.0654682 1.1644
0.0657191 1.1644
0.0659699 1.1644
0.0662207 1.1644
0.0664716 1.1644
0.0667224 1.1644
0.0669732 1.1644
0.0672241 1.1644
0.0674749 1.1644
0.0677258 1.1644
0.0679766 1.1644
0.0682274 1.1644
0.0684783 1.1644
0.0687291 1.1644
0.0689799 1.1644
0.0692308 1.1644
0.0694816 1.1644
0.0697324 1.1644
0.0699833 1.1644
0.0702341 1.1644
0.0704849 1.1644
0.0707358 1.1644
0.0709866 1.1644
0.0712375 1.1644
0.0714883 1.1644
0.0717391 1.1644
0.07199 1.1644
0.0722408 1.1644
0.0724916 1.1644
0.0727425 1.1644
0.0729933 1.1644
0.0732441 1.1644
0.073495 1.1644
0.0737458 1.1644
0.0739967 1.1644
0.0742475 1.1644
0.0744983 1.1644
0.0747492 1.1644
