0 1828.13
0.000250836 1793.53
0.000501672 1725.92
0.000752508 1659.42
0.00100334 1613.63
0.00125418 1587.31
0.00150502 1577.38
0.00175585 1575.26
0.00200669 1576.91
0.00225753 1580.15
0.00250836 1584.25
0.0027592 1588.78
0.00301003 1593.48
0.00326087 1598.12
0.00351171 1602.51
0.00376254 1606.49
0.00401338 1609.88
0.00426421 1612.54
0.00451505 1614.38
0.00476589 1615.27
0.00501672 1615.13
0.00526756 1613.66
0.00551839 1610.88
0.00576923 1606.74
0.00602007 1601.36
0.0062709 1594.68
0.00652174 1586.24
0.00677258 1576
0.00702341 1564.85
0.00727425 1552.06
0.00752508 1537.12
0.00777592 1521.77
0.00802676 1503.84
0.00827759 1485.24
0.00852843 1465.15
0.00877926 1443.39
0.0090301 1421.1
0.00928094 1396.62
0.00953177 1372.09
0.00978261 1345.48
0.0100334 1318.65
0.0102843 1290.57
0.0105351 1261.44
0.010786 1232.56
0.0110368 1201.29
0.0112876 1172.03
0.0115385 1139.6
0.0117893 1108.09
0.0120401 1076.39
0.012291 1043.04
0.0125418 1011.63
0.0127926 978.442
0.0130435 945.014
0.0132943 913.565
0.0135452 880.028
0.013796 846.995
0.0140468 815.636
0.0142977 782.757
0.0145485 750.281
0.0147993 719.568
0.0150502 688.01
0.015301 656.488
0.0155518 626.661
0.0158027 596.855
0.0160535 566.969
0.0163043 538.032
0.0165552 510.02
0.016806 482.239
0.0170569 454.685
0.0173077 428.421
0.0175585 402.721
0.0178094 377.588
0.0180602 352.818
0.018311 329.26
0.0185619 306.475
0.0188127 284.694
0.0190635 263.327
0.0193144 242.848
0.0195652 223.117
0.0198161 205.067
0.0200669 187.342
0.0203177 170.185
0.0205686 153.246
0.0208194 138.926
0.0210702 124.949
0.0213211 111.404
0.0215719 98.178
0.0218227 85.8985
0.0220736 75.9074
0.0223244 66.1508
0.0225753 56.6799
0.0228261 47.2847
0.0230769 39.3084
0.0233278 33.4039
0.0235786 27.727
0.0238294 22.2455
0.0240803 16.6869
0.0243311 11.9544
0.0245819 9.79911
0.0248328 7.72068
0.0250836 5.90221
0.0253344 3.88057
0.0255853 1.84909
0.0258361 1.20632
0.026087 0.942671
0.0263378 0.731003
0.0265886 0.526577
0.0268395 0.2777
0.0270903 0.0332612
0.0273411 0.027203
0.027592 0.0211447
0.0278428 0.0172192
0.0280936 0.0130927
0.0283445 0.00736357
0.0285953 0.00163447
0.0288462 0.00115552
0.029097 0.00111264
0.0293478 0.00108116
0.0295987 0.00105841
0.0298495 0.00101781
0.0301003 0.000977214
0.0303512 0.000956105
0.030602 0.000955938
0.0308528 0.000955771
0.0311037 0.000955736
0.0313545 0.000955664
0.0316054 0.000955523
0.0318562 0.000955382
0.032107 0.000955415
0.0323579 0.000955531
0.0326087 0.000955648
0.0328595 0.000955775
0.0331104 0.000955903
0.0333612 0.000956032
0.033612 0.00095616
0.0338629 0.000956292
0.0341137 0.000956429
0.0343645 0.000956565
0.0346154 0.000956708
0.0348662 0.000956854
0.0351171 0.000957002
0.0353679 0.000957149
0.0356187 0.000957297
0.0358696 0.000957443
0.0361204 0.000957588
0.0363712 0.000957733
0.0366221 0.000957886
0.0368729 0.000958041
0.0371237 0.000958198
0.0373746 0.000958354
0.0376254 0.000958511
0.0378763 0.000958661
0.0381271 0.00095881
0.0383779 0.000958959
0.0386288 0.000959114
0.0388796 0.000959272
0.0391304 0.000959432
0.0393813 0.000959592
0.0396321 0.000959753
0.0398829 0.000959908
0.0401338 0.000960052
0.0403846 0.000960196
0.0406355 0.000960341
0.0408863 0.000960494
0.0411371 0.000960648
0.041388 0.000960804
0.0416388 0.000960961
0.0418896 0.000961117
0.0421405 0.000961268
0.0423913 0.000961409
0.0426421 0.00096155
0.042893 0.000961691
0.0431438 0.00096184
0.0433946 0.00096199
0.0436455 0.000962142
0.0438963 0.000962296
0.0441472 0.000962449
0.044398 0.000962603
0.0446488 0.000962734
0.0448997 0.000962862
0.0451505 0.000962991
0.0454013 0.000963121
0.0456522 0.000963258
0.045903 0.000963396
0.0461538 0.000963537
0.0464047 0.000963679
0.0466555 0.00096382
0.0469064 0.000963962
0.0471572 0.000964093
0.047408 0.000964222
0.0476589 0.000964351
0.0479097 0.00096448
0.0481605 0.000964617
0.0484114 0.000964755
0.0486622 0.000964895
0.048913 0.000965038
0.0491639 0.00096518
0.0494147 0.000965323
0.0496656 0.000965467
0.0499164 0.000965615
0.0501672 0.000965763
0.0504181 0.000965912
0.0506689 0.000966061
0.0509197 0.000966215
0.0511706 0.00096637
0.0514214 0.000966528
0.0516722 0.000966689
0.0519231 0.00096685
0.0521739 0.000967012
0.0524247 0.000967192
0.0526756 0.000967586
0.0529264 0.00096798
0.0531773 0.000968374
0.0534281 0.000968768
0.0536789 0.000969157
0.0539298 0.000969544
0.0541806 0.000969931
0.0544314 0.000970327
0.0546823 0.000970724
0.0549331 0.000971121
0.0551839 0.000971518
0.0554348 0.000972292
0.0556856 0.000974174
0.0559365 0.000976055
0.0561873 0.000977936
0.0564381 0.000979818
0.056689 0.000981653
0.0569398 0.000983462
0.0571906 0.000985271
0.0574415 0.000987093
0.0576923 0.000988922
0.0579431 0.00099075
0.058194 0.000992578
0.0584448 0.000994407
0.0586957 0.00100251
0.0589465 0.00101268
0.0591973 0.00102285
0.0594482 0.00103303
0.059699 0.0010432
0.0599498 0.00105307
0.0602007 0.0010629
0.0604515 0.00107272
0.0607023 0.00108255
0.0609532 0.00109236
0.061204 0.00110218
0.0614548 0.001112
0.0617057 0.00112182
0.0619565 0.00115155
0.0622074 0.00119834
0.0624582 0.00124513
0.062709 0.00129193
0.0629599 0.00133872
0.0632107 0.00138507
0.0634615 0.00143071
0.0637124 0.00147636
0.0639632 0.00152194
0.064214 0.0015671
0.0644649 0.00161226
0.0647157 0.00165742
0.0649666 0.00170258
0.0652174 0.00174774
0.0654682 0.00185466
0.0657191 0.00200725
0.0659699 0.00215983
0.0662207 0.00231241
0.0664716 0.00246499
0.0667224 0.00261727
0.0669732 0.00276748
0.0672241 0.00291769
0.0674749 0.0030679
0.0677258 0.00321621
0.0679766 0.00336364
0.0682274 0.00351106
0.0684783 0.00365848
0.0687291 0.00380591
0.0689799 0.00395333
0.0692308 0.0041862
0.0694816 0.0044381
0.0697324 0.00468999
0.0699833 0.00494189
0.0702341 0.00519379
0.0704849 0.00544552
0.0707358 0.00569472
0.0709866 0.00594392
0.0712375 0.00619312
0.0714883 0.00644001
0.0717391 0.0066837
0.07199 0.00692739
0.0722408 0.00717108
0.0724916 0.00741477
0.0727425 0.00765846
0.0729933 0.00784799
0.0732441 0.00784797
0.073495 0.00784795
0.0737458 0.00784793
0.0739967 0.00784791
0.0742475 0.00784788
0.0744983 0.00784787
0.0747492 0.00784787
