0 0.00142447
0.000250836 0.00142655
0.000501672 0.00143528
0.000752508 0.00145859
0.00100334 0.00150212
0.00125418 0.00156613
0.00150502 0.00164855
0.00175585 0.00174601
0.00200669 0.00185258
0.00225753 0.00196164
0.00250836 0.00206891
0.0027592 0.00217171
0.00301003 0.00226678
0.00326087 0.00235277
0.00351171 0.00242832
0.00376254 0.00249306
0.00401338 0.00254537
0.00426421 0.00258577
0.00451505 0.00261461
0.00476589 0.00263212
0.00501672 0.00263865
0.00526756 0.00263265
0.00551839 0.00261566
0.00576923 0.00258826
0.00602007 0.0025516
0.0062709 0.00250684
0.00652174 0.00245132
0.00677258 0.00238515
0.00702341 0.00231387
0.00727425 0.00223461
0.00752508 0.0021434
0.00777592 0.00205138
0.00802676 0.00194753
0.00827759 0.00183959
0.00852843 0.00172727
0.00877926 0.00160662
0.0090301 0.00148665
0.00928094 0.00135694
0.00953177 0.00123031
0.00978261 0.00109569
0.0100334 0.000963964
0.0102843 0.000829244
0.0105351 0.000695648
0.010786 0.000566281
0.0110368 0.000439067
0.0112876 0.000317931
0.0115385 0.000223098
0.0117893 0.000133087
0.0120401 7.12505e-05
0.012291 4.09375e-05
0.0125418 1.20708e-05
0.0127926 4.59196e-06
0.0130435 2.43191e-06
0.0132943 3.3963e-07
0.0135452 2.96341e-07
0.013796 2.72381e-07
0.0140468 2.49451e-07
0.0142977 2.49397e-07
0.0145485 2.49345e-07
0.0147993 2.49295e-07
0.0150502 2.4921e-07
0.015301 2.49121e-07
0.0155518 2.49036e-07
0.0158027 2.4896e-07
0.0160535 2.48891e-07
0.0163043 2.48825e-07
0.0165552 2.4876e-07
0.016806 2.48708e-07
0.0170569 2.48656e-07
0.0173077 2.48607e-07
0.0175585 2.48561e-07
0.0178094 2.48522e-07
0.0180602 2.48484e-07
0.018311 2.48447e-07
0.0185619 2.48414e-07
0.0188127 2.48385e-07
0.0190635 2.48357e-07
0.0193144 2.4833e-07
0.0195652 2.48304e-07
0.0198161 2.48283e-07
0.0200669 2.48262e-07
0.0203177 2.48243e-07
0.0205686 2.48224e-07
0.0208194 2.48208e-07
0.0210702 2.48193e-07
0.0213211 2.48179e-07
0.0215719 2.48166e-07
0.0218227 2.48153e-07
0.0220736 2.48143e-07
0.0223244 2.48133e-07
0.0225753 2.48124e-07
0.0228261 2.48114e-07
0.0230769 2.48106e-07
0.0233278 2.48099e-07
0.0235786 2.48092e-07
0.0238294 2.48086e-07
0.0240803 2.4808e-07
0.0243311 2.48075e-07
0.0245819 2.48071e-07
0.0248328 2.48066e-07
0.0250836 2.48063e-07
0.0253344 2.48059e-07
0.0255853 2.48056e-07
0.0258361 2.48053e-07
0.026087 2.4805e-07
0.0263378 2.48048e-07
0.0265886 2.48046e-07
0.0268395 2.48045e-07
0.0270903 2.48043e-07
0.0273411 2.48042e-07
0.027592 2.48041e-07
0.0278428 2.48039e-07
0.0280936 2.48039e-07
0.0283445 2.48038e-07
0.0285953 2.48038e-07
0.0288462 2.48038e-07
0.029097 2.48037e-07
0.0293478 2.48037e-07
0.0295987 2.48037e-07
0.0298495 2.48037e-07
0.0301003 2.48038e-07
0.0303512 2.48038e-07
0.030602 2.48038e-07
0.0308528 2.48039e-07
0.0311037 2.48039e-07
0.0313545 2.4804e-07
0.0316054 2.48041e-07
0.0318562 2.48042e-07
0.032107 2.48043e-07
0.0323579 2.48044e-07
0.0326087 2.48044e-07
0.0328595 2.48045e-07
0.0331104 2.48047e-07
0.0333612 2.48048e-07
0.033612 2.48049e-07
0.0338629 2.4805e-07
0.0341137 2.48051e-07
0.0343645 2.48052e-07
0.0346154 2.48053e-07
0.0348662 2.48054e-07
0.0351171 2.48056e-07
0.0353679 2.48057e-07
0.0356187 2.48059e-07
0.0358696 2.4806e-07
0.0361204 2.48061e-07
0.0363712 2.48061e-07
0.0366221 2.48062e-07
0.0368729 2.48064e-07
0.0371237 2.48065e-07
0.0373746 2.48067e-07
0.0376254 2.48068e-07
0.0378763 2.48069e-07
0.0381271 2.4807e-07
0.0383779 2.48071e-07
0.0386288 2.48072e-07
0.0388796 2.48074e-07
0.0391304 2.48075e-07
0.0393813 2.48077e-07
0.0396321 2.48078e-07
0.0398829 2.4808e-07
0.0401338 2.48081e-07
0.0403846 2.48082e-07
0.0406355 2.48082e-07
0.0408863 2.48083e-07
0.0411371 2.48085e-07
0.041388 2.48086e-07
0.0416388 2.48088e-07
0.0418896 2.48089e-07
0.0421405 2.4809e-07
0.0423913 2.48091e-07
0.0426421 2.48092e-07
0.042893 2.48093e-07
0.0431438 2.48094e-07
0.0433946 2.48095e-07
0.0436455 2.48096e-07
0.0438963 2.48098e-07
0.0441472 2.48099e-07
0.044398 2.481e-07
0.0446488 2.48101e-07
0.0448997 2.48102e-07
0.0451505 2.48102e-07
0.0454013 2.48103e-07
0.0456522 2.48104e-07
0.045903 2.48105e-07
0.0461538 2.48106e-07
0.0464047 2.48107e-07
0.0466555 2.48109e-07
0.0469064 2.4811e-07
0.0471572 2.48111e-07
0.047408 2.48111e-07
0.0476589 2.48112e-07
0.0479097 2.48113e-07
0.0481605 2.48113e-07
0.0484114 2.48114e-07
0.0486622 2.48115e-07
0.048913 2.48117e-07
0.0491639 2.48118e-07
0.0494147 2.48119e-07
0.0496656 2.4812e-07
0.0499164 2.4812e-07
0.0501672 2.48121e-07
0.0504181 2.48121e-07
0.0506689 2.48122e-07
0.0509197 2.48122e-07
0.0511706 2.48123e-07
0.0514214 2.48124e-07
0.0516722 2.48125e-07
0.0519231 2.48126e-07
0.0521739 2.48127e-07
0.0524247 2.48128e-07
0.0526756 2.48128e-07
0.0529264 2.48129e-07
0.0531773 2.48129e-07
0.0534281 2.4813e-07
0.0536789 2.4813e-07
0.0539298 2.48131e-07
0.0541806 2.48132e-07
0.0544314 2.48133e-07
0.0546823 2.48134e-07
0.0549331 2.48135e-07
0.0551839 2.48136e-07
0.0554348 2.48137e-07
0.0556856 2.48138e-07
0.0559365 2.48138e-07
0.0561873 2.48139e-07
0.0564381 2.4814e-07
0.056689 2.48141e-07
0.0569398 2.48142e-07
0.0571906 2.48143e-07
0.0574415 2.48145e-07
0.0576923 2.48146e-07
0.0579431 2.48147e-07
0.058194 2.48149e-07
0.0584448 2.4815e-07
0.0586957 2.48167e-07
0.0589465 2.4819e-07
0.0591973 2.48212e-07
0.0594482 2.48235e-07
0.059699 2.48257e-07
0.0599498 2.4828e-07
0.0602007 2.48302e-07
0.0604515 2.48325e-07
0.0607023 2.48347e-07
0.0609532 2.48369e-07
0.061204 2.48392e-07
0.0614548 2.48414e-07
0.0617057 2.48437e-07
0.0619565 2.48786e-07
0.0622074 2.49417e-07
0.0624582 2.50047e-07
0.062709 2.50678e-07
0.0629599 2.51308e-07
0.0632107 2.51939e-07
0.0634615 2.52569e-07
0.0637124 2.53188e-07
0.0639632 2.53803e-07
0.064214 2.54419e-07
0.0644649 2.55034e-07
0.0647157 2.5565e-07
0.0649666 2.56265e-07
0.0652174 2.56881e-07
0.0654682 2.67667e-07
0.0657191 2.85972e-07
0.0659699 3.04277e-07
0.0662207 3.22582e-07
0.0664716 3.40887e-07
0.0667224 3.59192e-07
0.0669732 3.77497e-07
0.0672241 3.95594e-07
0.0674749 4.13464e-07
0.0677258 4.31334e-07
0.0679766 4.49204e-07
0.0682274 4.67074e-07
0.0684783 4.84945e-07
0.0687291 5.02815e-07
0.0689799 5.20685e-07
0.0692308 1.57955e-06
0.0694816 2.87028e-06
0.0697324 4.16102e-06
0.0699833 5.45175e-06
0.0702341 6.74248e-06
0.0704849 8.03322e-06
0.0707358 9.32395e-06
0.0709866 1.06056e-05
0.0712375 1.18667e-05
0.0714883 1.31278e-05
0.0717391 1.4389e-05
0.07199 1.56501e-05
0.0722408 1.69112e-05
0.0724916 1.81723e-05
0.0727425 1.94334e-05
0.0729933 2.01931e-05
0.0732441 1.91977e-05
0.073495 1.82023e-05
0.0737458 1.72069e-05
0.0739967 1.62115e-05
0.0742475 1.52161e-05
0.0744983 1.42207e-05
0.0747492 1.32253e-05
