0 1.24107
0.000250836 1.24091
0.000501672 1.24063
0.000752508 1.24025
0.00100334 1.23976
0.00125418 1.23915
0.00150502 1.23845
0.00175585 1.23764
0.00200669 1.23673
0.00225753 1.23574
0.00250836 1.23467
0.0027592 1.23353
0.00301003 1.23231
0.00326087 1.23104
0.00351171 1.22972
0.00376254 1.22835
0.00401338 1.22695
0.00426421 1.2255
0.00451505 1.22403
0.00476589 1.22255
0.00501672 1.22103
0.00526756 1.21952
0.00551839 1.21798
0.00576923 1.21645
0.00602007 1.21492
0.0062709 1.2134
0.00652174 1.21187
0.00677258 1.21035
0.00702341 1.20884
0.00727425 1.20734
0.00752508 1.20585
0.00777592 1.20439
0.00802676 1.20292
0.00827759 1.20149
0.00852843 1.20007
0.00877926 1.19867
0.0090301 1.1973
0.00928094 1.19594
0.00953177 1.19459
0.00978261 1.19328
0.0100334 1.19199
0.0102843 1.19073
0.0105351 1.18947
0.010786 1.18826
0.0110368 1.18706
0.0112876 1.18589
0.0115385 1.18474
0.0117893 1.18361
0.0120401 1.18252
0.012291 1.18145
0.0125418 1.18041
0.0127926 1.1794
0.0130435 1.17841
0.0132943 1.17745
0.0135452 1.17653
0.013796 1.17563
0.0140468 1.17475
0.0142977 1.17393
0.0145485 1.17312
0.0147993 1.17232
0.0150502 1.17159
0.015301 1.17088
0.0155518 1.17018
0.0158027 1.16952
0.0160535 1.16892
0.0163043 1.16832
0.0165552 1.16774
0.016806 1.16725
0.0170569 1.16679
0.0173077 1.16632
0.0175585 1.16591
0.0178094 1.1656
0.0180602 1.16531
0.018311 1.16501
0.0185619 1.16479
0.0188127 1.16469
0.0190635 1.1646
0.0193144 1.16451
0.0195652 1.16443
0.0198161 1.16442
0.0200669 1.16442
0.0203177 1.16441
0.0205686 1.1644
0.0208194 1.1644
0.0210702 1.1644
0.0213211 1.1644
0.0215719 1.1644
0.0218227 1.1644
0.0220736 1.1644
0.0223244 1.1644
0.0225753 1.1644
0.0228261 1.1644
0.0230769 1.1644
0.0233278 1.1644
0.0235786 1.1644
0.0238294 1.1644
0.0240803 1.1644
0.0243311 1.1644
0.0245819 1.1644
0.0248328 1.1644
0.0250836 1.1644
0.0253344 1.1644
0.0255853 1.1644
0.0258361 1.1644
0.026087 1.1644
0.0263378 1.1644
0.0265886 1.1644
0.0268395 1.1644
0.0270903 1.1644
0.0273411 1.1644
0.027592 1.1644
0.0278428 1.1644
0.0280936 1.1644
0.0283445 1.1644
0.0285953 1.1644
0.0288462 1.1644
0.029097 1.1644
0.0293478 1.1644
0.0295987 1.1644
0.0298495 1.1644
0.0301003 1.1644
0.0303512 1.1644
0.030602 1.1644
0.0308528 1.1644
0.0311037 1.1644
0.0313545 1.1644
0.0316054 1.1644
0.0318562 1.1644
0.032107 1.1644
0.0323579 1.1644
0.0326087 1.1644
0.0328595 1.1644
0.0331104 1.1644
0.0333612 1.1644
0.033612 1.1644
0.0338629 1.1644
0.0341137 1.1644
0.0343645 1.1644
0.0346154 1.1644
0.0348662 1.1644
0.0351171 1.1644
0.0353679 1.1644
0.0356187 1.1644
0.0358696 1.1644
0.0361204 1.1644
0.0363712 1.1644
0.0366221 1.1644
0.0368729 1.1644
0.0371237 1.1644
0.0373746 1.1644
0.0376254 1.1644
0.0378763 1.1644
0.0381271 1.1644
0.0383779 1.1644
0.0386288 1.1644
0.0388796 1.1644
0.0391304 1.1644
0.0393813 1.1644
0.0396321 1.1644
0.0398829 1.1644
0.0401338 1.1644
0.0403846 1.1644
0.0406355 1.1644
0.0408863 1.1644
0.0411371 1.1644
0.041388 1.1644
0.0416388 1.1644
0.0418896 1.1644
0.0421405 1.1644
0.0423913 1.1644
0.0426421 1.1644
0.042893 1.1644
0.0431438 1.1644
0.0433946 1.1644
0.0436455 1.1644
0.0438963 1.1644
0.0441472 1.1644
0.044398 1.1644
0.0446488 1.1644
0.0448997 1.1644
0.0451505 1.1644
0.0454013 1.1644
0.0456522 1.1644
0.045903 1.1644
0.0461538 1.1644
0.0464047 1.1644
0.0466555 1.1644
0.0469064 1.1644
0.0471572 1.1644
0.047408 1.1644
0.0476589 1.1644
0.0479097 1.1644
0.0481605 1.1644
0.0484114 1.1644
0.0486622 1.1644
0.048913 1.1644
0.0491639 1.1644
0.0494147 1.1644
0.0496656 1.1644
0.0499164 1.1644
0.0501672 1.1644
0.0504181 1.1644
0.0506689 1.1644
0.0509197 1.1644
0.0511706 1.1644
0.0514214 1.1644
0.0516722 1.1644
0.0519231 1.1644
0.0521739 1.1644
0.0524247 1.1644
0.0526756 1.1644
0.0529264 1.1644
0.0531773 1.1644
0.0534281 1.1644
0.0536789 1.1644
0.0539298 1.1644
0.0541806 1.1644
0.0544314 1.1644
0.0546823 1.1644
0.0549331 1.1644
0.0551839 1.1644
0.0554348 1.1644
0.0556856 1.1644
0.0559365 1.1644
0.0561873 1.1644
0.0564381 1.1644
0.056689 1.1644
0.0569398 1.1644
0.0571906 1.1644
0.0574415 1.1644
0.0576923 1.1644
0.0579431 1.1644
0.058194 1.1644
0.0584448 1.1644
0.0586957 1.1644
0.0589465 1.1644
0.0591973 1.1644
0.0594482 1.1644
0.059699 1.1644
0.0599498 1.1644
0.0602007 1.1644
0.0604515 1.1644
0.0607023 1.1644
0.0609532 1.1644
0.061204 1.1644
0.0614548 1.1644
0.0617057 1.1644
0.0619565 1.1644
0.0622074 1.1644
0.0624582 1.1644
0.062709 1.1644
0.0629599 1.1644
0.0632107 1.1644
0.0634615 1.1644
0.0637124 1.1644
0.0639632 1.1644
0.064214 1.1644
0.0644649 1.1644
0.0647157 1.1644
0.0649666 1.1644
0.0652174 1.1644
0.0654682 1.1644
0.0657191 1.1644
0.0659699 1.1644
0.0662207 1.1644
0.0664716 1.1644
0.0667224 1.1644
0.0669732 1.1644
0.0672241 1.1644
0.0674749 1.1644
0.0677258 1.1644
0.0679766 1.1644
0.0682274 1.1644
0.0684783 1.1644
0.0687291 1.1644
0.0689799 1.1644
0.0692308 1.1644
0.0694816 1.1644
0.0697324 1.1644
0.0699833 1.1644
0.0702341 1.1644
0.0704849 1.1644
0.0707358 1.1644
0.0709866 1.1644
0.0712375 1.1644
0.0714883 1.1644
0.0717391 1.1644
0.07199 1.1644
0.0722408 1.1644
0.0724916 1.1644
0.0727425 1.1644
0.0729933 1.1644
0.0732441 1.1644
0.073495 1.1644
0.0737458 1.1644
0.0739967 1.1644
0.0742475 1.1644
0.0744983 1.1644
0.0747492 1.1644
