0 1.1807
0.000250836 1.18066
0.000501672 1.1806
0.000752508 1.18056
0.00100334 1.18052
0.00125418 1.18049
0.00150502 1.18047
0.00175585 1.18044
0.00200669 1.18041
0.00225753 1.18038
0.00250836 1.18035
0.0027592 1.18033
0.00301003 1.18029
0.00326087 1.18026
0.00351171 1.18023
0.00376254 1.18019
0.00401338 1.18016
0.00426421 1.18013
0.00451505 1.18009
0.00476589 1.18005
0.00501672 1.18001
0.00526756 1.17997
0.00551839 1.17992
0.00576923 1.17988
0.00602007 1.17983
0.0062709 1.17979
0.00652174 1.17974
0.00677258 1.17969
0.00702341 1.17964
0.00727425 1.17959
0.00752508 1.17954
0.00777592 1.17948
0.00802676 1.17943
0.00827759 1.17937
0.00852843 1.17931
0.00877926 1.17925
0.0090301 1.17919
0.00928094 1.17913
0.00953177 1.17907
0.00978261 1.17901
0.0100334 1.17894
0.0102843 1.17888
0.0105351 1.17881
0.010786 1.17874
0.0110368 1.17867
0.0112876 1.1786
0.0115385 1.17853
0.0117893 1.17846
0.0120401 1.17839
0.012291 1.17831
0.0125418 1.17824
0.0127926 1.17816
0.0130435 1.17808
0.0132943 1.17801
0.0135452 1.17793
0.013796 1.17785
0.0140468 1.17777
0.0142977 1.17768
0.0145485 1.1776
0.0147993 1.17752
0.0150502 1.17744
0.015301 1.17735
0.0155518 1.17727
0.0158027 1.17719
0.0160535 1.1771
0.0163043 1.17701
0.0165552 1.17692
0.016806 1.17683
0.0170569 1.17674
0.0173077 1.17665
0.0175585 1.17656
0.0178094 1.17647
0.0180602 1.17637
0.018311 1.17629
0.0185619 1.17619
0.0188127 1.1761
0.0190635 1.176
0.0193144 1.17591
0.0195652 1.17582
0.0198161 1.17572
0.0200669 1.17563
0.0203177 1.17553
0.0205686 1.17544
0.0208194 1.17534
0.0210702 1.17524
0.0213211 1.17515
0.0215719 1.17505
0.0218227 1.17496
0.0220736 1.17485
0.0223244 1.17475
0.0225753 1.17465
0.0228261 1.17456
0.0230769 1.17446
0.0233278 1.17436
0.0235786 1.17426
0.0238294 1.17416
0.0240803 1.17406
0.0243311 1.17397
0.0245819 1.17386
0.0248328 1.17376
0.0250836 1.17366
0.0253344 1.17356
0.0255853 1.17346
0.0258361 1.17336
0.026087 1.17326
0.0263378 1.17315
0.0265886 1.17305
0.0268395 1.17296
0.0270903 1.17286
0.0273411 1.17276
0.027592 1.17265
0.0278428 1.17255
0.0280936 1.17245
0.0283445 1.17235
0.0285953 1.17225
0.0288462 1.17215
0.029097 1.17205
0.0293478 1.17195
0.0295987 1.17184
0.0298495 1.17175
0.0301003 1.17165
0.0303512 1.17155
0.030602 1.17145
0.0308528 1.17135
0.0311037 1.17125
0.0313545 1.17115
0.0316054 1.17105
0.0318562 1.17096
0.032107 1.17086
0.0323579 1.17076
0.0326087 1.17066
0.0328595 1.17056
0.0331104 1.17046
0.0333612 1.17037
0.033612 1.17028
0.0338629 1.17018
0.0341137 1.17008
0.0343645 1.16998
0.0346154 1.16988
0.0348662 1.16979
0.0351171 1.16969
0.0353679 1.1696
0.0356187 1.1695
0.0358696 1.16941
0.0361204 1.16931
0.0363712 1.16922
0.0366221 1.16912
0.0368729 1.16903
0.0371237 1.16894
0.0373746 1.16885
0.0376254 1.16876
0.0378763 1.16867
0.0381271 1.16858
0.0383779 1.16849
0.0386288 1.1684
0.0388796 1.16831
0.0391304 1.16822
0.0393813 1.16813
0.0396321 1.16805
0.0398829 1.16796
0.0401338 1.16787
0.0403846 1.16779
0.0406355 1.1677
0.0408863 1.16761
0.0411371 1.16753
0.041388 1.16745
0.0416388 1.16737
0.0418896 1.16728
0.0421405 1.1672
0.0423913 1.16712
0.0426421 1.16704
0.042893 1.16696
0.0431438 1.16688
0.0433946 1.1668
0.0436455 1.16672
0.0438963 1.16664
0.0441472 1.16657
0.044398 1.16649
0.0446488 1.16642
0.0448997 1.16635
0.0451505 1.16627
0.0454013 1.1662
0.0456522 1.16613
0.045903 1.16606
0.0461538 1.166
0.0464047 1.16593
0.0466555 1.16586
0.0469064 1.16579
0.0471572 1.16573
0.047408 1.16567
0.0476589 1.1656
0.0479097 1.16554
0.0481605 1.16548
0.0484114 1.16542
0.0486622 1.16536
0.048913 1.1653
0.0491639 1.16524
0.0494147 1.16519
0.0496656 1.16513
0.0499164 1.16508
0.0501672 1.16504
0.0504181 1.16499
0.0506689 1.16495
0.0509197 1.1649
0.0511706 1.16486
0.0514214 1.16482
0.0516722 1.16477
0.0519231 1.16473
0.0521739 1.16469
0.0524247 1.16465
0.0526756 1.16463
0.0529264 1.16461
0.0531773 1.16459
0.0534281 1.16457
0.0536789 1.16455
0.0539298 1.16453
0.0541806 1.16451
0.0544314 1.1645
0.0546823 1.16448
0.0549331 1.16446
0.0551839 1.16444
0.0554348 1.16443
0.0556856 1.16442
0.0559365 1.16442
0.0561873 1.16442
0.0564381 1.16442
0.056689 1.16441
0.0569398 1.16441
0.0571906 1.16441
0.0574415 1.16441
0.0576923 1.16441
0.0579431 1.16441
0.058194 1.1644
0.0584448 1.1644
0.0586957 1.1644
0.0589465 1.1644
0.0591973 1.1644
0.0594482 1.1644
0.059699 1.1644
0.0599498 1.1644
0.0602007 1.1644
0.0604515 1.1644
0.0607023 1.1644
0.0609532 1.1644
0.061204 1.1644
0.0614548 1.1644
0.0617057 1.1644
0.0619565 1.1644
0.0622074 1.1644
0.0624582 1.1644
0.062709 1.1644
0.0629599 1.1644
0.0632107 1.1644
0.0634615 1.1644
0.0637124 1.1644
0.0639632 1.1644
0.064214 1.1644
0.0644649 1.1644
0.0647157 1.1644
0.0649666 1.1644
0.0652174 1.1644
0.0654682 1.1644
0.0657191 1.1644
0.0659699 1.1644
0.0662207 1.1644
0.0664716 1.1644
0.0667224 1.1644
0.0669732 1.1644
0.0672241 1.1644
0.0674749 1.1644
0.0677258 1.1644
0.0679766 1.1644
0.0682274 1.1644
0.0684783 1.1644
0.0687291 1.1644
0.0689799 1.1644
0.0692308 1.1644
0.0694816 1.1644
0.0697324 1.1644
0.0699833 1.1644
0.0702341 1.1644
0.0704849 1.1644
0.0707358 1.1644
0.0709866 1.1644
0.0712375 1.1644
0.0714883 1.1644
0.0717391 1.1644
0.07199 1.1644
0.0722408 1.1644
0.0724916 1.1644
0.0727425 1.1644
0.0729933 1.1644
0.0732441 1.1644
0.073495 1.1644
0.0737458 1.1644
0.0739967 1.1644
0.0742475 1.1644
0.0744983 1.1644
0.0747492 1.1644
