0 0.00474841
0.000250836 0.00474796
0.000501672 0.00474706
0.000752508 0.00474616
0.00100334 0.00474551
0.00125418 0.00474504
0.00150502 0.00474449
0.00175585 0.00474393
0.00200669 0.00474342
0.00225753 0.00474292
0.00250836 0.00474234
0.0027592 0.00474166
0.00301003 0.0047409
0.00326087 0.00474005
0.00351171 0.00473911
0.00376254 0.00473809
0.00401338 0.00473696
0.00426421 0.00473575
0.00451505 0.00473445
0.00476589 0.00473307
0.00501672 0.00473159
0.00526756 0.00473003
0.00551839 0.00472836
0.00576923 0.00472661
0.00602007 0.00472475
0.0062709 0.00472282
0.00652174 0.00472073
0.00677258 0.0047185
0.00702341 0.00471618
0.00727425 0.00471374
0.00752508 0.00471108
0.00777592 0.00470837
0.00802676 0.00470539
0.00827759 0.00470231
0.00852843 0.00469907
0.00877926 0.00469558
0.0090301 0.00469202
0.00928094 0.00468809
0.00953177 0.00468414
0.00978261 0.00467978
0.0100334 0.00467537
0.0102843 0.0046706
0.0105351 0.00466562
0.010786 0.00466052
0.0110368 0.00465493
0.0112876 0.00464953
0.0115385 0.00464323
0.0117893 0.00463704
0.0120401 0.00463054
0.012291 0.00462353
0.0125418 0.00461672
0.0127926 0.00460899
0.0130435 0.00460116
0.0132943 0.0045936
0.0135452 0.00458468
0.013796 0.00457589
0.0140468 0.00456742
0.0142977 0.00455739
0.0145485 0.00454753
0.0147993 0.00453802
0.0150502 0.00452696
0.015301 0.00451591
0.0155518 0.0045051
0.0158027 0.00449338
0.0160535 0.00448092
0.0163043 0.00446855
0.0165552 0.00445664
0.016806 0.00444253
0.0170569 0.0044287
0.0173077 0.00441509
0.0175585 0.00440101
0.0178094 0.00438535
0.0180602 0.00436991
0.018311 0.00435482
0.0185619 0.00433888
0.0188127 0.00432144
0.0190635 0.00430425
0.0193144 0.00428738
0.0195652 0.00427007
0.0198161 0.00425062
0.0200669 0.00423151
0.0203177 0.00421249
0.0205686 0.00419428
0.0208194 0.00417291
0.0210702 0.00415163
0.0213211 0.00413047
0.0215719 0.00410983
0.0218227 0.00408855
0.0220736 0.00406467
0.0223244 0.00404129
0.0225753 0.00401791
0.0228261 0.0039953
0.0230769 0.00397135
0.0233278 0.00394507
0.0235786 0.00391933
0.0238294 0.00389358
0.0240803 0.00386857
0.0243311 0.00384294
0.0245819 0.00381403
0.0248328 0.00378569
0.0250836 0.00375744
0.0253344 0.00372951
0.0255853 0.00370253
0.0258361 0.0036719
0.026087 0.00364052
0.0263378 0.00360963
0.0265886 0.00357873
0.0268395 0.00354862
0.0270903 0.003519
0.0273411 0.00348454
0.027592 0.00345047
0.0278428 0.00341681
0.0280936 0.00338314
0.0283445 0.0033503
0.0285953 0.00331811
0.0288462 0.0032811
0.029097 0.00324397
0.0293478 0.00320743
0.0295987 0.00317089
0.0298495 0.00313469
0.0301003 0.00309973
0.0303512 0.00306212
0.030602 0.00302167
0.0308528 0.00298196
0.0311037 0.00294245
0.0313545 0.00290295
0.0316054 0.00286429
0.0318562 0.00282646
0.032107 0.00278477
0.0323579 0.00274122
0.0326087 0.00269856
0.0328595 0.00265601
0.0331104 0.00261347
0.0333612 0.00257167
0.033612 0.00253091
0.0338629 0.00248731
0.0341137 0.00244062
0.0343645 0.00239456
0.0346154 0.00234895
0.0348662 0.00230334
0.0351171 0.00225773
0.0353679 0.00221386
0.0356187 0.00217014
0.0358696 0.00212113
0.0361204 0.00207138
0.0363712 0.00202264
0.0366221 0.00197405
0.0368729 0.00192546
0.0371237 0.00187688
0.0373746 0.00183025
0.0376254 0.00178362
0.0378763 0.00173217
0.0381271 0.00167983
0.0383779 0.00162837
0.0386288 0.00157725
0.0388796 0.00152614
0.0391304 0.00147502
0.0393813 0.00142518
0.0396321 0.00137608
0.0398829 0.00132517
0.0401338 0.00127095
0.0403846 0.00121687
0.0406355 0.00116397
0.0408863 0.00111107
0.0411371 0.00105816
0.041388 0.00100526
0.0416388 0.000953929
0.0418896 0.000903015
0.0421405 0.000850889
0.0423913 0.000796763
0.0426421 0.00074265
0.042893 0.000690168
0.0431438 0.000637687
0.0433946 0.000585205
0.0436455 0.000532723
0.0438963 0.000480954
0.0441472 0.00043008
0.044398 0.000379205
0.0446488 0.000342998
0.0448997 0.000308539
0.0451505 0.000275444
0.0454013 0.000244484
0.0456522 0.000213523
0.045903 0.000182563
0.0461538 0.000151602
0.0464047 0.000119815
0.0466555 8.73928e-05
0.0469064 5.49703e-05
0.0471572 4.60737e-05
0.047408 4.0671e-05
0.0476589 3.55645e-05
0.0479097 3.14788e-05
0.0481605 2.73931e-05
0.0484114 2.33074e-05
0.0486622 1.92216e-05
0.048913 1.50091e-05
0.0491639 9.91881e-06
0.0494147 4.82857e-06
0.0496656 1.12698e-06
0.0499164 1.0249e-06
0.0501672 9.22826e-07
0.0504181 8.40781e-07
0.0506689 7.80242e-07
0.0509197 7.19704e-07
0.0511706 6.59165e-07
0.0514214 5.98626e-07
0.0516722 5.34723e-07
0.0519231 4.38387e-07
0.0521739 3.42051e-07
0.0524247 2.54632e-07
0.0526756 2.64178e-07
0.0529264 2.73725e-07
0.0531773 2.8323e-07
0.0534281 2.92457e-07
0.0536789 3.01684e-07
0.0539298 3.10911e-07
0.0541806 3.20138e-07
0.0544314 3.29365e-07
0.0546823 3.38497e-07
0.0549331 3.47504e-07
0.0551839 3.56511e-07
0.0554348 3.71518e-07
0.0556856 4.0415e-07
0.0559365 4.36781e-07
0.0561873 4.69199e-07
0.0564381 5.00197e-07
0.056689 5.31196e-07
0.0569398 5.62195e-07
0.0571906 5.93194e-07
0.0574415 6.24193e-07
0.0576923 6.55173e-07
0.0579431 6.86004e-07
0.058194 7.16835e-07
0.0584448 7.47667e-07
0.0586957 8.26196e-07
0.0589465 9.20498e-07
0.0591973 1.0148e-06
0.0594482 1.1073e-06
0.059699 1.19761e-06
0.0599498 1.28792e-06
0.0602007 1.37824e-06
0.0604515 1.46855e-06
0.0607023 1.55886e-06
0.0609532 1.64907e-06
0.061204 1.73829e-06
0.0614548 1.82751e-06
0.0617057 1.91673e-06
0.0619565 2.07626e-06
0.0622074 2.29602e-06
0.0624582 2.51578e-06
0.062709 2.73517e-06
0.0629599 2.94763e-06
0.0632107 3.1601e-06
0.0634615 3.37257e-06
0.0637124 3.58504e-06
0.0639632 3.79751e-06
0.064214 4.00998e-06
0.0644649 4.22104e-06
0.0647157 4.42925e-06
0.0649666 4.63746e-06
0.0652174 4.84567e-06
0.0654682 5.13701e-06
0.0657191 5.48982e-06
0.0659699 5.84262e-06
0.0662207 6.19543e-06
0.0664716 6.54102e-06
0.0667224 6.88571e-06
0.0669732 7.23041e-06
0.0672241 7.5751e-06
0.0674749 7.91979e-06
0.0677258 8.26448e-06
0.0679766 8.60918e-06
0.0682274 8.94606e-06
0.0684783 9.28081e-06
0.0687291 9.61557e-06
0.0689799 9.95032e-06
0.0692308 1.02223e-05
0.0694816 1.04804e-05
0.0697324 1.07384e-05
0.0699833 1.09964e-05
0.0702341 1.12521e-05
0.0704849 1.15076e-05
0.0707358 1.17631e-05
0.0709866 1.20186e-05
0.0712375 1.22741e-05
0.0714883 1.25295e-05
0.0717391 1.2785e-05
0.07199 1.30362e-05
0.0722408 1.32814e-05
0.0724916 1.35267e-05
0.0727425 1.37719e-05
0.0729933 1.3793e-05
0.0732441 1.30299e-05
0.073495 1.22667e-05
0.0737458 1.15035e-05
0.0739967 1.06352e-05
0.0742475 8.87406e-06
0.0744983 7.11288e-06
0.0747492 5.35169e-06
