0 76.8951
0.000250836 76.7861
0.000501672 76.6248
0.000752508 76.5191
0.00100334 76.4514
0.00125418 76.4004
0.00150502 76.3592
0.00175585 76.3294
0.00200669 76.3098
0.00225753 76.2984
0.00250836 76.295
0.0027592 76.2999
0.00301003 76.3126
0.00326087 76.3318
0.00351171 76.3571
0.00376254 76.3882
0.00401338 76.4248
0.00426421 76.4658
0.00451505 76.5105
0.00476589 76.5582
0.00501672 76.6085
0.00526756 76.6605
0.00551839 76.7139
0.00576923 76.7672
0.00602007 76.8203
0.0062709 76.8725
0.00652174 76.9237
0.00677258 76.9724
0.00702341 77.0185
0.00727425 77.0618
0.00752508 77.1002
0.00777592 77.1352
0.00802676 77.1642
0.00827759 77.1879
0.00852843 77.2059
0.00877926 77.2156
0.0090301 77.2207
0.00928094 77.2143
0.00953177 77.2039
0.00978261 77.18
0.0100334 77.1505
0.0102843 77.109
0.0105351 77.0564
0.010786 76.9984
0.0110368 76.9203
0.0112876 76.8464
0.0115385 76.7401
0.0117893 76.6331
0.0120401 76.5153
0.012291 76.3737
0.0125418 76.2379
0.0127926 76.0694
0.0130435 75.8895
0.0132943 75.7207
0.0135452 75.501
0.013796 75.2792
0.0140468 75.0708
0.0142977 74.8047
0.0145485 74.537
0.0147993 74.2844
0.0150502 73.9774
0.015301 73.66
0.0155518 73.3537
0.0158027 73.0185
0.0160535 72.6489
0.0163043 72.2788
0.0165552 71.9319
0.016806 71.5077
0.0170569 71.082
0.0173077 70.6671
0.0175585 70.2424
0.0178094 69.7603
0.0180602 69.2773
0.018311 68.8112
0.0185619 68.3235
0.0188127 67.7831
0.0190635 67.2421
0.0193144 66.7166
0.0195652 66.1861
0.0198161 65.588
0.0200669 64.9896
0.0203177 64.3951
0.0205686 63.8382
0.0208194 63.1923
0.0210702 62.5385
0.0213211 61.8847
0.0215719 61.2548
0.0218227 60.6171
0.0220736 59.9108
0.0223244 59.2055
0.0225753 58.5003
0.0228261 57.8288
0.0230769 57.132
0.0233278 56.3791
0.0235786 55.628
0.0238294 54.8769
0.0240803 54.1566
0.0243311 53.4325
0.0245819 52.6402
0.0248328 51.8505
0.0250836 51.0612
0.0253344 50.2846
0.0255853 49.5455
0.0258361 48.7412
0.026087 47.9207
0.0263378 47.1028
0.0265886 46.285
0.0268395 45.496
0.0270903 44.7275
0.0273411 43.8874
0.027592 43.0501
0.0278428 42.2154
0.0280936 41.3808
0.0283445 40.5743
0.0285953 39.7899
0.0288462 38.95
0.029097 38.1076
0.0293478 37.2697
0.0295987 36.4318
0.0298495 35.6043
0.0301003 34.8152
0.0303512 34.0047
0.030602 33.1712
0.0308528 32.3438
0.0311037 31.5181
0.0313545 30.6924
0.0316054 29.8901
0.0318562 29.1108
0.032107 28.3138
0.0323579 27.5084
0.0326087 26.7109
0.0328595 25.9146
0.0331104 25.1182
0.0333612 24.3395
0.033612 23.586
0.0338629 22.8301
0.0341137 22.0716
0.0343645 21.319
0.0346154 20.5707
0.0348662 19.8224
0.0351171 19.0741
0.0353679 18.3609
0.0356187 17.6507
0.0358696 16.961
0.0361204 16.2741
0.0363712 15.5978
0.0366221 14.9231
0.0368729 14.2484
0.0371237 13.5737
0.0373746 12.93
0.0376254 12.2863
0.0378763 11.6944
0.0381271 11.1122
0.0383779 10.5397
0.0386288 9.97092
0.0388796 9.40217
0.0391304 8.83342
0.0393813 8.27902
0.0396321 7.73288
0.0398829 7.2211
0.0401338 6.77276
0.0403846 6.32602
0.0406355 5.89232
0.0408863 5.45862
0.0411371 5.02492
0.041388 4.59122
0.0416388 4.1676
0.0418896 3.74665
0.0421405 3.37842
0.0423913 3.09714
0.0426421 2.81601
0.042893 2.55094
0.0431438 2.28587
0.0433946 2.02079
0.0436455 1.75572
0.0438963 1.49097
0.0441472 1.22662
0.044398 0.962268
0.0446488 0.850912
0.0448997 0.757798
0.0451505 0.669454
0.0454013 0.58857
0.0456522 0.507687
0.045903 0.426804
0.0461538 0.345921
0.0464047 0.261233
0.0466555 0.173623
0.0469064 0.0860128
0.0471572 0.0676685
0.047408 0.0596115
0.0476589 0.052017
0.0479097 0.0460169
0.0481605 0.0400167
0.0484114 0.0340165
0.0486622 0.0280163
0.048913 0.0218152
0.0491639 0.0142239
0.0494147 0.00663269
0.0496656 0.00112482
0.0499164 0.00101724
0.0501672 0.000909654
0.0504181 0.000821707
0.0506689 0.000754841
0.0509197 0.000687974
0.0511706 0.000621108
0.0514214 0.000554241
0.0516722 0.000484119
0.0519231 0.000382597
0.0521739 0.000281075
0.0524247 0.000188395
0.0526756 0.00019187
0.0529264 0.000195344
0.0531773 0.000198825
0.0534281 0.000202356
0.0536789 0.000205887
0.0539298 0.000209417
0.0541806 0.000212948
0.0544314 0.000216479
0.0546823 0.0002199
0.0549331 0.000223179
0.0551839 0.000226459
0.0554348 0.00023173
0.0556856 0.000242852
0.0559365 0.000253973
0.0561873 0.000265045
0.0564381 0.000275781
0.056689 0.000286518
0.0569398 0.000297254
0.0571906 0.00030799
0.0574415 0.000318727
0.0576923 0.000329437
0.0579431 0.000339948
0.058194 0.000350459
0.0584448 0.000360969
0.0586957 0.000383978
0.0589465 0.00041112
0.0591973 0.000438262
0.0594482 0.000465042
0.059699 0.000491381
0.0599498 0.000517721
0.0602007 0.000544061
0.0604515 0.0005704
0.0607023 0.00059674
0.0609532 0.00062302
0.061204 0.000648703
0.0614548 0.000674386
0.0617057 0.000700069
0.0619565 0.000741648
0.0622074 0.000796846
0.0624582 0.000852043
0.062709 0.000907173
0.0629599 0.000961044
0.0632107 0.00101491
0.0634615 0.00106879
0.0637124 0.00112266
0.0639632 0.00117653
0.064214 0.0012304
0.0644649 0.00128375
0.0647157 0.00133606
0.0649666 0.00138836
0.0652174 0.00144066
0.0654682 0.00151111
0.0657191 0.00159497
0.0659699 0.00167883
0.0662207 0.0017627
0.0664716 0.00184519
0.0667224 0.00192752
0.0669732 0.00200985
0.0672241 0.00209218
0.0674749 0.00217451
0.0677258 0.00225684
0.0679766 0.00233916
0.0682274 0.00241933
0.0684783 0.00249892
0.0687291 0.0025785
0.0689799 0.00265808
0.0692308 0.00273732
0.0694816 0.0028165
0.0697324 0.00289567
0.0699833 0.00297484
0.0702341 0.00305301
0.0704849 0.0031311
0.0707358 0.00320919
0.0709866 0.00328728
0.0712375 0.00336537
0.0714883 0.00344346
0.0717391 0.00352155
0.07199 0.00359846
0.0722408 0.00367371
0.0724916 0.00374895
0.0727425 0.0038242
0.0729933 0.00388273
0.0732441 0.00388272
0.073495 0.00388271
0.0737458 0.0038827
0.0739967 0.00388269
0.0742475 0.00388269
0.0744983 0.00388269
0.0747492 0.00388269
