0 1.50221
0.00153061 1.50296
0.00306122 1.50508
0.00459184 1.50806
0.00612245 1.51106
0.00765306 1.5131
0.00918367 1.51311
0.0107143 1.51003
0.0122449 1.50292
0.0137755 1.49085
0.0153061 1.47249
0.0168367 1.44795
0.0183673 1.41696
0.019898 1.37968
0.0214286 1.33561
0.0229592 1.28219
0.0244898 1.2242
0.0260204 1.16337
0.027551 1.09131
0.0290816 1.01859
0.0306122 0.941299
0.0321429 0.858722
0.0336735 0.776616
0.0352041 0.689305
0.0367347 0.603203
0.0382653 0.516514
0.0397959 0.42821
0.0413265 0.346542
0.0428571 0.266018
0.0443878 0.190569
0.0459184 0.130567
0.047449 0.0838588
0.0489796 0.0391734
0.0505102 0.019667
0.0520408 0.0119551
0.0535714 0.00417483
0.055102 0.000603069
0.0566327 0.000480597
0.0581633 0.00037443
0.0596939 0.000265408
0.0612245 0.000352685
0.0627551 0.000436982
0.0642857 0.000517493
0.0658163 0.000601852
0.0673469 0.000695712
0.0688776 0.000786459
0.0704082 0.000873479
0.0719388 0.000943514
0.0734694 0.000943505
