0 48.3557
0.000250836 48.2067
0.000501672 48.0385
0.000752508 47.9314
0.00100334 47.8586
0.00125418 47.805
0.00150502 47.7664
0.00175585 47.7376
0.00200669 47.7167
0.00225753 47.7017
0.00250836 47.693
0.0027592 47.6898
0.00301003 47.6918
0.00326087 47.6978
0.00351171 47.7077
0.00376254 47.7208
0.00401338 47.7372
0.00426421 47.7563
0.00451505 47.7777
0.00476589 47.801
0.00501672 47.826
0.00526756 47.8525
0.00551839 47.8803
0.00576923 47.9087
0.00602007 47.9375
0.0062709 47.9664
0.00652174 47.9958
0.00677258 48.0248
0.00702341 48.053
0.00727425 48.0806
0.00752508 48.107
0.00777592 48.132
0.00802676 48.1557
0.00827759 48.1771
0.00852843 48.1966
0.00877926 48.2134
0.0090301 48.2283
0.00928094 48.2391
0.00953177 48.2482
0.00978261 48.2522
0.0100334 48.2541
0.0102843 48.251
0.0105351 48.244
0.010786 48.234
0.0110368 48.2163
0.0112876 48.1999
0.0115385 48.1703
0.0117893 48.1407
0.0120401 48.1054
0.012291 48.0604
0.0125418 48.0181
0.0127926 47.9609
0.0130435 47.8988
0.0132943 47.8417
0.0135452 47.7615
0.013796 47.6803
0.0140468 47.6052
0.0142977 47.5033
0.0145485 47.4004
0.0147993 47.3053
0.0150502 47.1833
0.015301 47.0566
0.0155518 46.9365
0.0158027 46.7999
0.0160535 46.6473
0.0163043 46.4969
0.0165552 46.3534
0.016806 46.1727
0.0170569 45.9912
0.0173077 45.8176
0.0175585 45.6346
0.0178094 45.4232
0.0180602 45.2112
0.018311 45.0108
0.0185619 44.7941
0.0188127 44.5505
0.0190635 44.3063
0.0193144 44.0742
0.0195652 43.833
0.0198161 43.5561
0.0200669 43.2788
0.0203177 43.009
0.0205686 42.7513
0.0208194 42.4449
0.0210702 42.1338
0.0213211 41.8228
0.0215719 41.5299
0.0218227 41.2243
0.0220736 40.8794
0.0223244 40.5348
0.0225753 40.1912
0.0228261 39.8701
0.0230769 39.526
0.0233278 39.1483
0.0235786 38.7711
0.0238294 38.3941
0.0240803 38.0416
0.0243311 37.676
0.0245819 37.2675
0.0248328 36.8596
0.0250836 36.4522
0.0253344 36.0613
0.0255853 35.6806
0.0258361 35.2563
0.026087 34.8201
0.0263378 34.3856
0.0265886 33.951
0.0268395 33.5431
0.0270903 33.1354
0.0273411 32.6759
0.027592 32.2167
0.0278428 31.7594
0.0280936 31.3022
0.0283445 30.8727
0.0285953 30.4441
0.0288462 29.9706
0.029097 29.4933
0.0293478 29.0188
0.0295987 28.5445
0.0298495 28.0888
0.0301003 27.6434
0.0303512 27.1774
0.030602 26.6893
0.0308528 26.2026
0.0311037 25.7181
0.0313545 25.2337
0.0316054 24.7768
0.0318562 24.321
0.032107 23.8416
0.0323579 23.3509
0.0326087 22.862
0.0328595 22.3756
0.0331104 21.8891
0.0333612 21.4277
0.033612 20.9692
0.0338629 20.4984
0.0341137 20.0145
0.0343645 19.531
0.0346154 19.0521
0.0348662 18.5732
0.0351171 18.1057
0.0353679 17.6532
0.0356187 17.2007
0.0358696 16.736
0.0361204 16.2695
0.0363712 15.8053
0.0366221 15.3446
0.0368729 14.884
0.0371237 14.4365
0.0373746 14.0001
0.0376254 13.5637
0.0378763 13.127
0.0381271 12.6903
0.0383779 12.2548
0.0386288 11.8246
0.0388796 11.3944
0.0391304 10.9684
0.0393813 10.5595
0.0396321 10.1506
0.0398829 9.74919
0.0401338 9.36162
0.0403846 8.97405
0.0406355 8.59069
0.0408863 8.21075
0.0411371 7.83082
0.041388 7.45743
0.0416388 7.09424
0.0418896 6.73106
0.0421405 6.38472
0.0423913 6.06615
0.0426421 5.74759
0.042893 5.43253
0.0431438 5.12235
0.0433946 4.81217
0.0436455 4.50287
0.0438963 4.20409
0.0441472 3.9053
0.044398 3.60652
0.0446488 3.36995
0.0448997 3.1408
0.0451505 2.91165
0.0454013 2.68945
0.0456522 2.46938
0.045903 2.2493
0.0461538 2.0304
0.0464047 1.81527
0.0466555 1.60014
0.0469064 1.38502
0.0471572 1.25825
0.047408 1.14462
0.0476589 1.03098
0.0479097 0.922794
0.0481605 0.818778
0.0484114 0.714763
0.0486622 0.610747
0.048913 0.504415
0.0491639 0.397625
0.0494147 0.290836
0.0496656 0.20816
0.0499164 0.187987
0.0501672 0.167814
0.0504181 0.147641
0.0506689 0.130328
0.0509197 0.113791
0.0511706 0.0972551
0.0514214 0.0807189
0.0516722 0.0621226
0.0519231 0.0431427
0.0521739 0.0241629
0.0524247 0.00672802
0.0526756 0.00609374
0.0529264 0.00545945
0.0531773 0.00482516
0.0534281 0.00426918
0.0536789 0.00383376
0.0539298 0.00339833
0.0541806 0.00296291
0.0544314 0.00249077
0.0546823 0.00189313
0.0549331 0.0012955
0.0551839 0.00069786
0.0554348 0.000254088
0.0556856 0.000262296
0.0559365 0.000270504
0.0561873 0.000278712
0.0564381 0.000287309
0.056689 0.000296615
0.0569398 0.000305921
0.0571906 0.000315228
0.0574415 0.000324534
0.0576923 0.000332346
0.0579431 0.000340078
0.058194 0.000347811
0.0584448 0.000355544
0.0586957 0.000378239
0.0589465 0.000405882
0.0591973 0.000433525
0.0594482 0.000461168
0.059699 0.000488307
0.0599498 0.000515149
0.0602007 0.000541991
0.0604515 0.000568834
0.0607023 0.000595676
0.0609532 0.000621781
0.061204 0.000647867
0.0614548 0.000673953
0.0617057 0.000700039
0.0619565 0.000739575
0.0622074 0.000790632
0.0624582 0.000841688
0.062709 0.000892745
0.0629599 0.000943578
0.0632107 0.000993407
0.0634615 0.00104324
0.0637124 0.00109307
0.0639632 0.0011429
0.064214 0.00119231
0.0644649 0.00124055
0.0647157 0.00128879
0.0649666 0.00133704
0.0652174 0.00138528
0.0654682 0.00144613
0.0657191 0.00151629
0.0659699 0.00158646
0.0662207 0.00165662
0.0664716 0.00172679
0.0667224 0.00179568
0.0669732 0.00186453
0.0672241 0.00193339
0.0674749 0.00200224
0.0677258 0.00207109
0.0679766 0.00213804
0.0682274 0.00220443
0.0684783 0.00227082
0.0687291 0.00233721
0.0689799 0.0024036
0.0692308 0.00246611
0.0694816 0.00252777
0.0697324 0.00258942
0.0699833 0.00265107
0.0702341 0.00271272
0.0704849 0.0027735
0.0707358 0.00283423
0.0709866 0.00289497
0.0712375 0.0029557
0.0714883 0.00301643
0.0717391 0.00307611
0.07199 0.00313453
0.0722408 0.00319295
0.0724916 0.00325137
0.0727425 0.00330979
0.0729933 0.00335522
0.0732441 0.00335521
0.073495 0.00335521
0.0737458 0.0033552
0.0739967 0.00335519
0.0742475 0.00335518
0.0744983 0.00335518
0.0747492 0.00335518
