0 8.72347
0.00153061 8.77785
0.00306122 8.90606
0.00459184 9.00265
0.00612245 8.96322
0.00765306 8.71411
0.00918367 8.25089
0.0107143 7.58925
0.0122449 6.78843
0.0137755 5.87679
0.0153061 4.89542
0.0168367 3.90553
0.0183673 2.9453
0.019898 2.05569
0.0214286 1.27437
0.0229592 0.674169
0.0244898 0.28845
0.0260204 0.0533767
0.027551 0.0177594
0.0290816 0.000818803
0.0306122 0.000213892
0.0321429 4.5799e-05
0.0336735 4.38861e-05
0.0352041 4.34354e-05
0.0367347 4.34603e-05
0.0382653 4.35054e-05
0.0397959 4.35675e-05
0.0413265 4.36535e-05
0.0428571 4.38685e-05
0.0443878 4.40769e-05
0.0459184 4.47249e-05
0.047449 4.57255e-05
0.0489796 4.66676e-05
0.0505102 5.04585e-05
0.0520408 5.54523e-05
0.0535714 6.01824e-05
0.055102 7.56599e-05
0.0566327 9.93767e-05
0.0581633 0.000122267
0.0596939 0.000153166
0.0612245 0.000246965
0.0627551 0.000339075
0.0642857 0.000427899
0.0658163 0.000560732
0.0673469 0.000780741
0.0688776 0.000994255
0.0704082 0.00120302
0.0719388 0.00137299
0.0734694 0.00137298
