0 1.18277
0.000250836 1.18271
0.000501672 1.18266
0.000752508 1.18262
0.00100334 1.18258
0.00125418 1.18255
0.00150502 1.18252
0.00175585 1.18249
0.00200669 1.18245
0.00225753 1.18242
0.00250836 1.18239
0.0027592 1.18235
0.00301003 1.18232
0.00326087 1.18228
0.00351171 1.18224
0.00376254 1.1822
0.00401338 1.18215
0.00426421 1.18211
0.00451505 1.18206
0.00476589 1.18201
0.00501672 1.18196
0.00526756 1.18191
0.00551839 1.18185
0.00576923 1.1818
0.00602007 1.18174
0.0062709 1.18168
0.00652174 1.18162
0.00677258 1.18156
0.00702341 1.18149
0.00727425 1.18142
0.00752508 1.18136
0.00777592 1.18129
0.00802676 1.18122
0.00827759 1.18114
0.00852843 1.18107
0.00877926 1.18099
0.0090301 1.18092
0.00928094 1.18084
0.00953177 1.18076
0.00978261 1.18068
0.0100334 1.18059
0.0102843 1.18051
0.0105351 1.18042
0.010786 1.18034
0.0110368 1.18025
0.0112876 1.18016
0.0115385 1.18006
0.0117893 1.17997
0.0120401 1.17988
0.012291 1.17978
0.0125418 1.17969
0.0127926 1.17959
0.0130435 1.17949
0.0132943 1.17939
0.0135452 1.17929
0.013796 1.17919
0.0140468 1.17909
0.0142977 1.17898
0.0145485 1.17887
0.0147993 1.17877
0.0150502 1.17866
0.015301 1.17855
0.0155518 1.17845
0.0158027 1.17834
0.0160535 1.17822
0.0163043 1.17811
0.0165552 1.17801
0.016806 1.17789
0.0170569 1.17778
0.0173077 1.17767
0.0175585 1.17755
0.0178094 1.17744
0.0180602 1.17732
0.018311 1.17721
0.0185619 1.1771
0.0188127 1.17697
0.0190635 1.17686
0.0193144 1.17674
0.0195652 1.17663
0.0198161 1.1765
0.0200669 1.17638
0.0203177 1.17626
0.0205686 1.17615
0.0208194 1.17602
0.0210702 1.1759
0.0213211 1.17578
0.0215719 1.17566
0.0218227 1.17554
0.0220736 1.17542
0.0223244 1.1753
0.0225753 1.17517
0.0228261 1.17506
0.0230769 1.17494
0.0233278 1.17481
0.0235786 1.17468
0.0238294 1.17456
0.0240803 1.17444
0.0243311 1.17432
0.0245819 1.17419
0.0248328 1.17407
0.0250836 1.17395
0.0253344 1.17383
0.0255853 1.17371
0.0258361 1.17359
0.026087 1.17346
0.0263378 1.17334
0.0265886 1.17322
0.0268395 1.1731
0.0270903 1.17298
0.0273411 1.17286
0.027592 1.17273
0.0278428 1.17261
0.0280936 1.17249
0.0283445 1.17237
0.0285953 1.17226
0.0288462 1.17213
0.029097 1.17201
0.0293478 1.17189
0.0295987 1.17177
0.0298495 1.17165
0.0301003 1.17154
0.0303512 1.17142
0.030602 1.1713
0.0308528 1.17118
0.0311037 1.17106
0.0313545 1.17095
0.0316054 1.17083
0.0318562 1.17072
0.032107 1.1706
0.0323579 1.17049
0.0326087 1.17037
0.0328595 1.17026
0.0331104 1.17014
0.0333612 1.17003
0.033612 1.16992
0.0338629 1.16981
0.0341137 1.1697
0.0343645 1.16958
0.0346154 1.16947
0.0348662 1.16936
0.0351171 1.16925
0.0353679 1.16915
0.0356187 1.16904
0.0358696 1.16893
0.0361204 1.16883
0.0363712 1.16872
0.0366221 1.16861
0.0368729 1.16851
0.0371237 1.1684
0.0373746 1.1683
0.0376254 1.1682
0.0378763 1.1681
0.0381271 1.16799
0.0383779 1.16789
0.0386288 1.16779
0.0388796 1.16769
0.0391304 1.16759
0.0393813 1.1675
0.0396321 1.1674
0.0398829 1.16731
0.0401338 1.16721
0.0403846 1.16712
0.0406355 1.16702
0.0408863 1.16693
0.0411371 1.16684
0.041388 1.16675
0.0416388 1.16666
0.0418896 1.16657
0.0421405 1.16649
0.0423913 1.1664
0.0426421 1.16632
0.042893 1.16623
0.0431438 1.16615
0.0433946 1.16607
0.0436455 1.16599
0.0438963 1.16591
0.0441472 1.16583
0.044398 1.16575
0.0446488 1.16567
0.0448997 1.1656
0.0451505 1.16553
0.0454013 1.16546
0.0456522 1.16539
0.045903 1.16532
0.0461538 1.16525
0.0464047 1.16518
0.0466555 1.16512
0.0469064 1.16505
0.0471572 1.165
0.047408 1.16495
0.0476589 1.1649
0.0479097 1.16485
0.0481605 1.16481
0.0484114 1.16476
0.0486622 1.16472
0.048913 1.16467
0.0491639 1.16462
0.0494147 1.16458
0.0496656 1.16454
0.0499164 1.16453
0.0501672 1.16452
0.0504181 1.1645
0.0506689 1.16449
0.0509197 1.16448
0.0511706 1.16447
0.0514214 1.16446
0.0516722 1.16445
0.0519231 1.16443
0.0521739 1.16442
0.0524247 1.16441
0.0526756 1.16441
0.0529264 1.16441
0.0531773 1.16441
0.0534281 1.16441
0.0536789 1.16441
0.0539298 1.1644
0.0541806 1.1644
0.0544314 1.1644
0.0546823 1.1644
0.0549331 1.1644
0.0551839 1.1644
0.0554348 1.1644
0.0556856 1.1644
0.0559365 1.1644
0.0561873 1.1644
0.0564381 1.1644
0.056689 1.1644
0.0569398 1.1644
0.0571906 1.1644
0.0574415 1.1644
0.0576923 1.1644
0.0579431 1.1644
0.058194 1.1644
0.0584448 1.1644
0.0586957 1.1644
0.0589465 1.1644
0.0591973 1.1644
0.0594482 1.1644
0.059699 1.1644
0.0599498 1.1644
0.0602007 1.1644
0.0604515 1.1644
0.0607023 1.1644
0.0609532 1.1644
0.061204 1.1644
0.0614548 1.1644
0.0617057 1.1644
0.0619565 1.1644
0.0622074 1.1644
0.0624582 1.1644
0.062709 1.1644
0.0629599 1.1644
0.0632107 1.1644
0.0634615 1.1644
0.0637124 1.1644
0.0639632 1.1644
0.064214 1.1644
0.0644649 1.1644
0.0647157 1.1644
0.0649666 1.1644
0.0652174 1.1644
0.0654682 1.1644
0.0657191 1.1644
0.0659699 1.1644
0.0662207 1.1644
0.0664716 1.1644
0.0667224 1.1644
0.0669732 1.1644
0.0672241 1.1644
0.0674749 1.1644
0.0677258 1.1644
0.0679766 1.1644
0.0682274 1.1644
0.0684783 1.1644
0.0687291 1.1644
0.0689799 1.1644
0.0692308 1.1644
0.0694816 1.1644
0.0697324 1.1644
0.0699833 1.1644
0.0702341 1.1644
0.0704849 1.1644
0.0707358 1.1644
0.0709866 1.1644
0.0712375 1.1644
0.0714883 1.1644
0.0717391 1.1644
0.07199 1.1644
0.0722408 1.1644
0.0724916 1.1644
0.0727425 1.1644
0.0729933 1.1644
0.0732441 1.1644
0.073495 1.1644
0.0737458 1.1644
0.0739967 1.1644
0.0742475 1.1644
0.0744983 1.1644
0.0747492 1.1644
