0 12.7014 	0 	0 	
0.00153061 12.5742 	0.0550365 	-9.37053e-14 	
0.00306122 12.2001 	0.103806 	3.40347e-12 	
0.00459184 11.6207 	0.141684 	1.93988e-12 	
0.00612245 10.8991 	0.166477 	2.63339e-12 	
0.00765306 10.0827 	0.176933 	6.76842e-13 	
0.00918367 9.23323 	0.17445 	1.31874e-12 	
0.0107143 8.37772 	0.160371 	1.66774e-12 	
0.0122449 7.55001 	0.137346 	4.38135e-12 	
0.0137755 6.75521 	0.106566 	6.92384e-12 	
0.0153061 6.00381 	0.0695462 	4.11631e-12 	
0.0168367 5.31193 	0.0291098 	3.50963e-12 	
0.0183673 4.68667 	-0.0128802 	5.66307e-12 	
0.019898 4.13613 	-0.053933 	5.93841e-12 	
0.0214286 3.66816 	-0.0920977 	6.56011e-12 	
0.0229592 3.30948 	-0.124395 	3.7146e-12 	
0.0244898 3.07521 	-0.142507 	2.23365e-12 	
0.0260204 2.92888 	-0.15064 	-3.10491e-12 	
0.027551 2.91105 	-0.143219 	-2.65077e-13 	
0.0290816 2.90563 	-0.136123 	-3.17788e-13 	
0.0306122 2.91105 	-0.12942 	-7.0567e-12 	
0.0321429 2.91642 	-0.123255 	-3.12769e-12 	
0.0336735 2.92151 	-0.117752 	-7.62477e-12 	
0.0352041 2.92642 	-0.112689 	-3.40868e-12 	
0.0367347 2.93104 	-0.108168 	-4.7431e-12 	
0.0382653 2.93547 	-0.103853 	-4.14975e-12 	
0.0397959 2.93971 	-0.0997991 	-2.49658e-12 	
0.0413265 2.94373 	-0.096083 	-5.65714e-12 	
0.0428571 2.94759 	-0.0928207 	-1.29313e-12 	
0.0443878 2.95124 	-0.0898298 	-1.32032e-12 	
0.0459184 2.95476 	-0.0867801 	-1.12682e-12 	
0.047449 2.95815 	-0.0837457 	2.95926e-13 	
0.0489796 2.96139 	-0.0809186 	1.73786e-12 	
0.0505102 2.96448 	-0.0786554 	1.12146e-12 	
0.0520408 2.96747 	-0.0767021 	-4.40348e-13 	
0.0535714 2.97033 	-0.0748837 	-2.28929e-12 	
0.055102 2.97309 	-0.0726856 	-2.01462e-12 	
0.0566327 2.97576 	-0.0702272 	-1.45337e-13 	
0.0581633 2.97833 	-0.0679141 	1.50862e-12 	
0.0596939 2.98084 	-0.065799 	2.73604e-12 	
0.0612245 2.98315 	-0.064855 	1.06629e-12 	
0.0627551 2.9854 	-0.0639645 	-1.86041e-12 	
0.0642857 2.98758 	-0.0631349 	-6.69518e-12 	
0.0658163 2.98958 	-0.0618193 	-8.26872e-12 	
0.0673469 2.99125 	-0.0595388 	-3.12719e-12 	
0.0688776 2.99288 	-0.0573455 	-1.23584e-12 	
0.0704082 2.99446 	-0.0552333 	-3.26596e-12 	
0.0719388 2.99575 	-0.0535091 	-4.73868e-12 	
0.0734694 2.99575 	-0.0534722 	-2.31198e-12 	
