0 0.00466264
0.000250836 0.00466275
0.000501672 0.00466226
0.000752508 0.00466097
0.00100334 0.00465957
0.00125418 0.00465847
0.00150502 0.00465783
0.00175585 0.00465735
0.00200669 0.0046569
0.00225753 0.00465639
0.00250836 0.00465581
0.0027592 0.00465516
0.00301003 0.0046544
0.00326087 0.00465356
0.00351171 0.00465265
0.00376254 0.00465168
0.00401338 0.00465063
0.00426421 0.00464951
0.00451505 0.00464832
0.00476589 0.00464707
0.00501672 0.00464573
0.00526756 0.00464431
0.00551839 0.0046428
0.00576923 0.0046412
0.00602007 0.00463951
0.0062709 0.00463776
0.00652174 0.00463588
0.00677258 0.00463385
0.00702341 0.00463176
0.00727425 0.00462957
0.00752508 0.00462717
0.00777592 0.00462476
0.00802676 0.00462211
0.00827759 0.00461936
0.00852843 0.00461652
0.00877926 0.00461342
0.0090301 0.00461033
0.00928094 0.00460689
0.00953177 0.00460348
0.00978261 0.0045997
0.0100334 0.00459593
0.0102843 0.00459184
0.0105351 0.00458763
0.010786 0.00458331
0.0110368 0.00457859
0.0112876 0.00457407
0.0115385 0.00456879
0.0117893 0.00456368
0.0120401 0.00455829
0.012291 0.00455248
0.0125418 0.00454691
0.0127926 0.00454056
0.0130435 0.00453417
0.0132943 0.00452805
0.0135452 0.00452078
0.013796 0.00451369
0.0140468 0.00450688
0.0142977 0.00449878
0.0145485 0.00449088
0.0147993 0.00448331
0.0150502 0.00447447
0.015301 0.00446564
0.0155518 0.00445711
0.0158027 0.00444779
0.0160535 0.00443787
0.0163043 0.00442818
0.0165552 0.00441874
0.016806 0.00440757
0.0170569 0.00439664
0.0173077 0.00438604
0.0175585 0.00437493
0.0178094 0.00436255
0.0180602 0.00435043
0.018311 0.00433872
0.0185619 0.0043262
0.0188127 0.00431244
0.0190635 0.00429897
0.0193144 0.00428593
0.0195652 0.00427237
0.0198161 0.00425706
0.0200669 0.00424208
0.0203177 0.0042274
0.0205686 0.00421315
0.0208194 0.00419642
0.0210702 0.00417966
0.0213211 0.0041631
0.0215719 0.00414719
0.0218227 0.00413054
0.0220736 0.00411181
0.0223244 0.00409341
0.0225753 0.00407514
0.0228261 0.00405769
0.0230769 0.00403893
0.0233278 0.00401828
0.0235786 0.003998
0.0238294 0.00397781
0.0240803 0.00395854
0.0243311 0.00393845
0.0245819 0.00391574
0.0248328 0.0038933
0.0250836 0.0038711
0.0253344 0.00384953
0.0255853 0.00382835
0.0258361 0.00380425
0.026087 0.00377934
0.0263378 0.00375499
0.0265886 0.00373065
0.0268395 0.00370736
0.0270903 0.00368406
0.0273411 0.00365683
0.027592 0.00362968
0.0278428 0.00360306
0.0280936 0.00357645
0.0283445 0.00355101
0.0285953 0.0035256
0.0288462 0.00349626
0.029097 0.0034666
0.0293478 0.00343754
0.0295987 0.00340854
0.0298495 0.00338039
0.0301003 0.00335269
0.0303512 0.00332282
0.030602 0.00329061
0.0308528 0.00325866
0.0311037 0.00322718
0.0313545 0.0031957
0.0316054 0.00316555
0.0318562 0.00313547
0.032107 0.00310217
0.0323579 0.00306732
0.0326087 0.00303282
0.0328595 0.00299876
0.0331104 0.0029647
0.0333612 0.00293198
0.033612 0.00289941
0.0338629 0.00286444
0.0341137 0.00282688
0.0343645 0.00278942
0.0346154 0.00275271
0.0348662 0.002716
0.0351171 0.00267998
0.0353679 0.00264486
0.0356187 0.00260973
0.0358696 0.00257004
0.0361204 0.00252972
0.0363712 0.00248974
0.0366221 0.00245033
0.0368729 0.00241093
0.0371237 0.00237242
0.0373746 0.00233469
0.0376254 0.00229695
0.0378763 0.00225468
0.0381271 0.00221156
0.0383779 0.00216862
0.0386288 0.00212649
0.0388796 0.00208436
0.0391304 0.00204258
0.0393813 0.0020022
0.0396321 0.00196181
0.0398829 0.00191957
0.0401338 0.00187387
0.0403846 0.00182817
0.0406355 0.00178308
0.0408863 0.00173847
0.0411371 0.00169386
0.041388 0.00164994
0.0416388 0.00160711
0.0418896 0.00156429
0.0421405 0.00151956
0.0423913 0.00147169
0.0426421 0.00142382
0.042893 0.00137645
0.0431438 0.00132976
0.0433946 0.00128308
0.0436455 0.00123654
0.0438963 0.00119164
0.0441472 0.00114673
0.044398 0.00110183
0.0446488 0.0010531
0.0448997 0.00100391
0.0451505 0.000954728
0.0454013 0.000906553
0.0456522 0.000858686
0.045903 0.000810819
0.0461538 0.00076335
0.0464047 0.00071717
0.0466555 0.000670989
0.0469064 0.000624808
0.0471572 0.000579978
0.047408 0.000535349
0.0476589 0.000490719
0.0479097 0.000447498
0.0481605 0.000405355
0.0484114 0.000363212
0.0486622 0.000321068
0.048913 0.000279094
0.0491639 0.000237153
0.0494147 0.000195211
0.0496656 0.000160729
0.0499164 0.000145583
0.0501672 0.000130436
0.0504181 0.000115289
0.0506689 0.000101972
0.0509197 8.91526e-05
0.0511706 7.63328e-05
0.0514214 6.35129e-05
0.0516722 4.94874e-05
0.0519231 3.52373e-05
0.0521739 2.09872e-05
0.0524247 7.87683e-06
0.0526756 7.1602e-06
0.0529264 6.44356e-06
0.0531773 5.72693e-06
0.0534281 5.09557e-06
0.0536789 4.59551e-06
0.0539298 4.09544e-06
0.0541806 3.59538e-06
0.0544314 3.05567e-06
0.0546823 2.38046e-06
0.0549331 1.70526e-06
0.0551839 1.03005e-06
0.0554348 5.37909e-07
0.0556856 5.8353e-07
0.0559365 6.29152e-07
0.0561873 6.74773e-07
0.0564381 7.20056e-07
0.056689 7.6472e-07
0.0569398 8.09384e-07
0.0571906 8.54048e-07
0.0574415 8.98712e-07
0.0576923 9.41786e-07
0.0579431 9.84776e-07
0.058194 1.02777e-06
0.0584448 1.07076e-06
0.0586957 1.1742e-06
0.0589465 1.29764e-06
0.0591973 1.42108e-06
0.0594482 1.54452e-06
0.059699 1.6648e-06
0.0599498 1.78321e-06
0.0602007 1.90163e-06
0.0604515 2.02005e-06
0.0607023 2.13846e-06
0.0609532 2.25498e-06
0.061204 2.37146e-06
0.0614548 2.48793e-06
0.0617057 2.6044e-06
0.0619565 2.78862e-06
0.0622074 3.03087e-06
0.0624582 3.27313e-06
0.062709 3.51538e-06
0.0629599 3.75622e-06
0.0632107 3.99072e-06
0.0634615 4.22523e-06
0.0637124 4.45974e-06
0.0639632 4.69424e-06
0.064214 4.92726e-06
0.0644649 5.15614e-06
0.0647157 5.38502e-06
0.0649666 5.61389e-06
0.0652174 5.84277e-06
0.0654682 6.12466e-06
0.0657191 6.44574e-06
0.0659699 6.76682e-06
0.0662207 7.0879e-06
0.0664716 7.40898e-06
0.0667224 7.72312e-06
0.0669732 8.03706e-06
0.0672241 8.35099e-06
0.0674749 8.66493e-06
0.0677258 8.97886e-06
0.0679766 9.28494e-06
0.0682274 9.5887e-06
0.0684783 9.89247e-06
0.0687291 1.01962e-05
0.0689799 1.05e-05
0.0692308 1.07022e-05
0.0694816 1.08818e-05
0.0697324 1.10614e-05
0.0699833 1.1241e-05
0.0702341 1.14206e-05
0.0704849 1.15989e-05
0.0707358 1.17771e-05
0.0709866 1.19553e-05
0.0712375 1.21335e-05
0.0714883 1.23117e-05
0.0717391 1.24862e-05
0.07199 1.26564e-05
0.0722408 1.28266e-05
0.0724916 1.29967e-05
0.0727425 1.31669e-05
0.0729933 1.31351e-05
0.0732441 1.23967e-05
0.073495 1.16583e-05
0.0737458 1.09198e-05
0.0739967 1.01814e-05
0.0742475 9.36706e-06
0.0744983 7.68892e-06
0.0747492 6.01079e-06
