0 0.00485795
0.000250836 0.00485593
0.000501672 0.00485513
0.000752508 0.00485408
0.00100334 0.00485308
0.00125418 0.00485233
0.00150502 0.00485187
0.00175585 0.00485152
0.00200669 0.0048512
0.00225753 0.00485083
0.00250836 0.00485037
0.0027592 0.00484981
0.00301003 0.00484915
0.00326087 0.00484839
0.00351171 0.00484755
0.00376254 0.00484661
0.00401338 0.00484556
0.00426421 0.00484441
0.00451505 0.00484316
0.00476589 0.0048418
0.00501672 0.00484031
0.00526756 0.0048387
0.00551839 0.00483694
0.00576923 0.00483504
0.00602007 0.00483298
0.0062709 0.00483078
0.00652174 0.00482839
0.00677258 0.00482578
0.00702341 0.00482301
0.00727425 0.00482005
0.00752508 0.00481679
0.00777592 0.00481339
0.00802676 0.00480968
0.00827759 0.00480573
0.00852843 0.00480157
0.00877926 0.00479703
0.0090301 0.00479235
0.00928094 0.00478718
0.00953177 0.00478191
0.00978261 0.00477608
0.0100334 0.00477014
0.0102843 0.00476366
0.0105351 0.00475696
0.010786 0.00474986
0.0110368 0.00474229
0.0112876 0.00473476
0.0115385 0.00472609
0.0117893 0.00471753
0.0120401 0.00470836
0.012291 0.0046987
0.0125418 0.00468908
0.0127926 0.00467826
0.0130435 0.00466737
0.0132943 0.00465657
0.0135452 0.00464407
0.013796 0.00463181
0.0140468 0.0046196
0.0142977 0.00460554
0.0145485 0.00459175
0.0147993 0.00457805
0.0150502 0.00456248
0.015301 0.00454701
0.0155518 0.00453155
0.0158027 0.00451477
0.0160535 0.00449747
0.0163043 0.00448016
0.0165552 0.00446286
0.016806 0.00444312
0.0170569 0.00442381
0.0173077 0.0044045
0.0175585 0.00438424
0.0178094 0.00436259
0.0180602 0.00434111
0.018311 0.00431963
0.0185619 0.00429684
0.0188127 0.0042729
0.0190635 0.00424909
0.0193144 0.00422528
0.0195652 0.00420061
0.0198161 0.00417394
0.0200669 0.00414764
0.0203177 0.00412133
0.0205686 0.00409529
0.0208194 0.00406573
0.0210702 0.00403678
0.0213211 0.00400783
0.0215719 0.00397887
0.0218227 0.003949
0.0220736 0.00391672
0.0223244 0.00388498
0.0225753 0.00385324
0.0228261 0.00382155
0.0230769 0.0037883
0.0233278 0.00375319
0.0235786 0.00371853
0.0238294 0.00368387
0.0240803 0.00364921
0.0243311 0.00361385
0.0245819 0.00357531
0.0248328 0.00353761
0.0250836 0.00349992
0.0253344 0.00346223
0.0255853 0.00342494
0.0258361 0.00338348
0.026087 0.00334266
0.0263378 0.00330183
0.0265886 0.00326101
0.0268395 0.00322019
0.0270903 0.00317991
0.0273411 0.00313428
0.027592 0.00309025
0.0278428 0.00304623
0.0280936 0.0030022
0.0283445 0.00295817
0.0285953 0.00291482
0.0288462 0.00286603
0.029097 0.00281875
0.0293478 0.00277148
0.0295987 0.00272421
0.0298495 0.00267693
0.0301003 0.00263001
0.0303512 0.00258054
0.030602 0.00252909
0.0308528 0.00247856
0.0311037 0.00242803
0.0313545 0.00237749
0.0316054 0.00232696
0.0318562 0.00227706
0.032107 0.00222313
0.0323579 0.00216885
0.0326087 0.00211517
0.0328595 0.00206148
0.0331104 0.0020078
0.0333612 0.00195412
0.033612 0.00190097
0.0338629 0.00184548
0.0341137 0.00178802
0.0343645 0.00173173
0.0346154 0.00167545
0.0348662 0.00161917
0.0351171 0.00156289
0.0353679 0.00150661
0.0356187 0.00145147
0.0358696 0.00139177
0.0361204 0.00133333
0.0363712 0.00127525
0.0366221 0.00121717
0.0368729 0.00115909
0.0371237 0.001101
0.0373746 0.00104292
0.0376254 0.000986161
0.0378763 0.000926753
0.0381271 0.00086823
0.0383779 0.000810171
0.0386288 0.000752112
0.0388796 0.000694053
0.0391304 0.000635994
0.0393813 0.000577936
0.0396321 0.000520782
0.0398829 0.000469169
0.0401338 0.00042603
0.0403846 0.000381819
0.0406355 0.000337607
0.0408863 0.000293395
0.0411371 0.000249184
0.041388 0.000204972
0.0416388 0.000160761
0.0418896 0.000118937
0.0421405 9.05514e-05
0.0423913 8.17134e-05
0.0426421 7.16789e-05
0.042893 6.16445e-05
0.0431438 5.16101e-05
0.0433946 4.15756e-05
0.0436455 3.15412e-05
0.0438963 2.15068e-05
0.0441472 1.187e-05
0.044398 3.7469e-06
0.0446488 2.68846e-06
0.0448997 2.43054e-06
0.0451505 2.14507e-06
0.0454013 1.85959e-06
0.0456522 1.57412e-06
0.045903 1.28865e-06
0.0461538 1.00318e-06
0.0464047 7.1771e-07
0.0466555 4.53398e-07
0.0469064 2.49325e-07
0.0471572 2.22232e-07
0.047408 2.21225e-07
0.0476589 2.20024e-07
0.0479097 2.18823e-07
0.0481605 2.17622e-07
0.0484114 2.16421e-07
0.0486622 2.1522e-07
0.048913 2.1402e-07
0.0491639 2.12819e-07
0.0494147 2.11944e-07
0.0496656 2.11766e-07
0.0499164 2.13107e-07
0.0501672 2.14454e-07
0.0504181 2.15803e-07
0.0506689 2.17151e-07
0.0509197 2.18499e-07
0.0511706 2.19848e-07
0.0514214 2.21196e-07
0.0516722 2.22545e-07
0.0519231 2.23893e-07
0.0521739 2.2519e-07
0.0524247 2.26775e-07
0.0526756 2.31798e-07
0.0529264 2.36827e-07
0.0531773 2.41863e-07
0.0534281 2.46898e-07
0.0536789 2.51933e-07
0.0539298 2.56968e-07
0.0541806 2.62003e-07
0.0544314 2.67038e-07
0.0546823 2.72073e-07
0.0549331 2.77108e-07
0.0551839 2.81893e-07
0.0554348 2.90103e-07
0.0556856 3.08463e-07
0.0559365 3.26799e-07
0.0561873 3.45122e-07
0.0564381 3.63445e-07
0.056689 3.81769e-07
0.0569398 4.00092e-07
0.0571906 4.18415e-07
0.0574415 4.36738e-07
0.0576923 4.55061e-07
0.0579431 4.73385e-07
0.058194 4.91263e-07
0.0584448 5.08669e-07
0.0586957 5.60372e-07
0.0589465 6.2339e-07
0.0591973 6.85924e-07
0.0594482 7.48459e-07
0.059699 8.10993e-07
0.0599498 8.73527e-07
0.0602007 9.36062e-07
0.0604515 9.98596e-07
0.0607023 1.06113e-06
0.0609532 1.12367e-06
0.061204 1.1862e-06
0.0614548 1.24774e-06
0.0617057 1.3076e-06
0.0619565 1.43319e-06
0.0622074 1.6151e-06
0.0624582 1.79483e-06
0.062709 1.97379e-06
0.0629599 2.15276e-06
0.0632107 2.33173e-06
0.0634615 2.51069e-06
0.0637124 2.68966e-06
0.0639632 2.86863e-06
0.064214 3.04759e-06
0.0644649 3.22656e-06
0.0647157 3.40553e-06
0.0649666 3.58143e-06
0.0652174 3.7544e-06
0.0654682 4.0418e-06
0.0657191 4.4138e-06
0.0659699 4.77938e-06
0.0662207 5.14186e-06
0.0664716 5.50434e-06
0.0667224 5.86682e-06
0.0669732 6.2293e-06
0.0672241 6.59178e-06
0.0674749 6.95426e-06
0.0677258 7.31674e-06
0.0679766 7.67922e-06
0.0682274 8.0417e-06
0.0684783 8.40418e-06
0.0687291 8.75958e-06
0.0689799 9.11385e-06
0.0692308 9.47862e-06
0.0694816 9.84572e-06
0.0697324 1.02018e-05
0.0699833 1.05554e-05
0.0702341 1.09089e-05
0.0704849 1.12624e-05
0.0707358 1.16159e-05
0.0709866 1.19694e-05
0.0712375 1.2323e-05
0.0714883 1.26765e-05
0.0717391 1.303e-05
0.07199 1.33835e-05
0.0722408 1.3737e-05
0.0724916 1.40893e-05
0.0727425 1.44394e-05
0.0729933 1.45359e-05
0.0732441 1.37443e-05
0.073495 1.28468e-05
0.0737458 1.09944e-05
0.0739967 9.14213e-06
0.0742475 7.28981e-06
0.0744983 5.43749e-06
0.0747492 3.58517e-06
