0 258.758
0.000250836 258.254
0.000501672 257.512
0.000752508 256.883
0.00100334 256.395
0.00125418 256.044
0.00150502 255.819
0.00175585 255.698
0.00200669 255.655
0.00225753 255.668
0.00250836 255.739
0.0027592 255.863
0.00301003 256.032
0.00326087 256.227
0.00351171 256.45
0.00376254 256.696
0.00401338 256.959
0.00426421 257.227
0.00451505 257.495
0.00476589 257.76
0.00501672 258.019
0.00526756 258.258
0.00551839 258.477
0.00576923 258.671
0.00602007 258.835
0.0062709 258.968
0.00652174 259.058
0.00677258 259.099
0.00702341 259.097
0.00727425 259.052
0.00752508 258.929
0.00777592 258.769
0.00802676 258.53
0.00827759 258.219
0.00852843 257.869
0.00877926 257.402
0.0090301 256.917
0.00928094 256.284
0.00953177 255.649
0.00978261 254.847
0.0100334 254.046
0.0102843 253.076
0.0105351 252.096
0.010786 250.992
0.0110368 249.788
0.0112876 248.597
0.0115385 247.13
0.0117893 245.736
0.0120401 244.164
0.012291 242.52
0.0125418 240.894
0.0127926 238.976
0.0130435 237.13
0.0132943 235.267
0.0135452 233.055
0.013796 230.972
0.0140468 228.864
0.0142977 226.398
0.0145485 224.079
0.0147993 221.746
0.0150502 219.051
0.015301 216.503
0.0155518 213.947
0.0158027 211.145
0.0160535 208.311
0.0163043 205.546
0.0165552 202.743
0.016806 199.581
0.0170569 196.619
0.0173077 193.653
0.0175585 190.542
0.0178094 187.261
0.0180602 184.129
0.018311 180.993
0.0185619 177.694
0.0188127 174.283
0.0190635 171.016
0.0193144 167.748
0.0195652 164.38
0.0198161 160.827
0.0200669 157.467
0.0203177 154.107
0.0205686 150.746
0.0208194 147.129
0.0210702 143.667
0.0213211 140.261
0.0215719 136.858
0.0218227 133.392
0.0220736 129.785
0.0223244 126.387
0.0225753 122.99
0.0228261 119.601
0.0230769 116.151
0.0233278 112.632
0.0235786 109.301
0.0238294 105.97
0.0240803 102.65
0.0243311 99.3155
0.0245819 95.9177
0.0248328 92.691
0.0250836 89.4878
0.0253344 86.2906
0.0255853 83.1109
0.0258361 79.9274
0.026087 76.8023
0.0263378 73.7904
0.0265886 70.7784
0.0268395 67.7832
0.0270903 64.8022
0.0273411 61.9002
0.027592 59.0701
0.0278428 56.313
0.0280936 53.556
0.0283445 50.8197
0.0285953 48.0995
0.0288462 45.576
0.029097 43.103
0.0293478 40.7044
0.0295987 38.3058
0.0298495 35.9171
0.0301003 33.5649
0.0303512 31.3685
0.030602 29.3395
0.0308528 27.3664
0.0311037 25.409
0.0313545 23.4516
0.0316054 21.5204
0.0318562 19.6149
0.032107 17.9981
0.0323579 16.5206
0.0326087 15.0711
0.0328595 13.6256
0.0331104 12.18
0.0333612 10.7579
0.033612 9.36886
0.0338629 8.23712
0.0341137 7.38347
0.0343645 6.52334
0.0346154 5.65854
0.0348662 4.79374
0.0351171 3.92894
0.0353679 3.12073
0.0356187 2.31732
0.0358696 2.00258
0.0361204 1.75593
0.0363712 1.48692
0.0366221 1.21459
0.0368729 0.942266
0.0371237 0.670058
0.0373746 0.437637
0.0376254 0.205217
0.0378763 0.153752
0.0381271 0.136042
0.0383779 0.115139
0.0386288 0.0930056
0.0388796 0.0708723
0.0391304 0.0487391
0.0393813 0.0300428
0.0396321 0.0133281
0.0398829 0.00241349
0.0401338 0.002208
0.0403846 0.00199417
0.0406355 0.00171266
0.0408863 0.00143115
0.0411371 0.00114964
0.041388 0.000868138
0.0416388 0.000655563
0.0418896 0.000461306
0.0421405 0.000339946
0.0423913 0.000338865
0.0426421 0.00033778
0.042893 0.000336267
0.0431438 0.000334754
0.0433946 0.000333241
0.0436455 0.000331728
0.0438963 0.000330434
0.0441472 0.000329414
0.044398 0.000328394
0.0446488 0.000328342
0.0448997 0.000328404
0.0451505 0.000328466
0.0454013 0.000328527
0.0456522 0.000328587
0.045903 0.000328648
0.0461538 0.000328709
0.0464047 0.00032877
0.0466555 0.000328833
0.0469064 0.000328896
0.0471572 0.000329041
0.047408 0.000329198
0.0476589 0.000329355
0.0479097 0.000329513
0.0481605 0.000329671
0.0484114 0.000329828
0.0486622 0.000329986
0.048913 0.000330143
0.0491639 0.000330296
0.0494147 0.000330448
0.0496656 0.000330701
0.0499164 0.000331212
0.0501672 0.000331723
0.0504181 0.000332235
0.0506689 0.000332746
0.0509197 0.000333257
0.0511706 0.000333768
0.0514214 0.000334279
0.0516722 0.000334788
0.0519231 0.000335277
0.0521739 0.000335766
0.0524247 0.000336374
0.0526756 0.00033827
0.0529264 0.000340167
0.0531773 0.000342062
0.0534281 0.000343948
0.0536789 0.000345833
0.0539298 0.000347718
0.0541806 0.000349604
0.0544314 0.000351489
0.0546823 0.000353341
0.0549331 0.000355147
0.0551839 0.000356954
0.0554348 0.000360034
0.0556856 0.000366854
0.0559365 0.000373675
0.0561873 0.000380485
0.0564381 0.000387226
0.056689 0.000393967
0.0569398 0.000400708
0.0571906 0.000407449
0.0574415 0.00041419
0.0576923 0.000420903
0.0579431 0.0004274
0.058194 0.000433896
0.0584448 0.000440393
0.0586957 0.000458533
0.0589465 0.000480523
0.0591973 0.000502513
0.0594482 0.00052433
0.059699 0.000545938
0.0599498 0.000567545
0.0602007 0.000589152
0.0604515 0.000610759
0.0607023 0.000632366
0.0609532 0.000653915
0.061204 0.000674884
0.0614548 0.000695853
0.0617057 0.000716823
0.0619565 0.000758327
0.0622074 0.000817421
0.0624582 0.000876516
0.062709 0.000935542
0.0629599 0.000993283
0.0632107 0.00105102
0.0634615 0.00110876
0.0637124 0.0011665
0.0639632 0.00122424
0.064214 0.00128199
0.0644649 0.0013393
0.0647157 0.00139573
0.0649666 0.00145216
0.0652174 0.00150859
0.0654682 0.00160089
0.0657191 0.0017197
0.0659699 0.00183851
0.0662207 0.00195732
0.0664716 0.00207316
0.0667224 0.00218863
0.0669732 0.0023041
0.0672241 0.00241957
0.0674749 0.00253504
0.0677258 0.00265051
0.0679766 0.00276597
0.0682274 0.00288
0.0684783 0.00299364
0.0687291 0.00310727
0.0689799 0.0032209
0.0692308 0.00335668
0.0694816 0.00349739
0.0697324 0.0036381
0.0699833 0.00377881
0.0702341 0.00391534
0.0704849 0.00405152
0.0707358 0.0041877
0.0709866 0.00432388
0.0712375 0.00446006
0.0714883 0.00459624
0.0717391 0.00473242
0.07199 0.00486802
0.0722408 0.00500282
0.0724916 0.00513761
0.0727425 0.00527241
0.0729933 0.00537725
0.0732441 0.00537723
0.073495 0.00537721
0.0737458 0.0053772
0.0739967 0.00537718
0.0742475 0.00537718
0.0744983 0.00537718
0.0747492 0.00537718
