0 0.00497165
0.000250836 0.00497381
0.000501672 0.0049751
0.000752508 0.00497273
0.00100334 0.00496876
0.00125418 0.00496427
0.00150502 0.00495934
0.00175585 0.00495491
0.00200669 0.00495172
0.00225753 0.00494955
0.00250836 0.00494781
0.0027592 0.00494628
0.00301003 0.00494498
0.00326087 0.00494379
0.00351171 0.00494254
0.00376254 0.00494122
0.00401338 0.00493983
0.00426421 0.00493835
0.00451505 0.0049368
0.00476589 0.00493515
0.00501672 0.00493338
0.00526756 0.00493148
0.00551839 0.0049294
0.00576923 0.00492716
0.00602007 0.00492471
0.0062709 0.00492209
0.00652174 0.0049192
0.00677258 0.00491596
0.00702341 0.0049125
0.00727425 0.00490879
0.00752508 0.00490456
0.00777592 0.00490018
0.00802676 0.00489525
0.00827759 0.00488994
0.00852843 0.00488437
0.00877926 0.0048781
0.0090301 0.00487171
0.00928094 0.0048644
0.00953177 0.00485708
0.00978261 0.00484871
0.0100334 0.0048403
0.0102843 0.00483088
0.0105351 0.00482122
0.010786 0.00481097
0.0110368 0.0047998
0.0112876 0.00478891
0.0115385 0.00477596
0.0117893 0.00476344
0.0120401 0.00474986
0.012291 0.00473544
0.0125418 0.00472132
0.0127926 0.00470499
0.0130435 0.00468885
0.0132943 0.00467294
0.0135452 0.00465402
0.013796 0.00463581
0.0140468 0.00461781
0.0142977 0.00459651
0.0145485 0.00457604
0.0147993 0.00455585
0.0150502 0.00453228
0.015301 0.00450937
0.0155518 0.00448666
0.0158027 0.00446171
0.0160535 0.00443575
0.0163043 0.00441021
0.0165552 0.00438489
0.016806 0.00435524
0.0170569 0.00432689
0.0173077 0.00429871
0.0175585 0.0042691
0.0178094 0.00423674
0.0180602 0.00420539
0.018311 0.00417434
0.0185619 0.00414121
0.0188127 0.00410564
0.0190635 0.00407114
0.0193144 0.0040369
0.0195652 0.00400135
0.0198161 0.00396201
0.0200669 0.00392419
0.0203177 0.00388645
0.0205686 0.00384936
0.0208194 0.00380657
0.0210702 0.00376482
0.0213211 0.00372356
0.0215719 0.00368273
0.0218227 0.00364035
0.0220736 0.00359349
0.0223244 0.00354867
0.0225753 0.00350384
0.0228261 0.00345965
0.0230769 0.00341291
0.0233278 0.00336237
0.0235786 0.00331389
0.0238294 0.0032654
0.0240803 0.00321752
0.0243311 0.00316826
0.0245819 0.00311359
0.0248328 0.00306108
0.0250836 0.00300887
0.0253344 0.00295692
0.0255853 0.00290574
0.0258361 0.00284877
0.026087 0.00279111
0.0263378 0.00273513
0.0265886 0.00267915
0.0268395 0.00262381
0.0270903 0.00256881
0.0273411 0.00250637
0.027592 0.00244526
0.0278428 0.00238551
0.0280936 0.00232575
0.0283445 0.00226668
0.0285953 0.00220814
0.0288462 0.00214286
0.029097 0.00207788
0.0293478 0.00201476
0.0295987 0.00195163
0.0298495 0.00188879
0.0301003 0.00182702
0.0303512 0.00176197
0.030602 0.00169342
0.0308528 0.00162697
0.0311037 0.0015611
0.0313545 0.00149524
0.0316054 0.00143012
0.0318562 0.00136573
0.032107 0.00129758
0.0323579 0.00122761
0.0326087 0.00115986
0.0328595 0.0010924
0.0331104 0.00102495
0.0333612 0.000958191
0.033612 0.00089241
0.0338629 0.000825774
0.0341137 0.000758213
0.0343645 0.000691537
0.0346154 0.000625496
0.0348662 0.000559455
0.0351171 0.000493414
0.0353679 0.000429633
0.0356187 0.000366044
0.0358696 0.000324689
0.0361204 0.000286433
0.0363712 0.000246006
0.0366221 0.000205256
0.0368729 0.000164506
0.0371237 0.000123771
0.0373746 8.77225e-05
0.0376254 5.1674e-05
0.0378763 4.192e-05
0.0381271 3.70706e-05
0.0383779 3.14301e-05
0.0386288 2.54847e-05
0.0388796 1.95392e-05
0.0391304 1.35938e-05
0.0393813 8.51677e-06
0.0396321 3.94041e-06
0.0398829 9.46525e-07
0.0401338 8.74461e-07
0.0403846 7.99337e-07
0.0406355 6.99408e-07
0.0408863 5.99478e-07
0.0411371 4.99548e-07
0.041388 3.99619e-07
0.0416388 3.24813e-07
0.0418896 2.56684e-07
0.0421405 2.14129e-07
0.0423913 2.13772e-07
0.0426421 2.13414e-07
0.042893 2.12914e-07
0.0431438 2.12415e-07
0.0433946 2.11915e-07
0.0436455 2.11415e-07
0.0438963 2.10987e-07
0.0441472 2.10649e-07
0.044398 2.10312e-07
0.0446488 2.10293e-07
0.0448997 2.10312e-07
0.0451505 2.10331e-07
0.0454013 2.1035e-07
0.0456522 2.10369e-07
0.045903 2.10388e-07
0.0461538 2.10408e-07
0.0464047 2.10426e-07
0.0466555 2.10444e-07
0.0469064 2.10463e-07
0.0471572 2.10564e-07
0.047408 2.10678e-07
0.0476589 2.10793e-07
0.0479097 2.10909e-07
0.0481605 2.11025e-07
0.0484114 2.11141e-07
0.0486622 2.11258e-07
0.048913 2.11373e-07
0.0491639 2.11481e-07
0.0494147 2.11589e-07
0.0496656 2.11807e-07
0.0499164 2.12309e-07
0.0501672 2.12812e-07
0.0504181 2.13318e-07
0.0506689 2.13827e-07
0.0509197 2.14336e-07
0.0511706 2.14845e-07
0.0514214 2.15354e-07
0.0516722 2.1586e-07
0.0519231 2.16337e-07
0.0521739 2.16814e-07
0.0524247 2.17431e-07
0.0526756 2.19578e-07
0.0529264 2.21724e-07
0.0531773 2.23873e-07
0.0534281 2.26037e-07
0.0536789 2.28202e-07
0.0539298 2.30366e-07
0.0541806 2.3253e-07
0.0544314 2.34695e-07
0.0546823 2.36805e-07
0.0549331 2.38845e-07
0.0551839 2.40885e-07
0.0554348 2.44696e-07
0.0556856 2.53709e-07
0.0559365 2.62722e-07
0.0561873 2.7174e-07
0.0564381 2.80786e-07
0.056689 2.89832e-07
0.0569398 2.98879e-07
0.0571906 3.07925e-07
0.0574415 3.16971e-07
0.0576923 3.25965e-07
0.0579431 3.34544e-07
0.058194 3.43123e-07
0.0584448 3.51701e-07
0.0586957 3.81574e-07
0.0589465 4.18487e-07
0.0591973 4.55401e-07
0.0594482 4.9228e-07
0.059699 5.29117e-07
0.0599498 5.65954e-07
0.0602007 6.02791e-07
0.0604515 6.39628e-07
0.0607023 6.76465e-07
0.0609532 7.13151e-07
0.061204 7.4834e-07
0.0614548 7.83529e-07
0.0617057 8.18718e-07
0.0619565 9.07606e-07
0.0622074 1.04249e-06
0.0624582 1.17738e-06
0.062709 1.3122e-06
0.0629599 1.4457e-06
0.0632107 1.5792e-06
0.0634615 1.7127e-06
0.0637124 1.8462e-06
0.0639632 1.97971e-06
0.064214 2.11321e-06
0.0644649 2.24516e-06
0.0647157 2.37395e-06
0.0649666 2.50273e-06
0.0652174 2.63152e-06
0.0654682 2.89619e-06
0.0657191 3.26131e-06
0.0659699 3.62644e-06
0.0662207 3.99156e-06
0.0664716 4.35003e-06
0.0667224 4.70768e-06
0.0669732 5.06532e-06
0.0672241 5.42297e-06
0.0674749 5.78061e-06
0.0677258 6.13825e-06
0.0679766 6.4959e-06
0.0682274 6.84688e-06
0.0684783 7.19605e-06
0.0687291 7.54521e-06
0.0689799 7.89438e-06
0.0692308 8.36789e-06
0.0694816 8.8691e-06
0.0697324 9.37031e-06
0.0699833 9.87152e-06
0.0702341 1.03577e-05
0.0704849 1.08426e-05
0.0707358 1.13274e-05
0.0709866 1.18123e-05
0.0712375 1.22972e-05
0.0714883 1.27821e-05
0.0717391 1.3267e-05
0.07199 1.37499e-05
0.0722408 1.42299e-05
0.0724916 1.471e-05
0.0727425 1.51901e-05
0.0729933 1.5381e-05
0.0732441 1.45599e-05
0.073495 1.37387e-05
0.0737458 1.29175e-05
0.0739967 1.19764e-05
0.0742475 1.00177e-05
0.0744983 8.05912e-06
0.0747492 6.10049e-06
