0 5127.64
0.000250836 5058.1
0.000501672 4981.95
0.000752508 4967.35
0.00100334 4985.83
0.00125418 5022.36
0.00150502 5070.43
0.00175585 5127.04
0.00200669 5190.37
0.00225753 5256.91
0.00250836 5323.71
0.0027592 5387.25
0.00301003 5445.16
0.00326087 5495.44
0.00351171 5535.74
0.00376254 5564.3
0.00401338 5578.56
0.00426421 5578.34
0.00451505 5563.54
0.00476589 5534.06
0.00501672 5489.78
0.00526756 5429.43
0.00551839 5354.81
0.00576923 5267.82
0.00602007 5169.39
0.0062709 5060.82
0.00652174 4938.85
0.00677258 4808.27
0.00702341 4672.27
0.00727425 4527.25
0.00752508 4375.72
0.00777592 4222.76
0.00802676 4060.82
0.00827759 3900.58
0.00852843 3735
0.00877926 3571.08
0.0090301 3405.12
0.00928094 3240.37
0.00953177 3075.49
0.00978261 2913.73
0.0100334 2751.45
0.0102843 2595.46
0.0105351 2438.9
0.010786 2288.86
0.0110368 2140.67
0.0112876 1996.42
0.0115385 1857.95
0.0117893 1720.51
0.0120401 1591.4
0.012291 1466.17
0.0125418 1343.14
0.0127926 1230.12
0.0130435 1120.25
0.0132943 1013.06
0.0135452 918.297
0.013796 825.063
0.0140468 734.282
0.0142977 656.903
0.0145485 580.958
0.0147993 506.286
0.0150502 444.401
0.015301 385.809
0.0155518 327.557
0.0158027 277.829
0.0160535 235.89
0.0163043 194.191
0.0165552 153.588
0.016806 126.562
0.0170569 100.819
0.0173077 75.0411
0.0175585 53.4911
0.0178094 41.358
0.0180602 29.8716
0.018311 18.1853
0.0185619 9.86314
0.0188127 7.3052
0.0190635 5.00954
0.0193144 2.63465
0.0195652 0.561023
0.0198161 0.40927
0.0200669 0.29909
0.0203177 0.18891
0.0205686 0.0250367
0.0208194 0.00799689
0.0210702 0.00674252
0.0213211 0.00548815
0.0215719 0.00395785
0.0218227 0.0022677
0.0220736 0.00225054
0.0223244 0.00224022
0.0225753 0.00222989
0.0228261 0.00221566
0.0230769 0.00220388
0.0233278 0.00220385
0.0235786 0.00220389
0.0238294 0.00220394
0.0240803 0.00220396
0.0243311 0.002204
0.0245819 0.00220423
0.0248328 0.00220449
0.0250836 0.00220476
0.0253344 0.00220502
0.0255853 0.00220529
0.0258361 0.0022056
0.026087 0.00220595
0.0263378 0.00220632
0.0265886 0.00220668
0.0268395 0.00220705
0.0270903 0.00220742
0.0273411 0.00220781
0.027592 0.00220823
0.0278428 0.00220866
0.0280936 0.00220909
0.0283445 0.00220952
0.0285953 0.00220995
0.0288462 0.00221038
0.029097 0.00221083
0.0293478 0.00221129
0.0295987 0.00221175
0.0298495 0.00221221
0.0301003 0.00221268
0.0303512 0.00221313
0.030602 0.00221358
0.0308528 0.00221406
0.0311037 0.00221453
0.0313545 0.00221501
0.0316054 0.00221548
0.0318562 0.00221597
0.032107 0.00221642
0.0323579 0.00221687
0.0326087 0.00221734
0.0328595 0.00221782
0.0331104 0.00221829
0.0333612 0.00221876
0.033612 0.00221924
0.0338629 0.0022197
0.0341137 0.00222013
0.0343645 0.00222059
0.0346154 0.00222105
0.0348662 0.00222151
0.0351171 0.00222197
0.0353679 0.00222243
0.0356187 0.0022229
0.0358696 0.00222332
0.0361204 0.00222373
0.0363712 0.00222416
0.0366221 0.0022246
0.0368729 0.00222503
0.0371237 0.00222547
0.0373746 0.00222591
0.0376254 0.00222636
0.0378763 0.00222674
0.0381271 0.00222713
0.0383779 0.00222754
0.0386288 0.00222794
0.0388796 0.00222835
0.0391304 0.00222876
0.0393813 0.00222917
0.0396321 0.0022296
0.0398829 0.00222999
0.0401338 0.00223033
0.0403846 0.00223069
0.0406355 0.00223106
0.0408863 0.00223144
0.0411371 0.00223181
0.041388 0.00223218
0.0416388 0.00223256
0.0418896 0.00223295
0.0421405 0.00223331
0.0423913 0.00223362
0.0426421 0.00223395
0.042893 0.00223429
0.0431438 0.00223464
0.0433946 0.00223498
0.0436455 0.00223532
0.0438963 0.00223567
0.0441472 0.00223603
0.044398 0.00223639
0.0446488 0.00223667
0.0448997 0.00223694
0.0451505 0.00223724
0.0454013 0.00223754
0.0456522 0.00223784
0.045903 0.00223814
0.0461538 0.00223844
0.0464047 0.00223874
0.0466555 0.00223906
0.0469064 0.00223938
0.0471572 0.00223963
0.047408 0.00223988
0.0476589 0.00224015
0.0479097 0.00224043
0.0481605 0.0022407
0.0484114 0.00224098
0.0486622 0.00224126
0.048913 0.00224153
0.0491639 0.00224182
0.0494147 0.00224212
0.0496656 0.00224239
0.0499164 0.00224259
0.0501672 0.00224279
0.0504181 0.00224302
0.0506689 0.00224325
0.0509197 0.00224348
0.0511706 0.00224371
0.0514214 0.00224394
0.0516722 0.00224417
0.0519231 0.00224441
0.0521739 0.00224466
0.0524247 0.00224491
0.0526756 0.00224513
0.0529264 0.00224535
0.0531773 0.00224559
0.0534281 0.00224584
0.0536789 0.00224609
0.0539298 0.00224634
0.0541806 0.00224659
0.0544314 0.00224684
0.0546823 0.00224709
0.0549331 0.00224735
0.0551839 0.00224762
0.0554348 0.00224795
0.0556856 0.00224847
0.0559365 0.00224898
0.0561873 0.0022495
0.0564381 0.00225002
0.056689 0.00225055
0.0569398 0.00225107
0.0571906 0.00225159
0.0574415 0.00225211
0.0576923 0.00225263
0.0579431 0.00225316
0.058194 0.00225372
0.0584448 0.00225427
0.0586957 0.00225726
0.0589465 0.00226105
0.0591973 0.00226482
0.0594482 0.00226849
0.059699 0.00227216
0.0599498 0.00227583
0.0602007 0.0022795
0.0604515 0.00228317
0.0607023 0.00228684
0.0609532 0.00229051
0.061204 0.00229419
0.0614548 0.00229792
0.0617057 0.00230165
0.0619565 0.00231927
0.0622074 0.00234878
0.0624582 0.00237829
0.062709 0.00240711
0.0629599 0.00243583
0.0632107 0.00246454
0.0634615 0.00249325
0.0637124 0.00252197
0.0639632 0.00255068
0.064214 0.0025794
0.0644649 0.00260811
0.0647157 0.00263681
0.0649666 0.0026655
0.0652174 0.00269419
0.0654682 0.00279799
0.0657191 0.00295731
0.0659699 0.00311664
0.0662207 0.00327418
0.0664716 0.00343114
0.0667224 0.0035881
0.0669732 0.00374506
0.0672241 0.00390202
0.0674749 0.00405898
0.0677258 0.00421594
0.0679766 0.0043729
0.0682274 0.00452985
0.0684783 0.00468498
0.0687291 0.00483981
0.0689799 0.00499463
0.0692308 0.0052709
0.0694816 0.00557422
0.0697324 0.00587754
0.0699833 0.00617747
0.0702341 0.00647673
0.0704849 0.00677599
0.0707358 0.00707525
0.0709866 0.0073745
0.0712375 0.00767376
0.0714883 0.00797302
0.0717391 0.00827228
0.07199 0.00857154
0.0722408 0.00886894
0.0724916 0.00916392
0.0727425 0.0094589
0.0729933 0.00968834
0.0732441 0.00968831
0.073495 0.00968829
0.0737458 0.00968827
0.0739967 0.00968827
0.0742475 0.00968827
0.0744983 0.00968827
0.0747492 0.00968827
