0 0.00467137
0.000250836 0.00470615
0.000501672 0.00480269
0.000752508 0.00490751
0.00100334 0.00496739
0.00125418 0.00498343
0.00150502 0.00497238
0.00175585 0.00495583
0.00200669 0.00494311
0.00225753 0.00493511
0.00250836 0.00493146
0.0027592 0.00493036
0.00301003 0.00493072
0.00326087 0.00493166
0.00351171 0.00493284
0.00376254 0.00493407
0.00401338 0.00493509
0.00426421 0.00493574
0.00451505 0.00493587
0.00476589 0.00493539
0.00501672 0.00493415
0.00526756 0.00493195
0.00551839 0.00492872
0.00576923 0.00492439
0.00602007 0.004919
0.0062709 0.00491255
0.00652174 0.00490457
0.00677258 0.00489492
0.00702341 0.00488432
0.00727425 0.00487222
0.00752508 0.00485784
0.00777592 0.00484292
0.00802676 0.00482533
0.00827759 0.00480658
0.00852843 0.00478629
0.00877926 0.00476348
0.0090301 0.00474015
0.00928094 0.00471339
0.00953177 0.00468662
0.00978261 0.00465613
0.0100334 0.00462544
0.0102843 0.00459174
0.0105351 0.00455654
0.010786 0.00452036
0.0110368 0.00448013
0.0112876 0.00444215
0.0115385 0.00439712
0.0117893 0.00435373
0.0120401 0.0043079
0.012291 0.00425827
0.0125418 0.00421121
0.0127926 0.0041578
0.0130435 0.00410379
0.0132943 0.00405238
0.0135452 0.00399225
0.013796 0.00393362
0.0140468 0.0038772
0.0142977 0.00381175
0.0145485 0.00374776
0.0147993 0.00368659
0.0150502 0.00361698
0.015301 0.00354713
0.0155518 0.00348057
0.0158027 0.00340882
0.0160535 0.00333313
0.0163043 0.00326005
0.0165552 0.00318829
0.016806 0.00310687
0.0170569 0.00302659
0.0173077 0.00294972
0.0175585 0.00286986
0.0178094 0.00278322
0.0180602 0.00269822
0.018311 0.00261698
0.0185619 0.00253146
0.0188127 0.00244024
0.0190635 0.00235083
0.0193144 0.00226503
0.0195652 0.00217671
0.0198161 0.00208164
0.0200669 0.00198806
0.0203177 0.00189757
0.0205686 0.00180833
0.0208194 0.00171129
0.0210702 0.00161404
0.0213211 0.00151916
0.0215719 0.00142731
0.0218227 0.00133357
0.0220736 0.00123525
0.0223244 0.00113827
0.0225753 0.00104378
0.0228261 0.000951306
0.0230769 0.000858333
0.0233278 0.000764624
0.0235786 0.00067269
0.0238294 0.000583098
0.0240803 0.00049487
0.0243311 0.000412027
0.0245819 0.000345985
0.0248328 0.000281519
0.0250836 0.000222384
0.0253344 0.000160279
0.0255853 9.8031e-05
0.0258361 7.25615e-05
0.026087 5.71328e-05
0.0263378 4.43666e-05
0.0265886 3.2005e-05
0.0268395 1.74419e-05
0.0270903 3.13506e-06
0.0273411 2.58833e-06
0.027592 2.04159e-06
0.0278428 1.68698e-06
0.0280936 1.31427e-06
0.0283445 7.97241e-07
0.0285953 2.80212e-07
0.0288462 2.37499e-07
0.029097 2.34182e-07
0.0293478 2.31793e-07
0.0295987 2.30113e-07
0.0298495 2.26971e-07
0.0301003 2.2383e-07
0.0303512 2.22181e-07
0.030602 2.22137e-07
0.0308528 2.22093e-07
0.0311037 2.22059e-07
0.0313545 2.22023e-07
0.0316054 2.21981e-07
0.0318562 2.2194e-07
0.032107 2.21913e-07
0.0323579 2.21893e-07
0.0326087 2.21873e-07
0.0328595 2.21854e-07
0.0331104 2.21835e-07
0.0333612 2.21817e-07
0.033612 2.21798e-07
0.0338629 2.21781e-07
0.0341137 2.21766e-07
0.0343645 2.21751e-07
0.0346154 2.21737e-07
0.0348662 2.21723e-07
0.0351171 2.21709e-07
0.0353679 2.21695e-07
0.0356187 2.21681e-07
0.0358696 2.21669e-07
0.0361204 2.21658e-07
0.0363712 2.21646e-07
0.0366221 2.21635e-07
0.0368729 2.21625e-07
0.0371237 2.21614e-07
0.0373746 2.21603e-07
0.0376254 2.21593e-07
0.0378763 2.21584e-07
0.0381271 2.21576e-07
0.0383779 2.21568e-07
0.0386288 2.2156e-07
0.0388796 2.21552e-07
0.0391304 2.21544e-07
0.0393813 2.21537e-07
0.0396321 2.21529e-07
0.0398829 2.21522e-07
0.0401338 2.21516e-07
0.0403846 2.2151e-07
0.0406355 2.21503e-07
0.0408863 2.21497e-07
0.0411371 2.21492e-07
0.041388 2.21486e-07
0.0416388 2.2148e-07
0.0418896 2.21474e-07
0.0421405 2.21469e-07
0.0423913 2.21465e-07
0.0426421 2.21461e-07
0.042893 2.21457e-07
0.0431438 2.21453e-07
0.0433946 2.21449e-07
0.0436455 2.21445e-07
0.0438963 2.21442e-07
0.0441472 2.21438e-07
0.044398 2.21434e-07
0.0446488 2.21431e-07
0.0448997 2.21428e-07
0.0451505 2.21425e-07
0.0454013 2.21422e-07
0.0456522 2.21419e-07
0.045903 2.21417e-07
0.0461538 2.21414e-07
0.0464047 2.21411e-07
0.0466555 2.21409e-07
0.0469064 2.21406e-07
0.0471572 2.21407e-07
0.047408 2.21408e-07
0.0476589 2.21409e-07
0.0479097 2.2141e-07
0.0481605 2.21411e-07
0.0484114 2.21412e-07
0.0486622 2.21413e-07
0.048913 2.21414e-07
0.0491639 2.21415e-07
0.0494147 2.21416e-07
0.0496656 2.21422e-07
0.0499164 2.21438e-07
0.0501672 2.21454e-07
0.0504181 2.21471e-07
0.0506689 2.21487e-07
0.0509197 2.21502e-07
0.0511706 2.21518e-07
0.0514214 2.21533e-07
0.0516722 2.21549e-07
0.0519231 2.21565e-07
0.0521739 2.21581e-07
0.0524247 2.21606e-07
0.0526756 2.21728e-07
0.0529264 2.2185e-07
0.0531773 2.21973e-07
0.0534281 2.22095e-07
0.0536789 2.22211e-07
0.0539298 2.22325e-07
0.0541806 2.22438e-07
0.0544314 2.22556e-07
0.0546823 2.22673e-07
0.0549331 2.22791e-07
0.0551839 2.22909e-07
0.0554348 2.23204e-07
0.0556856 2.24023e-07
0.0559365 2.24842e-07
0.0561873 2.25661e-07
0.0564381 2.2648e-07
0.056689 2.27267e-07
0.0569398 2.28037e-07
0.0571906 2.28806e-07
0.0574415 2.29588e-07
0.0576923 2.30376e-07
0.0579431 2.31164e-07
0.058194 2.31952e-07
0.0584448 2.3274e-07
0.0586957 2.37022e-07
0.0589465 2.42458e-07
0.0591973 2.47895e-07
0.0594482 2.53332e-07
0.059699 2.58768e-07
0.0599498 2.63958e-07
0.0602007 2.69112e-07
0.0604515 2.74266e-07
0.0607023 2.79485e-07
0.0609532 2.84722e-07
0.061204 2.89959e-07
0.0614548 2.95196e-07
0.0617057 3.00433e-07
0.0619565 3.22484e-07
0.0622074 3.58936e-07
0.0624582 3.95389e-07
0.062709 4.31842e-07
0.0629599 4.68295e-07
0.0632107 5.04148e-07
0.0634615 5.3904e-07
0.0637124 5.73932e-07
0.0639632 6.08858e-07
0.064214 6.4402e-07
0.0644649 6.79183e-07
0.0647157 7.14345e-07
0.0649666 7.49508e-07
0.0652174 7.84671e-07
0.0654682 9.30895e-07
0.0657191 1.15923e-06
0.0659699 1.38756e-06
0.0662207 1.61589e-06
0.0664716 1.84422e-06
0.0667224 2.0717e-06
0.0669732 2.29333e-06
0.0672241 2.51496e-06
0.0674749 2.73659e-06
0.0677258 2.95749e-06
0.0679766 3.17805e-06
0.0682274 3.39861e-06
0.0684783 3.61917e-06
0.0687291 3.83973e-06
0.0689799 4.06028e-06
0.0692308 4.82243e-06
0.0694816 5.70521e-06
0.0697324 6.58799e-06
0.0699833 7.47077e-06
0.0702341 8.35354e-06
0.0704849 9.23573e-06
0.0707358 1.01089e-05
0.0709866 1.0982e-05
0.0712375 1.18551e-05
0.0714883 1.27202e-05
0.0717391 1.35741e-05
0.07199 1.4428e-05
0.0722408 1.52819e-05
0.0724916 1.61358e-05
0.0727425 1.69897e-05
0.0729933 1.74555e-05
0.0732441 1.65626e-05
0.073495 1.56698e-05
0.0737458 1.4777e-05
0.0739967 1.38841e-05
0.0742475 1.29913e-05
0.0744983 1.19142e-05
0.0747492 9.68744e-06
