#        Time  nozzle coflow outlet
         1001 -2.87634e-05 -0.000854072  0.000935996
         1002 -2.87633e-05 -0.000854072   0.00093576
         1003 -2.87541e-05  -0.00085407  0.000935624
         1004 -2.87459e-05  -0.00085407  0.000935523
         1005 -2.87453e-05 -0.000854072  0.000935498
         1006  -2.8751e-05 -0.000854073  0.000935518
         1007 -2.87573e-05 -0.000854073  0.000935515
         1008   -2.876e-05 -0.000854071  0.000935494
         1009 -2.87594e-05 -0.000854071  0.000935456
         1010  -2.8758e-05  -0.00085407   0.00093544
         1011  -2.8758e-05 -0.000854071  0.000935435
         1012 -2.87592e-05 -0.000854071  0.000935461
         1013 -2.87605e-05 -0.000854071  0.000935441
         1014 -2.87609e-05 -0.000854071  0.000935459
         1015 -2.87606e-05  -0.00085407  0.000935421
         1016 -2.87602e-05  -0.00085407  0.000935434
         1017 -2.87603e-05 -0.000854071  0.000935416
         1018 -2.87607e-05 -0.000854071  0.000935447
         1019 -2.87611e-05 -0.000854071  0.000935435
         1020 -2.87611e-05  -0.00085407   0.00093545
         1021 -2.87611e-05  -0.00085407  0.000935451
         1022 -2.87611e-05  -0.00085407   0.00093545
         1023 -2.87612e-05  -0.00085407  0.000935449
         1024 -2.87614e-05  -0.00085407  0.000935457
         1025 -2.87615e-05  -0.00085407  0.000935453
         1026 -2.87615e-05  -0.00085407  0.000935462
         1027 -2.87616e-05  -0.00085407  0.000935465
         1028 -2.87616e-05  -0.00085407  0.000935471
         1029 -2.87617e-05  -0.00085407  0.000935475
         1030 -2.87618e-05  -0.00085407  0.000935492
         1031 -2.87618e-05  -0.00085407  0.000935494
         1032 -2.87618e-05  -0.00085407  0.000935508
         1033 -2.87619e-05  -0.00085407  0.000935515
         1034 -2.87619e-05  -0.00085407  0.000935524
         1035  -2.8762e-05  -0.00085407  0.000935537
         1036  -2.8762e-05  -0.00085407   0.00093555
         1037 -2.87621e-05  -0.00085407  0.000935568
         1038 -2.87621e-05  -0.00085407  0.000935582
         1039 -2.87621e-05  -0.00085407  0.000935596
         1040 -2.87622e-05  -0.00085407  0.000935612
         1041 -2.87622e-05  -0.00085407  0.000935631
         1042 -2.87622e-05 -0.000854069  0.000935648
         1043 -2.87623e-05 -0.000854069  0.000935668
         1044 -2.87623e-05 -0.000854069  0.000935688
         1045 -2.87623e-05 -0.000854069   0.00093571
         1046 -2.87623e-05 -0.000854069  0.000935733
         1047 -2.87623e-05 -0.000854069  0.000935757
         1048 -2.87624e-05 -0.000854069  0.000935782
         1049 -2.87624e-05 -0.000854069  0.000935808
         1050 -2.87624e-05 -0.000854069  0.000935831
         1051 -2.87624e-05 -0.000854069  0.000935861
         1052 -2.87624e-05 -0.000854069  0.000935889
         1053 -2.87624e-05 -0.000854069  0.000935919
         1054 -2.87625e-05 -0.000854069  0.000935952
         1055 -2.87625e-05 -0.000854069  0.000935983
         1056 -2.87625e-05 -0.000854069  0.000936017
         1057 -2.87625e-05 -0.000854069  0.000936051
         1058 -2.87625e-05 -0.000854069  0.000936086
         1059 -2.87625e-05 -0.000854069  0.000936123
         1060 -2.87625e-05 -0.000854069   0.00093616
         1061 -2.87625e-05 -0.000854069    0.0009362
         1062 -2.87625e-05 -0.000854069  0.000936239
         1063 -2.87625e-05 -0.000854069  0.000936281
         1064 -2.87625e-05 -0.000854069  0.000936323
         1065 -2.87625e-05 -0.000854069  0.000936366
         1066 -2.87625e-05 -0.000854069   0.00093641
         1067 -2.87625e-05 -0.000854069  0.000936456
         1068 -2.87625e-05 -0.000854069  0.000936503
         1069 -2.87626e-05 -0.000854069  0.000936551
         1070 -2.87626e-05 -0.000854069    0.0009366
         1071 -2.87626e-05 -0.000854069   0.00093665
         1072 -2.87626e-05 -0.000854069  0.000936702
         1073 -2.87626e-05 -0.000854069  0.000936754
         1074 -2.87626e-05 -0.000854069  0.000936807
         1075 -2.87626e-05 -0.000854069  0.000936862
         1076 -2.87626e-05 -0.000854069  0.000936918
         1077 -2.87626e-05 -0.000854069  0.000936975
         1078 -2.87626e-05 -0.000854069  0.000937033
         1079 -2.87626e-05 -0.000854069  0.000937092
         1080 -2.87626e-05 -0.000854069  0.000937153
         1081 -2.87626e-05 -0.000854069  0.000937214
         1082 -2.87626e-05 -0.000854069  0.000937277
         1083 -2.87626e-05 -0.000854069  0.000937341
         1084 -2.87626e-05 -0.000854069  0.000937406
         1085 -2.87626e-05 -0.000854069  0.000937472
         1086 -2.87626e-05 -0.000854069  0.000937539
         1087 -2.87626e-05 -0.000854069  0.000937608
         1088 -2.87626e-05 -0.000854069  0.000937678
         1089 -2.87626e-05 -0.000854069  0.000937748
         1090 -2.87626e-05 -0.000854069   0.00093782
         1091 -2.87626e-05 -0.000854069  0.000937893
         1092 -2.87626e-05 -0.000854069  0.000937967
         1093 -2.87626e-05 -0.000854069  0.000938043
         1094 -2.87626e-05 -0.000854069  0.000938119
         1095 -2.87626e-05 -0.000854069  0.000938196
         1096 -2.87626e-05 -0.000854069  0.000938274
         1097 -2.87626e-05 -0.000854069  0.000938354
         1098 -2.87626e-05 -0.000854069  0.000938435
         1099 -2.87626e-05 -0.000854069  0.000938516
         1100 -2.87626e-05 -0.000854069  0.000938599
         1101 -2.87626e-05 -0.000854069  0.000938683
         1102 -2.87626e-05 -0.000854068  0.000938768
         1103 -2.87626e-05 -0.000854068  0.000938854
         1104 -2.87626e-05 -0.000854068   0.00093894
         1105 -2.87626e-05 -0.000854068  0.000939028
         1106 -2.87626e-05 -0.000854068  0.000939117
         1107 -2.87626e-05 -0.000854068  0.000939206
         1108 -2.87626e-05 -0.000854068  0.000939297
         1109 -2.87626e-05 -0.000854068  0.000939388
         1110 -2.87626e-05 -0.000854068   0.00093948
         1111 -2.87626e-05 -0.000854068  0.000939573
         1112 -2.87626e-05 -0.000854068  0.000939667
         1113 -2.87626e-05 -0.000854068  0.000939761
         1114 -2.87626e-05 -0.000854068  0.000939857
         1115 -2.87626e-05 -0.000854068  0.000939953
         1116 -2.87626e-05 -0.000854068   0.00094005
         1117 -2.87626e-05 -0.000854068  0.000940147
         1118 -2.87626e-05 -0.000854068  0.000940245
         1119 -2.87626e-05 -0.000854068  0.000940344
         1120 -2.87626e-05 -0.000854068  0.000940443
         1121 -2.87626e-05 -0.000854068  0.000940543
         1122 -2.87626e-05 -0.000854068  0.000940644
         1123 -2.87626e-05 -0.000854068  0.000940745
         1124 -2.87626e-05 -0.000854068  0.000940846
         1125 -2.87626e-05 -0.000854068  0.000940948
         1126 -2.87626e-05 -0.000854068  0.000941051
         1127 -2.87626e-05 -0.000854068  0.000941154
         1128 -2.87625e-05 -0.000854068  0.000941257
         1129 -2.87625e-05 -0.000854068  0.000941361
         1130 -2.87625e-05 -0.000854068  0.000941465
         1131 -2.87625e-05 -0.000854068   0.00094157
         1132 -2.87625e-05 -0.000854068  0.000941675
         1133 -2.87625e-05 -0.000854068   0.00094178
         1134 -2.87625e-05 -0.000854068  0.000941886
         1135 -2.87625e-05 -0.000854068  0.000941992
         1136 -2.87625e-05 -0.000854068  0.000942098
         1137 -2.87625e-05 -0.000854068  0.000942205
         1138 -2.87625e-05 -0.000854068  0.000942312
         1139 -2.87625e-05 -0.000854068  0.000942419
         1140 -2.87625e-05 -0.000854068  0.000942526
         1141 -2.87625e-05 -0.000854068  0.000942634
         1142 -2.87625e-05 -0.000854068  0.000942742
         1143 -2.87625e-05 -0.000854068   0.00094285
         1144 -2.87625e-05 -0.000854068  0.000942959
         1145 -2.87625e-05 -0.000854068  0.000943068
         1146 -2.87625e-05 -0.000854068  0.000943176
         1147 -2.87625e-05 -0.000854068  0.000943286
         1148 -2.87625e-05 -0.000854068  0.000943395
         1149 -2.87625e-05 -0.000854068  0.000943505
         1150 -2.87625e-05 -0.000854068  0.000943614
         1151 -2.87625e-05 -0.000854068  0.000943724
         1152 -2.87625e-05 -0.000854068  0.000943834
         1153 -2.87625e-05 -0.000854068  0.000943944
         1154 -2.87625e-05 -0.000854068  0.000944054
         1155 -2.87625e-05 -0.000854068  0.000944165
         1156 -2.87625e-05 -0.000854068  0.000944275
         1157 -2.87625e-05 -0.000854068  0.000944386
         1158 -2.87625e-05 -0.000854068  0.000944496
         1159 -2.87625e-05 -0.000854068  0.000944606
         1160 -2.87625e-05 -0.000854068  0.000944722
         1161 -2.87625e-05 -0.000854068  0.000944837
         1162 -2.87625e-05 -0.000854068  0.000944952
         1163 -2.87625e-05 -0.000854068  0.000945068
         1164 -2.87625e-05 -0.000854068  0.000945185
         1165 -2.87625e-05 -0.000854068    0.0009453
         1166 -2.87625e-05 -0.000854068  0.000945415
         1167 -2.87625e-05 -0.000854068  0.000945529
         1168 -2.87625e-05 -0.000854068  0.000945643
         1169 -2.87625e-05 -0.000854068  0.000945757
         1170 -2.87625e-05 -0.000854068   0.00094587
         1171 -2.87625e-05 -0.000854068  0.000945982
         1172 -2.87625e-05 -0.000854068  0.000946094
         1173 -2.87625e-05 -0.000854068  0.000946205
         1174 -2.87625e-05 -0.000854068  0.000946315
         1175 -2.87625e-05 -0.000854068  0.000946424
         1176 -2.87625e-05 -0.000854068  0.000946533
         1177 -2.87625e-05 -0.000854068  0.000946641
         1178 -2.87625e-05 -0.000854068  0.000946747
         1179 -2.87625e-05 -0.000854068  0.000946853
         1180 -2.87625e-05 -0.000854068  0.000946958
         1181 -2.87625e-05 -0.000854068  0.000947062
         1182 -2.87625e-05 -0.000854068  0.000947164
         1183 -2.87625e-05 -0.000854068  0.000947266
         1184 -2.87625e-05 -0.000854068  0.000947367
         1185 -2.87625e-05 -0.000854068  0.000947466
         1186 -2.87625e-05 -0.000854068  0.000947564
         1187 -2.87625e-05 -0.000854068  0.000947661
         1188 -2.87625e-05 -0.000854068  0.000947757
         1189 -2.87625e-05 -0.000854068  0.000947852
         1190 -2.87625e-05 -0.000854068  0.000947946
         1191 -2.87625e-05 -0.000854068  0.000948038
         1192 -2.87625e-05 -0.000854068  0.000948129
         1193 -2.87625e-05 -0.000854068  0.000948219
         1194 -2.87625e-05 -0.000854068  0.000948308
         1195 -2.87625e-05 -0.000854068  0.000948396
         1196 -2.87625e-05 -0.000854068  0.000948482
         1197 -2.87625e-05 -0.000854068  0.000948568
         1198 -2.87625e-05 -0.000854068  0.000948652
         1199 -2.87625e-05 -0.000854068  0.000948735
         1200 -2.87625e-05 -0.000854068  0.000948817
         1201 -2.87625e-05 -0.000854068  0.000948899
         1202 -2.87625e-05 -0.000854068  0.000948979
         1203 -2.87625e-05 -0.000854068  0.000949058
         1204 -2.87625e-05 -0.000854068  0.000949137
         1205 -2.87625e-05 -0.000854068  0.000949214
         1206 -2.87625e-05 -0.000854068  0.000949291
         1207 -2.87625e-05 -0.000854068  0.000949367
         1208 -2.87625e-05 -0.000854068  0.000949442
         1209 -2.87625e-05 -0.000854068  0.000949517
         1210 -2.87625e-05 -0.000854068  0.000949591
         1211 -2.87625e-05 -0.000854068  0.000949664
         1212 -2.87625e-05 -0.000854068  0.000949737
         1213 -2.87625e-05 -0.000854068   0.00094981
         1214 -2.87625e-05 -0.000854068  0.000949882
         1215 -2.87625e-05 -0.000854068  0.000949954
         1216 -2.87625e-05 -0.000854068  0.000950025
         1217 -2.87625e-05 -0.000854068  0.000950096
         1218 -2.87625e-05 -0.000854068  0.000950167
         1219 -2.87625e-05 -0.000854068  0.000950238
         1220 -2.87625e-05 -0.000854068  0.000950308
         1221 -2.87625e-05 -0.000854068  0.000950379
         1222 -2.87625e-05 -0.000854068  0.000950449
         1223 -2.87625e-05 -0.000854068   0.00095052
         1224 -2.87625e-05 -0.000854068   0.00095059
         1225 -2.87625e-05 -0.000854068  0.000950661
         1226 -2.87625e-05 -0.000854068  0.000950732
         1227 -2.87625e-05 -0.000854068  0.000950802
         1228 -2.87625e-05 -0.000854068  0.000950873
         1229 -2.87625e-05 -0.000854068  0.000950945
         1230 -2.87625e-05 -0.000854068  0.000951016
         1231 -2.87625e-05 -0.000854068  0.000951088
         1232 -2.87625e-05 -0.000854068  0.000951159
         1233 -2.87625e-05 -0.000854068  0.000951232
         1234 -2.87625e-05 -0.000854068  0.000951304
         1235 -2.87625e-05 -0.000854068  0.000951377
         1236 -2.87625e-05 -0.000854068   0.00095145
         1237 -2.87625e-05 -0.000854068  0.000951523
         1238 -2.87625e-05 -0.000854068  0.000951597
         1239 -2.87625e-05 -0.000854068  0.000951672
         1240 -2.87625e-05 -0.000854068  0.000951746
         1241 -2.87625e-05 -0.000854068  0.000951821
         1242 -2.87625e-05 -0.000854068  0.000951896
         1243 -2.87625e-05 -0.000854068  0.000951972
         1244 -2.87625e-05 -0.000854068  0.000952048
         1245 -2.87625e-05 -0.000854068  0.000952124
         1246 -2.87625e-05 -0.000854068  0.000952201
         1247 -2.87625e-05 -0.000854068  0.000952278
         1248 -2.87625e-05 -0.000854068  0.000952356
         1249 -2.87625e-05 -0.000854068  0.000952434
         1250 -2.87625e-05 -0.000854068  0.000952512
         1251 -2.87625e-05 -0.000854068  0.000952591
         1252 -2.87625e-05 -0.000854068   0.00095267
         1253 -2.87625e-05 -0.000854068  0.000952749
         1254 -2.87625e-05 -0.000854068  0.000952828
         1255 -2.87625e-05 -0.000854068  0.000952908
         1256 -2.87625e-05 -0.000854068  0.000952988
         1257 -2.87625e-05 -0.000854068  0.000953069
         1258 -2.87625e-05 -0.000854068   0.00095315
         1259 -2.87625e-05 -0.000854068   0.00095323
         1260 -2.87625e-05 -0.000854068  0.000953312
         1261 -2.87625e-05 -0.000854068  0.000953393
         1262 -2.87625e-05 -0.000854068  0.000953475
         1263 -2.87625e-05 -0.000854068  0.000953557
         1264 -2.87625e-05 -0.000854068  0.000953639
         1265 -2.87625e-05 -0.000854068  0.000953721
         1266 -2.87625e-05 -0.000854068  0.000953803
         1267 -2.87625e-05 -0.000854068  0.000953886
         1268 -2.87625e-05 -0.000854068  0.000953969
         1269 -2.87625e-05 -0.000854068  0.000954052
         1270 -2.87625e-05 -0.000854068  0.000954135
         1271 -2.87625e-05 -0.000854068  0.000954218
         1272 -2.87625e-05 -0.000854068  0.000954301
         1273 -2.87625e-05 -0.000854068  0.000954385
         1274 -2.87625e-05 -0.000854068  0.000954468
         1275 -2.87625e-05 -0.000854068  0.000954552
         1276 -2.87625e-05 -0.000854068  0.000954635
         1277 -2.87625e-05 -0.000854068  0.000954719
         1278 -2.87625e-05 -0.000854068  0.000954802
         1279 -2.87625e-05 -0.000854068  0.000954886
         1280 -2.87625e-05 -0.000854068   0.00095497
         1281 -2.87625e-05 -0.000854068  0.000955053
         1282 -2.87625e-05 -0.000854068  0.000955137
         1283 -2.87625e-05 -0.000854068  0.000955221
         1284 -2.87625e-05 -0.000854068  0.000955304
         1285 -2.87625e-05 -0.000854068  0.000955388
         1286 -2.87625e-05 -0.000854068  0.000955471
         1287 -2.87625e-05 -0.000854068  0.000955555
         1288 -2.87625e-05 -0.000854068  0.000955638
         1289 -2.87625e-05 -0.000854068  0.000955722
         1290 -2.87625e-05 -0.000854068  0.000955805
         1291 -2.87625e-05 -0.000854068  0.000955888
         1292 -2.87625e-05 -0.000854068  0.000955971
         1293 -2.87625e-05 -0.000854068  0.000956054
         1294 -2.87625e-05 -0.000854068  0.000956137
         1295 -2.87625e-05 -0.000854068   0.00095622
         1296 -2.87625e-05 -0.000854068  0.000956302
         1297 -2.87625e-05 -0.000854068  0.000956384
         1298 -2.87625e-05 -0.000854068  0.000956466
         1299 -2.87625e-05 -0.000854068  0.000956548
         1300 -2.87625e-05 -0.000854068   0.00095663
         1301 -2.87625e-05 -0.000854068  0.000956712
         1302 -2.87625e-05 -0.000854068  0.000956793
         1303 -2.87625e-05 -0.000854068  0.000956874
         1304 -2.87625e-05 -0.000854068  0.000956955
         1305 -2.87625e-05 -0.000854068  0.000957036
         1306 -2.87625e-05 -0.000854068  0.000957116
         1307 -2.87625e-05 -0.000854068  0.000957197
         1308 -2.87625e-05 -0.000854068  0.000957277
         1309 -2.87625e-05 -0.000854068  0.000957356
         1310 -2.87625e-05 -0.000854068  0.000957436
         1311 -2.87625e-05 -0.000854068  0.000957515
         1312 -2.87625e-05 -0.000854068  0.000957594
         1313 -2.87625e-05 -0.000854068  0.000957672
         1314 -2.87625e-05 -0.000854068  0.000957751
         1315 -2.87625e-05 -0.000854068  0.000957829
         1316 -2.87625e-05 -0.000854068  0.000957906
         1317 -2.87625e-05 -0.000854068  0.000957984
         1318 -2.87625e-05 -0.000854068  0.000958061
         1319 -2.87625e-05 -0.000854068  0.000958138
         1320 -2.87625e-05 -0.000854068  0.000958214
         1321 -2.87625e-05 -0.000854068   0.00095829
         1322 -2.87625e-05 -0.000854068  0.000958366
         1323 -2.87625e-05 -0.000854068  0.000958441
         1324 -2.87625e-05 -0.000854068  0.000958516
         1325 -2.87625e-05 -0.000854068  0.000958591
         1326 -2.87625e-05 -0.000854068  0.000958665
         1327 -2.87625e-05 -0.000854068  0.000958739
         1328 -2.87625e-05 -0.000854068  0.000958813
         1329 -2.87625e-05 -0.000854068  0.000958886
         1330 -2.87625e-05 -0.000854068  0.000958959
         1331 -2.87625e-05 -0.000854068  0.000959031
         1332 -2.87625e-05 -0.000854068  0.000959103
         1333 -2.87625e-05 -0.000854068  0.000959175
         1334 -2.87625e-05 -0.000854068  0.000959246
         1335 -2.87625e-05 -0.000854068  0.000959317
         1336 -2.87625e-05 -0.000854068  0.000959387
         1337 -2.87625e-05 -0.000854068  0.000959457
         1338 -2.87625e-05 -0.000854068  0.000959527
         1339 -2.87625e-05 -0.000854068  0.000959596
         1340 -2.87625e-05 -0.000854068  0.000959665
         1341 -2.87625e-05 -0.000854068  0.000959733
         1342 -2.87625e-05 -0.000854068  0.000959801
         1343 -2.87625e-05 -0.000854068  0.000959868
         1344 -2.87625e-05 -0.000854068  0.000959935
         1345 -2.87625e-05 -0.000854068  0.000960002
         1346 -2.87625e-05 -0.000854068  0.000960068
         1347 -2.87625e-05 -0.000854068  0.000960134
         1348 -2.87625e-05 -0.000854068  0.000960199
         1349 -2.87625e-05 -0.000854068  0.000960263
         1350 -2.87625e-05 -0.000854068  0.000960328
         1351 -2.87625e-05 -0.000854068  0.000960391
         1352 -2.87625e-05 -0.000854068  0.000960455
         1353 -2.87625e-05 -0.000854068  0.000960518
         1354 -2.87625e-05 -0.000854068   0.00096058
         1355 -2.87625e-05 -0.000854068  0.000960642
         1356 -2.87625e-05 -0.000854068  0.000960703
         1357 -2.87625e-05 -0.000854068  0.000960764
         1358 -2.87625e-05 -0.000854068  0.000960825
         1359 -2.87625e-05 -0.000854068  0.000960885
         1360 -2.87625e-05 -0.000854068  0.000960944
         1361 -2.87625e-05 -0.000854068  0.000961003
         1362 -2.87625e-05 -0.000854068  0.000961061
         1363 -2.87625e-05 -0.000854068  0.000961119
         1364 -2.87625e-05 -0.000854068  0.000961177
         1365 -2.87625e-05 -0.000854068  0.000961234
         1366 -2.87625e-05 -0.000854068  0.000961291
         1367 -2.87625e-05 -0.000854068  0.000961347
         1368 -2.87625e-05 -0.000854068  0.000961402
         1369 -2.87625e-05 -0.000854068  0.000961457
         1370 -2.87625e-05 -0.000854068  0.000961512
         1371 -2.87625e-05 -0.000854068  0.000961566
         1372 -2.87625e-05 -0.000854068  0.000961619
         1373 -2.87625e-05 -0.000854068  0.000961672
         1374 -2.87625e-05 -0.000854068  0.000961725
         1375 -2.87625e-05 -0.000854068  0.000961777
         1376 -2.87625e-05 -0.000854068  0.000961828
         1377 -2.87625e-05 -0.000854068   0.00096188
         1378 -2.87625e-05 -0.000854068   0.00096193
         1379 -2.87625e-05 -0.000854068   0.00096198
         1380 -2.87625e-05 -0.000854068   0.00096203
         1381 -2.87625e-05 -0.000854068  0.000962079
         1382 -2.87625e-05 -0.000854068  0.000962127
         1383 -2.87625e-05 -0.000854068  0.000962175
         1384 -2.87625e-05 -0.000854068  0.000962223
         1385 -2.87625e-05 -0.000854068   0.00096227
         1386 -2.87625e-05 -0.000854068  0.000962317
         1387 -2.87625e-05 -0.000854068  0.000962363
         1388 -2.87625e-05 -0.000854068  0.000962408
         1389 -2.87625e-05 -0.000854068  0.000962454
         1390 -2.87625e-05 -0.000854069  0.000962498
         1391 -2.87625e-05 -0.000854069  0.000962542
         1392 -2.87625e-05 -0.000854069  0.000962586
         1393 -2.87625e-05 -0.000854069  0.000962629
         1394 -2.87625e-05 -0.000854069  0.000962672
         1395 -2.87625e-05 -0.000854069  0.000962714
         1396 -2.87625e-05 -0.000854069  0.000962755
         1397 -2.87625e-05 -0.000854069  0.000962797
         1398 -2.87625e-05 -0.000854069  0.000962837
         1399 -2.87625e-05 -0.000854069  0.000962878
         1400 -2.87625e-05 -0.000854069  0.000962917
         1401 -2.87625e-05 -0.000854069  0.000962957
         1402 -2.87625e-05 -0.000854069  0.000962995
         1403 -2.87625e-05 -0.000854069  0.000963034
         1404 -2.87625e-05 -0.000854069  0.000963071
         1405 -2.87625e-05 -0.000854069  0.000963109
         1406 -2.87625e-05 -0.000854069  0.000963146
         1407 -2.87625e-05 -0.000854069  0.000963182
         1408 -2.87625e-05 -0.000854069  0.000963218
         1409 -2.87625e-05 -0.000854069  0.000963253
         1410 -2.87625e-05 -0.000854069  0.000963288
         1411 -2.87625e-05 -0.000854069  0.000963323
         1412 -2.87625e-05 -0.000854069  0.000963357
         1413 -2.87625e-05 -0.000854069   0.00096339
         1414 -2.87625e-05 -0.000854069  0.000963423
         1415 -2.87625e-05 -0.000854069  0.000963456
         1416 -2.87625e-05 -0.000854069  0.000963488
         1417 -2.87625e-05 -0.000854069   0.00096352
         1418 -2.87625e-05 -0.000854069  0.000963551
         1419 -2.87625e-05 -0.000854069  0.000963582
         1420 -2.87625e-05 -0.000854069  0.000963612
         1421 -2.87625e-05 -0.000854069  0.000963642
         1422 -2.87625e-05 -0.000854069  0.000963672
         1423 -2.87625e-05 -0.000854069    0.0009637
         1424 -2.87625e-05 -0.000854069  0.000963729
         1425 -2.87625e-05 -0.000854069  0.000963757
         1426 -2.87625e-05 -0.000854069  0.000963785
         1427 -2.87625e-05 -0.000854069  0.000963812
         1428 -2.87625e-05 -0.000854069  0.000963839
         1429 -2.87625e-05 -0.000854069  0.000963865
         1430 -2.87625e-05 -0.000854069  0.000963891
         1431 -2.87625e-05 -0.000854069  0.000963916
         1432 -2.87625e-05 -0.000854069  0.000963941
         1433 -2.87625e-05 -0.000854069  0.000963966
         1434 -2.87625e-05 -0.000854069   0.00096399
         1435 -2.87625e-05 -0.000854069  0.000964014
         1436 -2.87625e-05 -0.000854069  0.000964037
         1437 -2.87625e-05 -0.000854069   0.00096406
         1438 -2.87625e-05 -0.000854069  0.000964082
         1439 -2.87625e-05 -0.000854069  0.000964105
         1440 -2.87625e-05 -0.000854069  0.000964127
         1441 -2.87625e-05 -0.000854069  0.000964148
         1442 -2.87625e-05 -0.000854069   0.00096417
         1443 -2.87625e-05 -0.000854069   0.00096419
         1444 -2.87625e-05 -0.000854069   0.00096421
         1445 -2.87625e-05 -0.000854069  0.000964231
         1446 -2.87625e-05 -0.000854069   0.00096425
         1447 -2.87625e-05 -0.000854069  0.000964269
         1448 -2.87625e-05 -0.000854069  0.000964288
         1449 -2.87625e-05 -0.000854069  0.000964306
         1450 -2.87625e-05 -0.000854069  0.000964324
         1451 -2.87625e-05 -0.000854069  0.000964341
         1452 -2.87625e-05 -0.000854069  0.000964359
         1453 -2.87625e-05 -0.000854069  0.000964375
         1454 -2.87625e-05 -0.000854069  0.000964391
         1455 -2.87625e-05 -0.000854069  0.000964407
         1456 -2.87625e-05 -0.000854069  0.000964423
         1457 -2.87625e-05 -0.000854069  0.000964437
         1458 -2.87625e-05 -0.000854069  0.000964452
         1459 -2.87625e-05 -0.000854069  0.000964467
         1460 -2.87625e-05 -0.000854069   0.00096448
         1461 -2.87625e-05 -0.000854069  0.000964494
         1462 -2.87625e-05 -0.000854069  0.000964507
         1463 -2.87625e-05 -0.000854069   0.00096452
         1464 -2.87625e-05 -0.000854069  0.000964532
         1465 -2.87625e-05 -0.000854069  0.000964544
         1466 -2.87625e-05 -0.000854069  0.000964556
         1467 -2.87625e-05 -0.000854069  0.000964567
         1468 -2.87625e-05 -0.000854069  0.000964578
         1469 -2.87625e-05 -0.000854069  0.000964588
         1470 -2.87625e-05 -0.000854069  0.000964598
         1471 -2.87625e-05 -0.000854069  0.000964608
         1472 -2.87625e-05 -0.000854069  0.000964617
         1473 -2.87625e-05 -0.000854069  0.000964626
         1474 -2.87625e-05 -0.000854069  0.000964635
         1475 -2.87625e-05 -0.000854069  0.000964643
         1476 -2.87625e-05 -0.000854069  0.000964651
         1477 -2.87625e-05 -0.000854069  0.000964658
         1478 -2.87625e-05 -0.000854069  0.000964665
         1479 -2.87625e-05 -0.000854069  0.000964672
         1480 -2.87625e-05 -0.000854069  0.000964678
         1481 -2.87625e-05 -0.000854069  0.000964684
         1482 -2.87625e-05 -0.000854069  0.000964689
         1483 -2.87625e-05 -0.000854069  0.000964695
         1484 -2.87625e-05 -0.000854069  0.000964699
         1485 -2.87625e-05 -0.000854069  0.000964704
         1486 -2.87625e-05 -0.000854069  0.000964708
         1487 -2.87625e-05 -0.000854069  0.000964711
         1488 -2.87625e-05 -0.000854069  0.000964715
         1489 -2.87625e-05 -0.000854069  0.000964718
         1490 -2.87625e-05 -0.000854069   0.00096472
         1491 -2.87625e-05 -0.000854069  0.000964723
         1492 -2.87625e-05 -0.000854069  0.000964725
         1493 -2.87625e-05 -0.000854069  0.000964726
         1494 -2.87625e-05 -0.000854069  0.000964727
         1495 -2.87625e-05 -0.000854069  0.000964728
         1496 -2.87625e-05 -0.000854069  0.000964729
         1497 -2.87625e-05 -0.000854069  0.000964729
         1498 -2.87625e-05 -0.000854069  0.000964729
         1499 -2.87625e-05 -0.000854069  0.000964728
         1500 -2.87625e-05 -0.000854069  0.000964728
         1501 -2.87625e-05 -0.000854069  0.000964726
         1502 -2.87625e-05 -0.000854069  0.000964725
         1503 -2.87625e-05 -0.000854069  0.000964723
         1504 -2.87625e-05 -0.000854069  0.000964721
         1505 -2.87625e-05 -0.000854069  0.000964719
         1506 -2.87625e-05 -0.000854069  0.000964716
         1507 -2.87625e-05 -0.000854069  0.000964713
         1508 -2.87625e-05 -0.000854069  0.000964709
         1509 -2.87625e-05 -0.000854069  0.000964706
         1510 -2.87625e-05 -0.000854069  0.000964702
         1511 -2.87625e-05 -0.000854069  0.000964697
         1512 -2.87625e-05 -0.000854069  0.000964693
         1513 -2.87625e-05 -0.000854069  0.000964688
         1514 -2.87625e-05 -0.000854069  0.000964683
         1515 -2.87625e-05 -0.000854069  0.000964677
         1516 -2.87625e-05 -0.000854069  0.000964671
         1517 -2.87625e-05 -0.000854069  0.000964665
         1518 -2.87625e-05 -0.000854069  0.000964659
         1519 -2.87625e-05 -0.000854069  0.000964652
         1520 -2.87625e-05 -0.000854069  0.000964645
         1521 -2.87625e-05 -0.000854069  0.000964638
         1522 -2.87625e-05 -0.000854069  0.000964631
         1523 -2.87625e-05 -0.000854069  0.000964623
         1524 -2.87625e-05 -0.000854069  0.000964615
         1525 -2.87625e-05 -0.000854069  0.000964606
         1526 -2.87625e-05 -0.000854069  0.000964598
         1527 -2.87625e-05 -0.000854069  0.000964589
         1528 -2.87625e-05 -0.000854069   0.00096458
         1529 -2.87625e-05 -0.000854069   0.00096457
         1530 -2.87625e-05 -0.000854069  0.000964561
         1531 -2.87625e-05 -0.000854069  0.000964551
         1532 -2.87625e-05 -0.000854069  0.000964541
         1533 -2.87625e-05 -0.000854069   0.00096453
         1534 -2.87625e-05 -0.000854069   0.00096452
         1535 -2.87625e-05 -0.000854069  0.000964509
         1536 -2.87625e-05 -0.000854069  0.000964498
         1537 -2.87625e-05 -0.000854069  0.000964486
         1538 -2.87625e-05 -0.000854069  0.000964474
         1539 -2.87625e-05 -0.000854069  0.000964463
         1540 -2.87625e-05 -0.000854069   0.00096445
         1541 -2.87625e-05 -0.000854069  0.000964438
         1542 -2.87625e-05 -0.000854069  0.000964425
         1543 -2.87625e-05 -0.000854069  0.000964413
         1544 -2.87625e-05 -0.000854069    0.0009644
         1545 -2.87625e-05 -0.000854069  0.000964386
         1546 -2.87625e-05 -0.000854069  0.000964373
         1547 -2.87625e-05 -0.000854069  0.000964359
         1548 -2.87625e-05 -0.000854069  0.000964345
         1549 -2.87625e-05 -0.000854069  0.000964331
         1550 -2.87625e-05 -0.000854069  0.000964317
         1551 -2.87625e-05 -0.000854069  0.000964302
         1552 -2.87625e-05 -0.000854069  0.000964287
         1553 -2.87625e-05 -0.000854069  0.000964272
         1554 -2.87625e-05 -0.000854069  0.000964257
         1555 -2.87625e-05 -0.000854069  0.000964242
         1556 -2.87625e-05 -0.000854069  0.000964226
         1557 -2.87625e-05 -0.000854069   0.00096421
         1558 -2.87625e-05 -0.000854069  0.000964194
         1559 -2.87625e-05 -0.000854069  0.000964178
         1560 -2.87625e-05 -0.000854069  0.000964162
         1561 -2.87625e-05 -0.000854069  0.000964145
         1562 -2.87625e-05 -0.000854069  0.000964128
         1563 -2.87625e-05 -0.000854069  0.000964111
         1564 -2.87625e-05 -0.000854069  0.000964094
         1565 -2.87625e-05 -0.000854069  0.000964077
         1566 -2.87625e-05 -0.000854069  0.000964059
         1567 -2.87625e-05 -0.000854069  0.000964042
         1568 -2.87625e-05 -0.000854069  0.000964024
         1569 -2.87625e-05 -0.000854069  0.000964006
         1570 -2.87625e-05 -0.000854069  0.000963987
         1571 -2.87625e-05 -0.000854069  0.000963969
         1572 -2.87625e-05 -0.000854069   0.00096395
         1573 -2.87625e-05 -0.000854069  0.000963932
         1574 -2.87625e-05 -0.000854069  0.000963913
         1575 -2.87625e-05 -0.000854069  0.000963894
         1576 -2.87625e-05 -0.000854069  0.000963875
         1577 -2.87625e-05 -0.000854069  0.000963855
         1578 -2.87625e-05 -0.000854069  0.000963836
         1579 -2.87625e-05 -0.000854069  0.000963816
         1580 -2.87625e-05 -0.000854069  0.000963796
         1581 -2.87625e-05 -0.000854069  0.000963776
         1582 -2.87625e-05 -0.000854069  0.000963756
         1583 -2.87625e-05 -0.000854069  0.000963736
         1584 -2.87625e-05 -0.000854069  0.000963715
         1585 -2.87625e-05 -0.000854069  0.000963695
         1586 -2.87625e-05 -0.000854069  0.000963674
         1587 -2.87625e-05 -0.000854069  0.000963653
         1588 -2.87625e-05 -0.000854069  0.000963632
         1589 -2.87625e-05 -0.000854069  0.000963611
         1590 -2.87625e-05 -0.000854069   0.00096359
         1591 -2.87625e-05 -0.000854069  0.000963568
         1592 -2.87625e-05 -0.000854069  0.000963547
         1593 -2.87625e-05 -0.000854069  0.000963525
         1594 -2.87625e-05 -0.000854069  0.000963503
         1595 -2.87625e-05 -0.000854069  0.000963481
         1596 -2.87625e-05 -0.000854069  0.000963459
         1597 -2.87625e-05 -0.000854069  0.000963437
         1598 -2.87625e-05 -0.000854069  0.000963415
         1599 -2.87625e-05 -0.000854069  0.000963393
         1600 -2.87625e-05 -0.000854069   0.00096337
         1601 -2.87625e-05 -0.000854069  0.000963347
         1602 -2.87625e-05 -0.000854069  0.000963325
         1603 -2.87625e-05 -0.000854069  0.000963302
         1604 -2.87625e-05 -0.000854069  0.000963279
         1605 -2.87625e-05 -0.000854069  0.000963256
         1606 -2.87625e-05 -0.000854069  0.000963232
         1607 -2.87625e-05 -0.000854069  0.000963209
         1608 -2.87625e-05 -0.000854069  0.000963186
         1609 -2.87625e-05 -0.000854069  0.000963162
         1610 -2.87625e-05 -0.000854069  0.000963138
         1611 -2.87625e-05 -0.000854069  0.000963115
         1612 -2.87625e-05 -0.000854069  0.000963091
         1613 -2.87625e-05 -0.000854069  0.000963067
         1614 -2.87625e-05 -0.000854069  0.000963043
         1615 -2.87625e-05 -0.000854069  0.000963019
         1616 -2.87625e-05 -0.000854069  0.000962994
         1617 -2.87625e-05 -0.000854069   0.00096297
         1618 -2.87625e-05 -0.000854069  0.000962946
         1619 -2.87625e-05 -0.000854069  0.000962921
         1620 -2.87625e-05 -0.000854069  0.000962897
         1621 -2.87625e-05 -0.000854069  0.000962872
         1622 -2.87625e-05 -0.000854069  0.000962847
         1623 -2.87625e-05 -0.000854069  0.000962822
         1624 -2.87625e-05 -0.000854069  0.000962797
         1625 -2.87625e-05 -0.000854069  0.000962772
         1626 -2.87625e-05 -0.000854069  0.000962747
         1627 -2.87625e-05 -0.000854069  0.000962722
         1628 -2.87625e-05 -0.000854069  0.000962697
         1629 -2.87625e-05 -0.000854069  0.000962672
         1630 -2.87625e-05 -0.000854069  0.000962646
         1631 -2.87625e-05 -0.000854069  0.000962621
         1632 -2.87625e-05 -0.000854069  0.000962595
         1633 -2.87625e-05 -0.000854069   0.00096257
         1634 -2.87625e-05 -0.000854069  0.000962544
         1635 -2.87625e-05 -0.000854069  0.000962518
         1636 -2.87625e-05 -0.000854069  0.000962492
         1637 -2.87625e-05 -0.000854069  0.000962467
         1638 -2.87625e-05 -0.000854069  0.000962441
         1639 -2.87625e-05 -0.000854069  0.000962415
         1640 -2.87625e-05 -0.000854069  0.000962389
         1641 -2.87625e-05 -0.000854069  0.000962362
         1642 -2.87625e-05 -0.000854069  0.000962336
         1643 -2.87625e-05 -0.000854069   0.00096231
         1644 -2.87625e-05 -0.000854069  0.000962284
         1645 -2.87625e-05 -0.000854069  0.000962257
         1646 -2.87625e-05 -0.000854069  0.000962231
         1647 -2.87625e-05 -0.000854069  0.000962205
         1648 -2.87625e-05 -0.000854069  0.000962178
         1649 -2.87625e-05 -0.000854069  0.000962151
         1650 -2.87625e-05 -0.000854069  0.000962125
         1651 -2.87625e-05 -0.000854069  0.000962098
         1652 -2.87625e-05 -0.000854069  0.000962071
         1653 -2.87625e-05 -0.000854069  0.000962045
         1654 -2.87625e-05 -0.000854069  0.000962018
         1655 -2.87625e-05 -0.000854069  0.000961991
         1656 -2.87625e-05 -0.000854069  0.000961964
         1657 -2.87625e-05 -0.000854069  0.000961937
         1658 -2.87625e-05 -0.000854069   0.00096191
         1659 -2.87625e-05 -0.000854069  0.000961883
         1660 -2.87625e-05 -0.000854069  0.000961856
         1661 -2.87625e-05 -0.000854069  0.000961829
         1662 -2.87625e-05 -0.000854069  0.000961802
         1663 -2.87625e-05 -0.000854069  0.000961775
         1664 -2.87625e-05 -0.000854069  0.000961748
         1665 -2.87625e-05 -0.000854069  0.000961721
         1666 -2.87625e-05 -0.000854069  0.000961693
         1667 -2.87625e-05 -0.000854069  0.000961666
         1668 -2.87625e-05 -0.000854069  0.000961639
         1669 -2.87625e-05 -0.000854069  0.000961611
         1670 -2.87625e-05 -0.000854069  0.000961584
         1671 -2.87625e-05 -0.000854069  0.000961557
         1672 -2.87625e-05 -0.000854069  0.000961529
         1673 -2.87625e-05 -0.000854069  0.000961502
         1674 -2.87625e-05 -0.000854069  0.000961474
         1675 -2.87625e-05 -0.000854069  0.000961447
         1676 -2.87626e-05 -0.000854069  0.000961419
         1677 -2.87626e-05 -0.000854069  0.000961392
         1678 -2.87626e-05 -0.000854069  0.000961364
         1679 -2.87626e-05 -0.000854069  0.000961337
         1680 -2.87626e-05 -0.000854069  0.000961309
         1681 -2.87626e-05 -0.000854069  0.000961281
         1682 -2.87626e-05 -0.000854069  0.000961254
         1683 -2.87626e-05 -0.000854069  0.000961226
         1684 -2.87626e-05 -0.000854069  0.000961198
         1685 -2.87626e-05 -0.000854069  0.000961171
         1686 -2.87626e-05 -0.000854069  0.000961143
         1687 -2.87626e-05 -0.000854069  0.000961115
         1688 -2.87626e-05 -0.000854069  0.000961088
         1689 -2.87626e-05 -0.000854069   0.00096106
         1690 -2.87626e-05 -0.000854069  0.000961032
         1691 -2.87626e-05 -0.000854069  0.000961004
         1692 -2.87626e-05 -0.000854069  0.000960977
         1693 -2.87626e-05 -0.000854069  0.000960949
         1694 -2.87626e-05 -0.000854069  0.000960921
         1695 -2.87626e-05 -0.000854069  0.000960893
         1696 -2.87626e-05 -0.000854069  0.000960865
         1697 -2.87626e-05 -0.000854069  0.000960838
         1698 -2.87626e-05 -0.000854069   0.00096081
         1699 -2.87626e-05 -0.000854069  0.000960782
         1700 -2.87626e-05 -0.000854069  0.000960754
         1701 -2.87626e-05 -0.000854069  0.000960726
         1702 -2.87626e-05 -0.000854069  0.000960699
         1703 -2.87626e-05 -0.000854069  0.000960671
         1704 -2.87626e-05 -0.000854069  0.000960643
         1705 -2.87626e-05 -0.000854069  0.000960615
         1706 -2.87626e-05 -0.000854069  0.000960587
         1707 -2.87626e-05 -0.000854069   0.00096056
         1708 -2.87626e-05 -0.000854069  0.000960532
         1709 -2.87626e-05 -0.000854069  0.000960504
         1710 -2.87626e-05 -0.000854069  0.000960476
         1711 -2.87626e-05 -0.000854069  0.000960448
         1712 -2.87626e-05 -0.000854069  0.000960421
         1713 -2.87626e-05 -0.000854069  0.000960393
         1714 -2.87626e-05 -0.000854069  0.000960365
         1715 -2.87626e-05 -0.000854069  0.000960337
         1716 -2.87626e-05 -0.000854069  0.000960309
         1717 -2.87626e-05 -0.000854069  0.000960282
         1718 -2.87626e-05 -0.000854069  0.000960254
         1719 -2.87626e-05 -0.000854069  0.000960226
         1720 -2.87626e-05 -0.000854069  0.000960198
         1721 -2.87626e-05 -0.000854069  0.000960171
         1722 -2.87626e-05 -0.000854069  0.000960143
         1723 -2.87626e-05 -0.000854069  0.000960115
         1724 -2.87626e-05 -0.000854069  0.000960088
         1725 -2.87626e-05 -0.000854069   0.00096006
         1726 -2.87626e-05 -0.000854069  0.000960032
         1727 -2.87626e-05 -0.000854069  0.000960005
         1728 -2.87626e-05 -0.000854069  0.000959977
         1729 -2.87626e-05 -0.000854069  0.000959949
         1730 -2.87626e-05 -0.000854069  0.000959922
         1731 -2.87626e-05 -0.000854069  0.000959894
         1732 -2.87626e-05 -0.000854069  0.000959867
         1733 -2.87626e-05 -0.000854069  0.000959839
         1734 -2.87626e-05 -0.000854069  0.000959812
         1735 -2.87626e-05 -0.000854069  0.000959784
         1736 -2.87626e-05 -0.000854069  0.000959757
         1737 -2.87626e-05 -0.000854069  0.000959729
         1738 -2.87626e-05 -0.000854069  0.000959702
         1739 -2.87626e-05 -0.000854069  0.000959674
         1740 -2.87626e-05 -0.000854069  0.000959647
         1741 -2.87626e-05 -0.000854069  0.000959619
         1742 -2.87626e-05 -0.000854069  0.000959592
         1743 -2.87626e-05 -0.000854069  0.000959565
         1744 -2.87626e-05 -0.000854069  0.000959537
         1745 -2.87626e-05 -0.000854069   0.00095951
         1746 -2.87626e-05 -0.000854069  0.000959483
         1747 -2.87626e-05 -0.000854069  0.000959455
         1748 -2.87626e-05 -0.000854069  0.000959428
         1749 -2.87626e-05 -0.000854069  0.000959401
         1750 -2.87626e-05 -0.000854069  0.000959374
         1751 -2.87626e-05 -0.000854069  0.000959347
         1752 -2.87626e-05 -0.000854069   0.00095932
         1753 -2.87626e-05 -0.000854069  0.000959292
         1754 -2.87626e-05 -0.000854069  0.000959265
         1755 -2.87626e-05 -0.000854069  0.000959238
         1756 -2.87626e-05 -0.000854069  0.000959211
         1757 -2.87626e-05 -0.000854069  0.000959184
         1758 -2.87626e-05 -0.000854069  0.000959157
         1759 -2.87626e-05 -0.000854069   0.00095913
         1760 -2.87626e-05 -0.000854069  0.000959103
         1761 -2.87626e-05 -0.000854069  0.000959076
         1762 -2.87626e-05 -0.000854069  0.000959049
         1763 -2.87626e-05 -0.000854069  0.000959022
         1764 -2.87626e-05 -0.000854069  0.000958995
         1765 -2.87626e-05 -0.000854069  0.000958968
         1766 -2.87626e-05 -0.000854069  0.000958942
         1767 -2.87626e-05 -0.000854069  0.000958915
         1768 -2.87626e-05 -0.000854069  0.000958888
         1769 -2.87626e-05 -0.000854069  0.000958861
         1770 -2.87626e-05 -0.000854069  0.000958834
         1771 -2.87626e-05 -0.000854069  0.000958807
         1772 -2.87626e-05 -0.000854069  0.000958781
         1773 -2.87626e-05 -0.000854069  0.000958754
         1774 -2.87626e-05 -0.000854069  0.000958727
         1775 -2.87626e-05 -0.000854069    0.0009587
         1776 -2.87626e-05 -0.000854069  0.000958673
         1777 -2.87626e-05 -0.000854069  0.000958647
         1778 -2.87626e-05 -0.000854069   0.00095862
         1779 -2.87626e-05 -0.000854069  0.000958593
         1780 -2.87626e-05 -0.000854069  0.000958566
         1781 -2.87626e-05 -0.000854069   0.00095854
         1782 -2.87626e-05 -0.000854069  0.000958513
         1783 -2.87626e-05 -0.000854069  0.000958486
         1784 -2.87626e-05 -0.000854069  0.000958459
         1785 -2.87626e-05 -0.000854069  0.000958433
         1786 -2.87626e-05 -0.000854069  0.000958406
         1787 -2.87626e-05 -0.000854069  0.000958379
         1788 -2.87626e-05 -0.000854069  0.000958352
         1789 -2.87626e-05 -0.000854069  0.000958325
         1790 -2.87626e-05 -0.000854069  0.000958298
         1791 -2.87626e-05 -0.000854069  0.000958272
         1792 -2.87626e-05 -0.000854069  0.000958245
         1793 -2.87626e-05 -0.000854069  0.000958218
         1794 -2.87626e-05 -0.000854069  0.000958191
         1795 -2.87626e-05 -0.000854069  0.000958164
         1796 -2.87626e-05 -0.000854069  0.000958137
         1797 -2.87626e-05 -0.000854069   0.00095811
         1798 -2.87626e-05 -0.000854069  0.000958083
         1799 -2.87626e-05 -0.000854069  0.000958056
         1800 -2.87626e-05 -0.000854069  0.000958029
         1801 -2.87626e-05 -0.000854069  0.000958002
         1802 -2.87626e-05 -0.000854069  0.000957975
         1803 -2.87626e-05 -0.000854069  0.000957948
         1804 -2.87626e-05 -0.000854069  0.000957921
         1805 -2.87626e-05 -0.000854069  0.000957894
         1806 -2.87626e-05 -0.000854069  0.000957867
         1807 -2.87626e-05 -0.000854069  0.000957839
         1808 -2.87626e-05 -0.000854069  0.000957812
         1809 -2.87626e-05 -0.000854069  0.000957785
         1810 -2.87626e-05 -0.000854069  0.000957757
         1811 -2.87626e-05 -0.000854069   0.00095773
         1812 -2.87626e-05 -0.000854069  0.000957702
         1813 -2.87626e-05 -0.000854069  0.000957675
         1814 -2.87626e-05 -0.000854069  0.000957647
         1815 -2.87626e-05 -0.000854069   0.00095762
         1816 -2.87626e-05 -0.000854069  0.000957592
         1817 -2.87626e-05 -0.000854069  0.000957565
         1818 -2.87626e-05 -0.000854069  0.000957537
         1819 -2.87626e-05 -0.000854069  0.000957509
         1820 -2.87626e-05 -0.000854069  0.000957481
         1821 -2.87626e-05 -0.000854069  0.000957454
         1822 -2.87626e-05 -0.000854069  0.000957426
         1823 -2.87626e-05 -0.000854069  0.000957398
         1824 -2.87626e-05 -0.000854069   0.00095737
         1825 -2.87626e-05 -0.000854069  0.000957342
         1826 -2.87626e-05 -0.000854069  0.000957314
         1827 -2.87626e-05 -0.000854069  0.000957285
         1828 -2.87626e-05 -0.000854069  0.000957257
         1829 -2.87626e-05 -0.000854069  0.000957229
         1830 -2.87626e-05 -0.000854069  0.000957201
         1831 -2.87626e-05 -0.000854069  0.000957172
         1832 -2.87626e-05 -0.000854069  0.000957144
         1833 -2.87626e-05 -0.000854069  0.000957116
         1834 -2.87626e-05 -0.000854069  0.000957087
         1835 -2.87626e-05 -0.000854069  0.000957059
         1836 -2.87626e-05 -0.000854069   0.00095703
         1837 -2.87626e-05 -0.000854069  0.000957002
         1838 -2.87626e-05 -0.000854069  0.000956973
         1839 -2.87626e-05 -0.000854069  0.000956944
         1840 -2.87626e-05 -0.000854069  0.000956915
         1841 -2.87626e-05 -0.000854069  0.000956887
         1842 -2.87626e-05 -0.000854069  0.000956858
         1843 -2.87626e-05 -0.000854069  0.000956829
         1844 -2.87626e-05 -0.000854069    0.0009568
         1845 -2.87626e-05 -0.000854069  0.000956771
         1846 -2.87626e-05 -0.000854069  0.000956742
         1847 -2.87626e-05 -0.000854069  0.000956713
         1848 -2.87626e-05 -0.000854069  0.000956684
         1849 -2.87626e-05 -0.000854069  0.000956655
         1850 -2.87626e-05 -0.000854069  0.000956626
         1851 -2.87626e-05 -0.000854069  0.000956597
         1852 -2.87626e-05 -0.000854069  0.000956568
         1853 -2.87626e-05 -0.000854069  0.000956539
         1854 -2.87626e-05 -0.000854069   0.00095651
         1855 -2.87626e-05 -0.000854069   0.00095648
         1856 -2.87626e-05 -0.000854069  0.000956451
         1857 -2.87626e-05 -0.000854069  0.000956422
         1858 -2.87626e-05 -0.000854069  0.000956393
         1859 -2.87626e-05 -0.000854069  0.000956364
         1860 -2.87626e-05 -0.000854069  0.000956334
         1861 -2.87626e-05 -0.000854069  0.000956305
         1862 -2.87626e-05 -0.000854069  0.000956276
         1863 -2.87626e-05 -0.000854069  0.000956246
         1864 -2.87626e-05 -0.000854069  0.000956217
         1865 -2.87626e-05 -0.000854069  0.000956188
         1866 -2.87626e-05 -0.000854069  0.000956158
         1867 -2.87626e-05 -0.000854069  0.000956129
         1868 -2.87626e-05 -0.000854069    0.0009561
         1869 -2.87626e-05 -0.000854069   0.00095607
         1870 -2.87626e-05 -0.000854069  0.000956041
         1871 -2.87626e-05 -0.000854069  0.000956012
         1872 -2.87626e-05 -0.000854069  0.000955983
         1873 -2.87626e-05 -0.000854069  0.000955953
         1874 -2.87626e-05 -0.000854069  0.000955924
         1875 -2.87626e-05 -0.000854069  0.000955895
         1876 -2.87626e-05 -0.000854069  0.000955865
         1877 -2.87626e-05 -0.000854069  0.000955836
         1878 -2.87626e-05 -0.000854069  0.000955807
         1879 -2.87626e-05 -0.000854069  0.000955778
         1880 -2.87626e-05 -0.000854069  0.000955748
         1881 -2.87626e-05 -0.000854069  0.000955719
         1882 -2.87626e-05 -0.000854069   0.00095569
         1883 -2.87626e-05 -0.000854069  0.000955661
         1884 -2.87626e-05 -0.000854069  0.000955632
         1885 -2.87626e-05 -0.000854069  0.000955603
         1886 -2.87626e-05 -0.000854069  0.000955574
         1887 -2.87626e-05 -0.000854069  0.000955544
         1888 -2.87626e-05 -0.000854069  0.000955515
         1889 -2.87626e-05 -0.000854069  0.000955486
         1890 -2.87626e-05 -0.000854069  0.000955457
         1891 -2.87626e-05  -0.00085407  0.000955429
         1892 -2.87626e-05  -0.00085407    0.0009554
         1893 -2.87626e-05  -0.00085407  0.000955371
         1894 -2.87626e-05  -0.00085407  0.000955342
         1895 -2.87626e-05  -0.00085407  0.000955313
         1896 -2.87626e-05  -0.00085407  0.000955284
         1897 -2.87626e-05  -0.00085407  0.000955256
         1898 -2.87626e-05  -0.00085407  0.000955227
         1899 -2.87626e-05  -0.00085407  0.000955198
         1900 -2.87626e-05  -0.00085407   0.00095517
         1901 -2.87626e-05  -0.00085407  0.000955141
         1902 -2.87626e-05  -0.00085407  0.000955113
         1903 -2.87626e-05  -0.00085407  0.000955084
         1904 -2.87626e-05  -0.00085407  0.000955056
         1905 -2.87626e-05  -0.00085407  0.000955027
         1906 -2.87626e-05  -0.00085407  0.000954999
         1907 -2.87626e-05  -0.00085407   0.00095497
         1908 -2.87626e-05  -0.00085407  0.000954942
         1909 -2.87626e-05  -0.00085407  0.000954914
         1910 -2.87626e-05  -0.00085407  0.000954886
         1911 -2.87626e-05  -0.00085407  0.000954858
         1912 -2.87626e-05  -0.00085407   0.00095483
         1913 -2.87626e-05  -0.00085407  0.000954802
         1914 -2.87626e-05  -0.00085407  0.000954774
         1915 -2.87626e-05  -0.00085407  0.000954746
         1916 -2.87626e-05  -0.00085407  0.000954718
         1917 -2.87626e-05  -0.00085407   0.00095469
         1918 -2.87626e-05  -0.00085407  0.000954662
         1919 -2.87626e-05  -0.00085407  0.000954635
         1920 -2.87626e-05  -0.00085407  0.000954607
         1921 -2.87626e-05  -0.00085407  0.000954579
         1922 -2.87626e-05  -0.00085407  0.000954551
         1923 -2.87626e-05  -0.00085407  0.000954522
         1924 -2.87626e-05  -0.00085407  0.000954494
         1925 -2.87626e-05  -0.00085407  0.000954465
         1926 -2.87626e-05  -0.00085407  0.000954436
         1927 -2.87626e-05  -0.00085407  0.000954408
         1928 -2.87626e-05  -0.00085407   0.00095438
         1929 -2.87626e-05  -0.00085407  0.000954352
         1930 -2.87626e-05  -0.00085407  0.000954323
         1931 -2.87626e-05  -0.00085407  0.000954295
         1932 -2.87626e-05  -0.00085407  0.000954267
         1933 -2.87626e-05  -0.00085407   0.00095424
         1934 -2.87626e-05  -0.00085407  0.000954212
         1935 -2.87626e-05  -0.00085407  0.000954184
         1936 -2.87626e-05  -0.00085407  0.000954157
         1937 -2.87626e-05  -0.00085407  0.000954129
         1938 -2.87626e-05  -0.00085407  0.000954102
         1939 -2.87626e-05  -0.00085407  0.000954075
         1940 -2.87626e-05  -0.00085407  0.000954047
         1941 -2.87626e-05  -0.00085407   0.00095402
         1942 -2.87626e-05  -0.00085407  0.000953993
         1943 -2.87626e-05  -0.00085407  0.000953966
         1944 -2.87626e-05  -0.00085407  0.000953939
         1945 -2.87626e-05  -0.00085407  0.000953913
         1946 -2.87626e-05  -0.00085407  0.000953886
         1947 -2.87626e-05  -0.00085407  0.000953859
         1948 -2.87626e-05  -0.00085407  0.000953833
         1949 -2.87626e-05  -0.00085407  0.000953807
         1950 -2.87626e-05  -0.00085407   0.00095378
         1951 -2.87626e-05  -0.00085407  0.000953754
         1952 -2.87626e-05  -0.00085407  0.000953728
         1953 -2.87626e-05  -0.00085407  0.000953702
         1954 -2.87626e-05  -0.00085407  0.000953676
         1955 -2.87626e-05  -0.00085407   0.00095365
         1956 -2.87626e-05  -0.00085407  0.000953624
         1957 -2.87626e-05  -0.00085407  0.000953599
         1958 -2.87626e-05  -0.00085407  0.000953573
         1959 -2.87626e-05  -0.00085407  0.000953548
         1960 -2.87626e-05  -0.00085407  0.000953522
         1961 -2.87626e-05  -0.00085407  0.000953497
         1962 -2.87626e-05  -0.00085407  0.000953472
         1963 -2.87626e-05  -0.00085407  0.000953447
         1964 -2.87626e-05  -0.00085407  0.000953422
         1965 -2.87626e-05  -0.00085407  0.000953397
         1966 -2.87626e-05  -0.00085407  0.000953372
         1967 -2.87626e-05  -0.00085407  0.000953347
         1968 -2.87626e-05  -0.00085407  0.000953322
         1969 -2.87626e-05  -0.00085407  0.000953298
         1970 -2.87626e-05  -0.00085407  0.000953273
         1971 -2.87626e-05  -0.00085407  0.000953249
         1972 -2.87626e-05  -0.00085407  0.000953225
         1973 -2.87626e-05  -0.00085407    0.0009532
         1974 -2.87626e-05  -0.00085407  0.000953176
         1975 -2.87626e-05  -0.00085407  0.000953152
         1976 -2.87626e-05  -0.00085407  0.000953128
         1977 -2.87626e-05  -0.00085407  0.000953104
         1978 -2.87626e-05  -0.00085407  0.000953081
         1979 -2.87626e-05  -0.00085407  0.000953057
         1980 -2.87626e-05  -0.00085407  0.000953033
         1981 -2.87626e-05  -0.00085407   0.00095301
         1982 -2.87626e-05  -0.00085407  0.000952986
         1983 -2.87626e-05  -0.00085407  0.000952963
         1984 -2.87626e-05  -0.00085407   0.00095294
         1985 -2.87626e-05  -0.00085407  0.000952916
         1986 -2.87626e-05  -0.00085407  0.000952893
         1987 -2.87626e-05  -0.00085407   0.00095287
         1988 -2.87626e-05  -0.00085407  0.000952847
         1989 -2.87626e-05  -0.00085407  0.000952824
         1990 -2.87626e-05  -0.00085407  0.000952802
         1991 -2.87626e-05  -0.00085407  0.000952779
         1992 -2.87626e-05  -0.00085407  0.000952756
         1993 -2.87626e-05  -0.00085407  0.000952734
         1994 -2.87626e-05  -0.00085407  0.000952711
         1995 -2.87626e-05  -0.00085407  0.000952689
         1996 -2.87626e-05  -0.00085407  0.000952667
         1997 -2.87626e-05  -0.00085407  0.000952645
         1998 -2.87626e-05  -0.00085407  0.000952622
         1999 -2.87626e-05  -0.00085407    0.0009526
         2000 -2.87626e-05  -0.00085407  0.000952578
         2001 -2.87626e-05  -0.00085407  0.000952556
         2002 -2.87626e-05  -0.00085407  0.000952535
         2003 -2.87626e-05  -0.00085407  0.000952513
         2004 -2.87626e-05  -0.00085407  0.000952491
         2005 -2.87626e-05  -0.00085407   0.00095247
         2006 -2.87626e-05  -0.00085407  0.000952448
         2007 -2.87626e-05  -0.00085407  0.000952427
         2008 -2.87626e-05  -0.00085407  0.000952405
         2009 -2.87626e-05  -0.00085407  0.000952384
         2010 -2.87626e-05  -0.00085407  0.000952363
         2011 -2.87626e-05  -0.00085407  0.000952342
         2012 -2.87626e-05  -0.00085407  0.000952321
         2013 -2.87626e-05  -0.00085407    0.0009523
         2014 -2.87626e-05  -0.00085407  0.000952279
         2015 -2.87626e-05  -0.00085407  0.000952258
         2016 -2.87626e-05  -0.00085407  0.000952237
         2017 -2.87626e-05  -0.00085407  0.000952216
         2018 -2.87626e-05  -0.00085407  0.000952196
         2019 -2.87626e-05  -0.00085407  0.000952175
         2020 -2.87626e-05  -0.00085407  0.000952155
         2021 -2.87626e-05  -0.00085407  0.000952134
         2022 -2.87626e-05  -0.00085407  0.000952114
         2023 -2.87626e-05  -0.00085407  0.000952094
         2024 -2.87626e-05  -0.00085407  0.000952074
         2025 -2.87626e-05  -0.00085407  0.000952053
         2026 -2.87626e-05  -0.00085407  0.000952033
         2027 -2.87626e-05  -0.00085407  0.000952013
         2028 -2.87626e-05  -0.00085407  0.000951994
         2029 -2.87626e-05  -0.00085407  0.000951974
         2030 -2.87626e-05  -0.00085407  0.000951954
         2031 -2.87626e-05  -0.00085407  0.000951934
         2032 -2.87626e-05  -0.00085407  0.000951915
         2033 -2.87626e-05  -0.00085407  0.000951895
         2034 -2.87626e-05  -0.00085407  0.000951876
         2035 -2.87626e-05  -0.00085407  0.000951856
         2036 -2.87626e-05  -0.00085407  0.000951837
         2037 -2.87626e-05  -0.00085407  0.000951818
         2038 -2.87626e-05  -0.00085407  0.000951798
         2039 -2.87626e-05  -0.00085407  0.000951779
         2040 -2.87626e-05  -0.00085407   0.00095176
         2041 -2.87626e-05  -0.00085407  0.000951741
         2042 -2.87626e-05  -0.00085407  0.000951722
         2043 -2.87626e-05  -0.00085407  0.000951704
         2044 -2.87626e-05  -0.00085407  0.000951685
         2045 -2.87626e-05  -0.00085407  0.000951666
         2046 -2.87626e-05  -0.00085407  0.000951648
         2047 -2.87626e-05  -0.00085407  0.000951629
         2048 -2.87626e-05  -0.00085407  0.000951611
         2049 -2.87626e-05  -0.00085407  0.000951592
         2050 -2.87626e-05  -0.00085407  0.000951574
         2051 -2.87626e-05  -0.00085407  0.000951556
         2052 -2.87626e-05  -0.00085407  0.000951537
         2053 -2.87626e-05  -0.00085407  0.000951519
         2054 -2.87626e-05  -0.00085407  0.000951501
         2055 -2.87626e-05  -0.00085407  0.000951483
         2056 -2.87626e-05  -0.00085407  0.000951465
         2057 -2.87626e-05  -0.00085407  0.000951448
         2058 -2.87626e-05  -0.00085407   0.00095143
         2059 -2.87626e-05  -0.00085407  0.000951412
         2060 -2.87626e-05  -0.00085407  0.000951395
         2061 -2.87626e-05  -0.00085407  0.000951377
         2062 -2.87626e-05  -0.00085407  0.000951359
         2063 -2.87626e-05  -0.00085407  0.000951342
         2064 -2.87626e-05  -0.00085407  0.000951325
         2065 -2.87626e-05  -0.00085407  0.000951307
         2066 -2.87626e-05  -0.00085407   0.00095129
         2067 -2.87626e-05  -0.00085407  0.000951273
         2068 -2.87626e-05  -0.00085407  0.000951256
         2069 -2.87626e-05  -0.00085407  0.000951239
         2070 -2.87626e-05  -0.00085407  0.000951222
         2071 -2.87626e-05  -0.00085407  0.000951205
         2072 -2.87626e-05  -0.00085407  0.000951189
         2073 -2.87626e-05  -0.00085407  0.000951172
         2074 -2.87626e-05  -0.00085407  0.000951155
         2075 -2.87626e-05  -0.00085407  0.000951139
         2076 -2.87626e-05  -0.00085407  0.000951122
         2077 -2.87626e-05  -0.00085407  0.000951106
         2078 -2.87626e-05  -0.00085407  0.000951089
         2079 -2.87626e-05  -0.00085407  0.000951073
         2080 -2.87626e-05  -0.00085407  0.000951057
         2081 -2.87626e-05  -0.00085407  0.000951041
         2082 -2.87626e-05  -0.00085407  0.000951025
         2083 -2.87626e-05  -0.00085407  0.000951009
         2084 -2.87626e-05  -0.00085407  0.000950993
         2085 -2.87626e-05  -0.00085407  0.000950977
         2086 -2.87626e-05  -0.00085407  0.000950961
         2087 -2.87626e-05  -0.00085407  0.000950945
         2088 -2.87626e-05  -0.00085407   0.00095093
         2089 -2.87626e-05  -0.00085407  0.000950914
         2090 -2.87626e-05  -0.00085407  0.000950898
         2091 -2.87626e-05  -0.00085407  0.000950883
         2092 -2.87626e-05  -0.00085407  0.000950867
         2093 -2.87626e-05  -0.00085407  0.000950852
         2094 -2.87626e-05  -0.00085407  0.000950837
         2095 -2.87626e-05  -0.00085407  0.000950822
         2096 -2.87626e-05  -0.00085407  0.000950806
         2097 -2.87626e-05  -0.00085407  0.000950791
         2098 -2.87626e-05  -0.00085407  0.000950776
         2099 -2.87626e-05  -0.00085407  0.000950761
         2100 -2.87626e-05  -0.00085407  0.000950747
         2101 -2.87626e-05  -0.00085407  0.000950732
         2102 -2.87626e-05  -0.00085407  0.000950717
         2103 -2.87626e-05  -0.00085407  0.000950702
         2104 -2.87626e-05  -0.00085407  0.000950688
         2105 -2.87626e-05  -0.00085407  0.000950673
         2106 -2.87626e-05  -0.00085407  0.000950659
         2107 -2.87626e-05  -0.00085407  0.000950645
         2108 -2.87626e-05  -0.00085407   0.00095063
         2109 -2.87626e-05  -0.00085407  0.000950616
         2110 -2.87626e-05  -0.00085407  0.000950602
         2111 -2.87626e-05  -0.00085407  0.000950588
         2112 -2.87626e-05  -0.00085407  0.000950574
         2113 -2.87626e-05  -0.00085407   0.00095056
         2114 -2.87626e-05  -0.00085407  0.000950546
         2115 -2.87626e-05  -0.00085407  0.000950532
         2116 -2.87626e-05  -0.00085407  0.000950518
         2117 -2.87626e-05  -0.00085407  0.000950504
         2118 -2.87626e-05  -0.00085407  0.000950491
         2119 -2.87626e-05  -0.00085407  0.000950477
         2120 -2.87626e-05  -0.00085407  0.000950463
         2121 -2.87626e-05  -0.00085407   0.00095045
         2122 -2.87626e-05  -0.00085407  0.000950437
         2123 -2.87626e-05  -0.00085407  0.000950423
         2124 -2.87626e-05  -0.00085407   0.00095041
         2125 -2.87626e-05  -0.00085407  0.000950397
         2126 -2.87626e-05  -0.00085407  0.000950383
         2127 -2.87626e-05  -0.00085407  0.000950371
         2128 -2.87626e-05  -0.00085407  0.000950358
         2129 -2.87626e-05  -0.00085407  0.000950345
         2130 -2.87626e-05  -0.00085407  0.000950332
         2131 -2.87626e-05  -0.00085407  0.000950319
         2132 -2.87626e-05  -0.00085407  0.000950306
         2133 -2.87626e-05  -0.00085407  0.000950293
         2134 -2.87626e-05  -0.00085407  0.000950281
         2135 -2.87626e-05  -0.00085407  0.000950268
         2136 -2.87626e-05  -0.00085407  0.000950255
         2137 -2.87626e-05  -0.00085407  0.000950243
         2138 -2.87626e-05  -0.00085407  0.000950231
         2139 -2.87626e-05  -0.00085407  0.000950218
         2140 -2.87626e-05  -0.00085407  0.000950206
         2141 -2.87626e-05  -0.00085407  0.000950194
         2142 -2.87626e-05  -0.00085407  0.000950181
         2143 -2.87626e-05  -0.00085407  0.000950169
         2144 -2.87626e-05  -0.00085407  0.000950158
         2145 -2.87626e-05  -0.00085407  0.000950146
         2146 -2.87626e-05  -0.00085407  0.000950134
         2147 -2.87626e-05  -0.00085407  0.000950122
         2148 -2.87626e-05  -0.00085407   0.00095011
         2149 -2.87626e-05  -0.00085407  0.000950098
         2150 -2.87626e-05  -0.00085407  0.000950087
         2151 -2.87626e-05  -0.00085407  0.000950075
         2152 -2.87626e-05  -0.00085407  0.000950063
         2153 -2.87626e-05  -0.00085407  0.000950052
         2154 -2.87626e-05  -0.00085407   0.00095004
         2155 -2.87626e-05  -0.00085407  0.000950029
         2156 -2.87626e-05  -0.00085407  0.000950018
         2157 -2.87626e-05  -0.00085407  0.000950007
         2158 -2.87626e-05  -0.00085407  0.000949995
         2159 -2.87626e-05  -0.00085407  0.000949984
         2160 -2.87626e-05  -0.00085407  0.000949973
         2161 -2.87626e-05  -0.00085407  0.000949962
         2162 -2.87626e-05  -0.00085407  0.000949952
         2163 -2.87626e-05  -0.00085407   0.00094994
         2164 -2.87626e-05  -0.00085407  0.000949929
         2165 -2.87626e-05  -0.00085407  0.000949918
         2166 -2.87626e-05  -0.00085407  0.000949907
         2167 -2.87626e-05  -0.00085407  0.000949897
         2168 -2.87626e-05  -0.00085407  0.000949887
         2169 -2.87626e-05  -0.00085407  0.000949876
         2170 -2.87626e-05  -0.00085407  0.000949865
         2171 -2.87626e-05  -0.00085407  0.000949855
         2172 -2.87626e-05  -0.00085407  0.000949844
         2173 -2.87626e-05  -0.00085407  0.000949834
         2174 -2.87626e-05  -0.00085407  0.000949823
         2175 -2.87626e-05  -0.00085407  0.000949813
         2176 -2.87626e-05  -0.00085407  0.000949803
         2177 -2.87626e-05  -0.00085407  0.000949793
         2178 -2.87626e-05  -0.00085407  0.000949783
         2179 -2.87626e-05  -0.00085407  0.000949772
         2180 -2.87626e-05  -0.00085407  0.000949763
         2181 -2.87626e-05  -0.00085407  0.000949752
         2182 -2.87626e-05  -0.00085407  0.000949742
         2183 -2.87626e-05  -0.00085407  0.000949733
         2184 -2.87626e-05  -0.00085407  0.000949723
         2185 -2.87626e-05  -0.00085407  0.000949713
         2186 -2.87626e-05  -0.00085407  0.000949703
         2187 -2.87626e-05  -0.00085407  0.000949694
         2188 -2.87626e-05  -0.00085407  0.000949684
         2189 -2.87626e-05  -0.00085407  0.000949674
         2190 -2.87626e-05  -0.00085407  0.000949665
         2191 -2.87626e-05  -0.00085407  0.000949655
         2192 -2.87626e-05  -0.00085407  0.000949646
         2193 -2.87626e-05  -0.00085407  0.000949637
         2194 -2.87626e-05  -0.00085407  0.000949628
         2195 -2.87626e-05  -0.00085407  0.000949618
         2196 -2.87626e-05  -0.00085407  0.000949609
         2197 -2.87626e-05  -0.00085407    0.0009496
         2198 -2.87626e-05  -0.00085407  0.000949591
         2199 -2.87626e-05  -0.00085407  0.000949582
         2200 -2.87626e-05  -0.00085407  0.000949573
         2201 -2.87626e-05  -0.00085407  0.000949564
         2202 -2.87626e-05  -0.00085407  0.000949555
         2203 -2.87626e-05  -0.00085407  0.000949546
         2204 -2.87626e-05  -0.00085407  0.000949538
         2205 -2.87626e-05  -0.00085407  0.000949529
         2206 -2.87626e-05  -0.00085407   0.00094952
         2207 -2.87626e-05  -0.00085407  0.000949511
         2208 -2.87626e-05  -0.00085407  0.000949503
         2209 -2.87626e-05  -0.00085407  0.000949494
         2210 -2.87626e-05  -0.00085407  0.000949486
         2211 -2.87626e-05  -0.00085407  0.000949478
         2212 -2.87626e-05  -0.00085407  0.000949469
         2213 -2.87626e-05  -0.00085407  0.000949461
         2214 -2.87626e-05  -0.00085407  0.000949453
         2215 -2.87626e-05  -0.00085407  0.000949444
         2216 -2.87626e-05  -0.00085407  0.000949436
         2217 -2.87626e-05  -0.00085407  0.000949427
         2218 -2.87626e-05  -0.00085407   0.00094942
         2219 -2.87626e-05  -0.00085407  0.000949412
         2220 -2.87626e-05  -0.00085407  0.000949404
         2221 -2.87626e-05  -0.00085407  0.000949396
         2222 -2.87626e-05  -0.00085407  0.000949388
         2223 -2.87626e-05  -0.00085407   0.00094938
         2224 -2.87626e-05  -0.00085407  0.000949373
         2225 -2.87626e-05  -0.00085407  0.000949365
         2226 -2.87626e-05  -0.00085407  0.000949357
         2227 -2.87626e-05  -0.00085407  0.000949349
         2228 -2.87626e-05  -0.00085407  0.000949342
         2229 -2.87626e-05  -0.00085407  0.000949334
         2230 -2.87626e-05  -0.00085407  0.000949327
         2231 -2.87626e-05  -0.00085407  0.000949319
         2232 -2.87626e-05  -0.00085407  0.000949312
         2233 -2.87626e-05  -0.00085407  0.000949305
         2234 -2.87626e-05  -0.00085407  0.000949297
         2235 -2.87626e-05  -0.00085407  0.000949289
         2236 -2.87626e-05  -0.00085407  0.000949282
         2237 -2.87626e-05  -0.00085407  0.000949275
         2238 -2.87626e-05  -0.00085407  0.000949268
         2239 -2.87626e-05  -0.00085407  0.000949261
         2240 -2.87626e-05  -0.00085407  0.000949254
         2241 -2.87626e-05  -0.00085407  0.000949247
         2242 -2.87626e-05  -0.00085407  0.000949239
         2243 -2.87626e-05  -0.00085407  0.000949232
         2244 -2.87626e-05  -0.00085407  0.000949225
         2245 -2.87626e-05  -0.00085407  0.000949219
         2246 -2.87626e-05  -0.00085407  0.000949212
         2247 -2.87626e-05  -0.00085407  0.000949206
         2248 -2.87626e-05  -0.00085407  0.000949199
         2249 -2.87626e-05  -0.00085407  0.000949192
         2250 -2.87626e-05  -0.00085407  0.000949185
         2251 -2.87626e-05  -0.00085407  0.000949179
         2252 -2.87626e-05  -0.00085407  0.000949172
         2253 -2.87626e-05  -0.00085407  0.000949166
         2254 -2.87626e-05  -0.00085407  0.000949159
         2255 -2.87626e-05 -0.000854071  0.000949153
         2256 -2.87626e-05 -0.000854071  0.000949147
         2257 -2.87626e-05 -0.000854071  0.000949141
         2258 -2.87626e-05 -0.000854071  0.000949135
         2259 -2.87626e-05 -0.000854071  0.000949128
         2260 -2.87626e-05 -0.000854071  0.000949121
         2261 -2.87626e-05 -0.000854071  0.000949114
         2262 -2.87626e-05 -0.000854071  0.000949109
         2263 -2.87626e-05 -0.000854071  0.000949103
         2264 -2.87626e-05 -0.000854071  0.000949097
         2265 -2.87626e-05 -0.000854071  0.000949091
         2266 -2.87626e-05 -0.000854071  0.000949085
         2267 -2.87626e-05 -0.000854071   0.00094908
         2268 -2.87626e-05 -0.000854071  0.000949074
         2269 -2.87626e-05 -0.000854071  0.000949067
         2270 -2.87626e-05 -0.000854071  0.000949061
         2271 -2.87626e-05 -0.000854071  0.000949055
         2272 -2.87626e-05 -0.000854071  0.000949049
         2273 -2.87626e-05 -0.000854071  0.000949044
         2274 -2.87626e-05 -0.000854071  0.000949038
         2275 -2.87626e-05 -0.000854071  0.000949032
         2276 -2.87626e-05 -0.000854071  0.000949027
         2277 -2.87626e-05 -0.000854071  0.000949022
         2278 -2.87626e-05 -0.000854071  0.000949017
         2279 -2.87626e-05 -0.000854071  0.000949011
         2280 -2.87626e-05 -0.000854071  0.000949005
         2281 -2.87626e-05 -0.000854071  0.000948999
         2282 -2.87626e-05 -0.000854071  0.000948994
         2283 -2.87626e-05 -0.000854071  0.000948989
         2284 -2.87626e-05 -0.000854071  0.000948983
         2285 -2.87626e-05 -0.000854071  0.000948978
         2286 -2.87626e-05 -0.000854071  0.000948972
         2287 -2.87626e-05 -0.000854071  0.000948968
         2288 -2.87626e-05 -0.000854071  0.000948963
         2289 -2.87626e-05 -0.000854071  0.000948958
         2290 -2.87626e-05 -0.000854071  0.000948953
         2291 -2.87626e-05 -0.000854071  0.000948947
         2292 -2.87626e-05 -0.000854071  0.000948941
         2293 -2.87626e-05 -0.000854071  0.000948937
         2294 -2.87626e-05 -0.000854071  0.000948932
         2295 -2.87626e-05 -0.000854071  0.000948927
         2296 -2.87626e-05 -0.000854071  0.000948922
         2297 -2.87626e-05 -0.000854071  0.000948918
         2298 -2.87626e-05 -0.000854071  0.000948913
         2299 -2.87626e-05 -0.000854071  0.000948909
         2300 -2.87626e-05 -0.000854071  0.000948905
         2301 -2.87626e-05 -0.000854071    0.0009489
         2302 -2.87626e-05 -0.000854071  0.000948895
         2303 -2.87626e-05 -0.000854071  0.000948889
         2304 -2.87626e-05 -0.000854071  0.000948885
         2305 -2.87626e-05 -0.000854071  0.000948882
         2306 -2.87626e-05 -0.000854071  0.000948877
         2307 -2.87626e-05 -0.000854071  0.000948872
         2308 -2.87626e-05 -0.000854071  0.000948868
         2309 -2.87626e-05 -0.000854071  0.000948864
         2310 -2.87626e-05 -0.000854071   0.00094886
         2311 -2.87626e-05 -0.000854071  0.000948855
         2312 -2.87626e-05 -0.000854071  0.000948851
         2313 -2.87626e-05 -0.000854071  0.000948846
         2314 -2.87626e-05 -0.000854071  0.000948841
         2315 -2.87626e-05 -0.000854071  0.000948837
         2316 -2.87626e-05 -0.000854071  0.000948833
         2317 -2.87626e-05 -0.000854071  0.000948829
         2318 -2.87626e-05 -0.000854071  0.000948825
