0.001 2.80861
0.0101633 2.82503
0.0193265 2.85029
0.0284898 2.92979
0.0376531 3.26972
0.0468163 4.49475
0.0559796 7.38902
0.0651429 11.0951
0.0743061 13.7501
0.0834694 14.8179
0.0926327 14.7347
0.101796 14.0173
0.110959 13.0121
0.120122 11.9259
0.129286 10.8573
0.138449 9.85476
0.147612 8.94451
0.156776 8.12895
0.165939 7.40386
0.175102 6.76074
0.184265 6.19041
0.193429 5.68538
0.202592 5.23665
0.211755 4.83685
0.220918 4.47979
0.230082 4.16046
0.239245 3.87344
0.248408 3.61469
0.257571 3.38132
0.266735 3.17037
0.275898 2.97835
0.285061 2.80399
0.294224 2.64444
0.303388 2.49886
0.312551 2.36493
0.321714 2.24207
0.330878 2.12891
0.340041 2.02417
0.349204 1.92737
0.358367 1.8378
0.367531 1.75437
0.376694 1.67677
0.385857 1.6045
0.39502 1.53705
0.404184 1.47406
0.413347 1.41503
0.42251 1.35964
0.431673 1.30761
0.440837 1.2587
0.45 1.21264
