0 6.09023 	5.78359e-05 	2.52517e-06 	
0.00153061 6.08404 	0.00518948 	7.53584e-13 	
0.00306122 6.06526 	0.0102908 	2.08505e-12 	
0.00459184 6.03392 	0.0152342 	1.94808e-12 	
0.00612245 5.99098 	0.0199448 	4.87415e-12 	
0.00765306 5.93624 	0.024361 	6.47113e-12 	
0.00918367 5.87129 	0.0284098 	7.35609e-12 	
0.0107143 5.79678 	0.0320431 	6.3364e-12 	
0.0122449 5.71344 	0.0352485 	3.2469e-12 	
0.0137755 5.62296 	0.0379566 	5.81988e-12 	
0.0153061 5.52432 	0.0401505 	4.80377e-12 	
0.0168367 5.42032 	0.0418359 	5.44777e-12 	
0.0183673 5.31154 	0.0430084 	3.93872e-12 	
0.019898 5.19927 	0.0436839 	3.656e-12 	
0.0214286 5.08371 	0.0438483 	2.90443e-12 	
0.0229592 4.96328 	0.0433839 	1.46633e-12 	
0.0244898 4.84321 	0.0425063 	2.41683e-12 	
0.0260204 4.72356 	0.0412999 	6.1436e-12 	
0.027551 4.59969 	0.0393735 	5.29402e-12 	
0.0290816 4.47854 	0.0372026 	5.82712e-12 	
0.0306122 4.35718 	0.0345993 	9.32507e-12 	
0.0321429 4.23781 	0.0316005 	8.39458e-12 	
0.0336735 4.11957 	0.0283487 	9.30472e-12 	
0.0352041 4.00375 	0.0246942 	7.88121e-12 	
0.0367347 3.88922 	0.0207982 	8.9095e-12 	
0.0382653 3.77954 	0.0167688 	8.9038e-12 	
0.0397959 3.6722 	0.0124148 	9.05938e-12 	
0.0413265 3.56912 	0.00818778 	1.32346e-11 	
0.0428571 3.47073 	0.00353379 	8.70511e-12 	
0.0443878 3.37469 	-0.00103426 	9.41664e-12 	
0.0459184 3.2884 	-0.00562394 	8.18571e-12 	
0.047449 3.21087 	-0.0102822 	9.13981e-12 	
0.0489796 3.13441 	-0.0148546 	1.33341e-11 	
0.0505102 3.08407 	-0.017579 	1.03837e-11 	
0.0520408 3.04794 	-0.0193654 	1.6179e-11 	
0.0535714 3.01163 	-0.0211739 	2.54364e-11 	
0.055102 2.99381 	-0.0215305 	2.25112e-11 	
0.0566327 2.9917 	-0.020711 	1.30664e-11 	
0.0581633 2.98969 	-0.0198916 	4.78708e-12 	
0.0596939 2.98752 	-0.0192145 	4.5116e-12 	
0.0612245 2.98897 	-0.0189703 	3.26157e-12 	
0.0627551 2.99038 	-0.0187492 	2.25608e-12 	
0.0642857 2.99178 	-0.0185288 	1.89688e-12 	
0.0658163 2.99295 	-0.018141 	2.89832e-12 	
0.0673469 2.99377 	-0.0174339 	-2.12374e-12 	
0.0688776 2.99456 	-0.0167421 	-8.61273e-12 	
0.0704082 2.99536 	-0.0160541 	-1.54823e-11 	
0.0719388 2.99599 	-0.0155264 	-2.24294e-11 	
0.0734694 2.99599 	-0.015519 	-1.45767e-11 	
