0 7.63758 	2.92309e-05 	-1.27625e-06 	
0.00153061 7.62036 	0.0123749 	-5.24169e-12 	
0.00306122 7.56782 	0.024346 	-9.91746e-12 	
0.00459184 7.48106 	0.0356074 	-4.60636e-12 	
0.00612245 7.36386 	0.0458763 	-5.3449e-12 	
0.00765306 7.21665 	0.054879 	-4.69127e-13 	
0.00918367 7.04698 	0.0623718 	-4.62413e-13 	
0.0107143 6.85731 	0.0682585 	-4.78704e-13 	
0.0122449 6.65251 	0.0725067 	-4.98857e-14 	
0.0137755 6.4348 	0.0750666 	7.33223e-13 	
0.0153061 6.20461 	0.0758387 	1.04091e-12 	
0.0168367 5.96964 	0.0750245 	1.63878e-12 	
0.0183673 5.73262 	0.0727146 	1.64854e-12 	
0.019898 5.49591 	0.0690586 	7.74008e-13 	
0.0214286 5.25937 	0.0640707 	9.66101e-13 	
0.0229592 5.02052 	0.0574496 	7.44316e-13 	
0.0244898 4.78868 	0.0499722 	1.86385e-13 	
0.0260204 4.56927 	0.0421075 	1.09325e-12 	
0.027551 4.3479 	0.0326012 	4.69856e-13 	
0.0290816 4.13981 	0.0229523 	6.04141e-13 	
0.0306122 3.9403 	0.0127822 	2.02035e-12 	
0.0321429 3.74983 	0.00215726 	8.56719e-13 	
0.0336735 3.57343 	-0.00819422 	5.51111e-12 	
0.0352041 3.41409 	-0.0188721 	2.49267e-12 	
0.0367347 3.27058 	-0.029172 	1.98739e-12 	
0.0382653 3.15685 	-0.0370369 	1.73609e-12 	
0.0397959 3.07024 	-0.0427389 	1.65117e-12 	
0.0413265 2.99824 	-0.0472576 	3.35984e-12 	
0.0428571 2.98298 	-0.0464836 	7.40394e-13 	
0.0443878 2.96935 	-0.0457834 	6.88417e-13 	
0.0459184 2.9645 	-0.0445705 	5.91588e-13 	
0.047449 2.96701 	-0.042942 	-5.32332e-13 	
0.0489796 2.96929 	-0.0414659 	-2.86636e-12 	
0.0505102 2.97177 	-0.0403569 	-1.87271e-12 	
0.0520408 2.97427 	-0.0394247 	1.71178e-12 	
0.0535714 2.97661 	-0.0386019 	8.8952e-12 	
0.055102 2.97892 	-0.0375063 	7.84835e-12 	
0.0566327 2.9812 	-0.0362103 	9.59346e-13 	
0.0581633 2.98333 	-0.0350278 	-8.76395e-13 	
0.0596939 2.9854 	-0.0339568 	-1.55019e-12 	
0.0612245 2.98718 	-0.0335336 	-6.33578e-13 	
0.0627551 2.98892 	-0.0331311 	-2.1006e-12 	
0.0642857 2.99056 	-0.0327751 	-8.1703e-12 	
0.0658163 2.99201 	-0.0321297 	-1.00863e-11 	
0.0673469 2.9931 	-0.0309145 	-3.82588e-12 	
0.0688776 2.99416 	-0.0297377 	-2.4357e-12 	
0.0704082 2.99516 	-0.0286415 	-8.69814e-12 	
0.0719388 2.99598 	-0.027744 	-1.26144e-11 	
0.0734694 2.99598 	-0.0277247 	-6.16129e-12 	
