0 3.57163
0.00153061 3.57643
0.00306122 3.58894
0.00459184 3.60346
0.00612245 3.61208
0.00765306 3.60573
0.00918367 3.57706
0.0107143 3.51974
0.0122449 3.43141
0.0137755 3.30877
0.0153061 3.1528
0.0168367 2.96761
0.0183673 2.75654
0.019898 2.52407
0.0214286 2.27604
0.0229592 2.01101
0.0244898 1.74031
0.0260204 1.46736
0.027551 1.1954
0.0290816 0.93303
0.0306122 0.683996
0.0321429 0.469907
0.0336735 0.27337
0.0352041 0.153409
0.0367347 0.0633399
0.0382653 0.0185326
0.0397959 0.00834326
0.0413265 0.000310866
0.0428571 0.000192511
0.0443878 7.2712e-05
0.0459184 3.11533e-05
0.047449 3.44884e-05
0.0489796 3.78235e-05
0.0505102 4.76126e-05
0.0520408 6.00541e-05
0.0535714 7.24956e-05
0.055102 0.000100107
0.0566327 0.000139101
0.0581633 0.000178095
0.0596939 0.000224018
0.0612245 0.000322394
0.0627551 0.000420031
0.0642857 0.000517669
0.0658163 0.000631234
0.0673469 0.000772854
0.0688776 0.000914475
0.0704082 0.00105609
0.0719388 0.00117033
0.0734694 0.00117033
