0 1.21249
0.00153061 1.21297
0.00306122 1.21436
0.00459184 1.21639
0.00612245 1.21857
0.00765306 1.22035
0.00918367 1.22108
0.0107143 1.22007
0.0122449 1.2167
0.0137755 1.2104
0.0153061 1.20024
0.0168367 1.18616
0.0183673 1.16782
0.019898 1.14519
0.0214286 1.11787
0.0229592 1.08437
0.0244898 1.04728
0.0260204 1.00723
0.027551 0.95968
0.0290816 0.910402
0.0306122 0.856857
0.0321429 0.800108
0.0336735 0.741102
0.0352041 0.679005
0.0367347 0.61487
0.0382653 0.55072
0.0397959 0.484076
0.0413265 0.419703
0.0428571 0.352947
0.0443878 0.287582
0.0459184 0.227088
0.047449 0.170177
0.0489796 0.114243
0.0505102 0.0772037
0.0520408 0.0501043
0.0535714 0.0229337
0.055102 0.00894773
0.0566327 0.00604624
0.0581633 0.00321939
0.0596939 0.000397043
0.0612245 0.000437986
0.0627551 0.000486765
0.0642857 0.000533012
0.0658163 0.000582269
0.0673469 0.000663066
0.0688776 0.000742496
0.0704082 0.000821568
0.0719388 0.000882791
0.0734694 0.000882786
