0 10.1023 	0 	0 	
0.00153061 10.0476 	0.0296965 	1.51706e-12 	
0.00306122 9.88658 	0.0574841 	2.04831e-12 	
0.00459184 9.62776 	0.0817682 	8.40805e-13 	
0.00612245 9.28891 	0.101476 	1.7916e-13 	
0.00765306 8.88587 	0.11561 	-1.72318e-12 	
0.00918367 8.43928 	0.124068 	1.45385e-13 	
0.0107143 7.96326 	0.126825 	1.41445e-12 	
0.0122449 7.4738 	0.124367 	3.66162e-12 	
0.0137755 6.97832 	0.116889 	3.78698e-12 	
0.0153061 6.48853 	0.104919 	2.04104e-12 	
0.0168367 6.01129 	0.0893895 	3.28419e-12 	
0.0183673 5.55085 	0.0708532 	5.47581e-12 	
0.019898 5.11065 	0.0499568 	6.28306e-12 	
0.0214286 4.69765 	0.0275261 	2.91519e-12 	
0.0229592 4.31231 	0.00327999 	-2.19173e-13 	
0.0244898 3.96209 	-0.0206464 	-2.38523e-12 	
0.0260204 3.64301 	-0.0439134 	-5.93556e-12 	
0.027551 3.38448 	-0.0656032 	-6.39047e-12 	
0.0290816 3.17974 	-0.0821495 	-8.05671e-12 	
0.0306122 3.02872 	-0.0935685 	-1.30161e-11 	
0.0321429 2.96445 	-0.0953697 	-1.43133e-11 	
0.0336735 2.93625 	-0.0932431 	-1.65011e-11 	
0.0352041 2.93212 	-0.0897462 	-1.34235e-11 	
0.0367347 2.93565 	-0.0859264 	-5.96616e-12 	
0.0382653 2.93943 	-0.0825288 	-4.32883e-12 	
0.0397959 2.94326 	-0.0794814 	-2.23394e-12 	
0.0413265 2.94702 	-0.0765635 	-1.41188e-12 	
0.0428571 2.95052 	-0.0741861 	-3.19384e-12 	
0.0443878 2.95399 	-0.0718408 	-5.59441e-12 	
0.0459184 2.95729 	-0.0695007 	-5.31064e-12 	
0.047449 2.96043 	-0.0671965 	-3.0703e-12 	
0.0489796 2.96356 	-0.0649045 	-1.21764e-12 	
0.0505102 2.96647 	-0.0632016 	-1.40052e-12 	
0.0520408 2.96927 	-0.0617768 	-2.44373e-12 	
0.0535714 2.97206 	-0.060353 	-3.5193e-12 	
0.055102 2.97471 	-0.0586397 	-3.4247e-12 	
0.0566327 2.97723 	-0.0567482 	-3.06457e-12 	
0.0581633 2.97975 	-0.0548568 	-2.70444e-12 	
0.0596939 2.98219 	-0.0531437 	-3.2445e-12 	
0.0612245 2.9843 	-0.0524778 	-2.47053e-12 	
0.0627551 2.98638 	-0.0518344 	-2.32074e-12 	
0.0642857 2.98846 	-0.0511909 	-2.17094e-12 	
0.0658163 2.99031 	-0.0501531 	-2.43654e-12 	
0.0673469 2.99175 	-0.0483607 	-2.99073e-12 	
0.0688776 2.99318 	-0.0465878 	-4.02686e-12 	
0.0704082 2.99461 	-0.0448149 	-5.063e-12 	
0.0719388 2.99576 	-0.0433971 	-6.61015e-12 	
0.0734694 2.99576 	-0.0433851 	-5.28956e-12 	
