0 0.00206758 	-9.02724e-05 	-0.672931 	
0.000724638 0.241802 	3.25482e-12 	-0.660785 	
0.00144928 0.476103 	5.76617e-12 	-0.655086 	
0.00217391 0.710549 	5.98823e-12 	-0.647597 	
0.00289855 0.939088 	1.10418e-12 	-0.636332 	
0.00362319 1.16038 	4.08627e-12 	-0.621651 	
0.00434783 1.37264 	1.74234e-12 	-0.603649 	
0.00507246 1.57411 	-5.43109e-13 	-0.582382 	
0.0057971 1.76302 	-1.69672e-12 	-0.557893 	
0.00652174 1.9376 	-2.13084e-12 	-0.530218 	
0.00724638 2.09612 	-2.59596e-12 	-0.499378 	
0.00797101 2.23688 	-3.3745e-12 	-0.465385 	
0.00869565 2.35812 	-3.59638e-12 	-0.428222 	
0.00942029 2.45811 	-3.56455e-12 	-0.387824 	
0.0101449 2.53504 	-3.23936e-12 	-0.344067 	
0.0108696 2.58704 	-2.88151e-12 	-0.296742 	
0.0115942 2.61213 	-2.11268e-12 	-0.24554 	
0.0123188 2.60818 	-2.3586e-12 	-0.190043 	
0.0130435 2.57296 	-2.08809e-12 	-0.129696 	
0.0137681 2.50459 	-2.04181e-12 	-0.0637553 	
0.0144928 2.40033 	-1.74689e-12 	0.00876866 	
0.0152174 2.25777 	-1.56663e-12 	0.0876874 	
0.015942 2.07603 	-1.28206e-12 	0.170764 	
0.0166667 1.85255 	-5.75601e-13 	0.253093 	
0.0173913 1.58665 	9.59805e-14 	0.323634 	
0.0181159 1.27926 	2.93503e-13 	0.358374 	
0.0188406 0.920252 	-2.42065e-14 	0.312395 	
0.0195652 0.356837 	-2.95978e-12 	1.09723 	
0.0202899 -0.316023 	-3.36435e-12 	8.00169 	
0.0210145 -0.261193 	-5.2376e-12 	10.3906 	
0.0217391 -0.293462 	-5.58712e-12 	11.487 	
0.0224638 -0.317767 	-5.20604e-12 	12.2217 	
0.0231884 -0.335164 	-4.37309e-12 	12.7231 	
0.023913 -0.344785 	-4.03733e-12 	13.0353 	
0.0246377 -0.347159 	-3.68698e-12 	13.1833 	
0.0253623 -0.343163 	-3.81038e-12 	13.1939 	
0.026087 -0.334051 	-3.62052e-12 	13.0887 	
0.0268116 -0.320292 	-3.29772e-12 	12.8725 	
0.0275362 -0.302224 	-3.54367e-12 	12.544 	
0.0282609 -0.280125 	-3.51665e-12 	12.099 	
0.0289855 -0.254158 	-3.85123e-12 	11.5249 	
0.0297101 -0.224139 	-4.26531e-12 	10.7899 	
0.0304348 -0.187974 	-3.80619e-12 	9.81755 	
0.0311594 -0.151798 	-3.1192e-12 	8.37738 	
0.0318841 0.0088979 	-2.67521e-12 	4.51084 	
0.0326087 -0.483019 	-4.89893e-12 	-0.0728283 	
0.0333333 -0.481593 	-6.62899e-12 	-0.147829 	
0.034058 -0.444922 	-1.18175e-11 	-0.0864402 	
0.0347826 -0.404427 	-1.49247e-11 	-0.0545289 	
0.0355072 -0.368731 	-7.60005e-12 	-0.0363048 	
0.0362319 -0.339135 	-2.2549e-12 	-0.0252511 	
0.0369565 -0.314523 	-7.50438e-12 	-0.0181839 	
0.0376812 -0.293902 	-8.17385e-12 	-0.0135416 	
0.0384058 -0.276227 	2.06051e-12 	-0.0102776 	
0.0391304 -0.260798 	3.40139e-12 	-0.00791691 	
0.0398551 -0.24714 	4.07351e-12 	-0.00616091 	
0.0405797 -0.235041 	-5.19579e-12 	-0.00486779 	
0.0413043 -0.224062 	-4.85794e-12 	-0.00384892 	
0.042029 -0.21405 	-4.92972e-12 	-0.00305198 	
0.0427536 -0.204896 	-5.42616e-12 	-0.00242106 	
0.0434783 -0.196378 	-4.90376e-12 	-0.0018986 	
0.0442029 -0.188517 	-3.7275e-12 	-0.0014791 	
0.0449275 -0.181116 	-3.50461e-12 	-0.00111988 	
0.0456522 -0.174215 	-4.07726e-12 	-0.000823803 	
0.0463768 -0.167659 	-3.05519e-12 	-0.000564773 	
0.0471014 -0.161513 	-8.81291e-12 	-0.000348176 	
0.0478261 -0.155651 	-3.41587e-12 	-0.000156936 	
0.0485507 -0.15008 	-3.43211e-12 	8.88101e-06 	
0.0492754 -0.14478 	-4.38101e-12 	0.000153636 	
0.05 -0.139678 	-2.72581e-12 	0.000284369 	
