#        Time  nozzle coflow outlet
          101  -3.7667e-05 -0.000856154  0.000862679
          102  -3.7667e-05 -0.000861637  0.000867948
          103 -2.10314e-05 -0.000857312  0.000846952
          104 -1.88335e-05 -0.000848012  0.000835542
          105 -3.06325e-05 -0.000847128  0.000846476
          106  -3.7667e-05  -0.00085616  0.000862378
          107  -3.7667e-05 -0.000861421  0.000867365
          108 -2.12376e-05  -0.00085715   0.00084655
          109 -1.88335e-05 -0.000848127  0.000835145
          110 -3.03537e-05 -0.000847387  0.000845933
          111  -3.7667e-05 -0.000856156  0.000861881
          112  -3.7667e-05 -0.000861202  0.000866704
          113 -2.14678e-05 -0.000856993  0.000846242
          114 -1.88335e-05 -0.000848254    0.0008349
          115    -3.01e-05 -0.000847644  0.000845602
          116  -3.7667e-05 -0.000856148   0.00086151
          117  -3.7667e-05 -0.000860975  0.000866143
          118 -2.16993e-05 -0.000856829     0.000846
          119 -1.88335e-05 -0.000848384  0.000834744
          120  -2.9898e-05 -0.000847902  0.000845355
          121  -3.7667e-05  -0.00085615  0.000861192
          122  -3.7667e-05 -0.000860745  0.000865598
          123 -2.19194e-05 -0.000856654   0.00084575
          124 -1.88335e-05  -0.00084851  0.000834567
          125 -2.97624e-05 -0.000848162  0.000845165
          126  -3.7667e-05 -0.000856163  0.000860867
          127  -3.7667e-05 -0.000860508  0.000865016
          128 -2.21018e-05 -0.000856466  0.000845416
          129 -1.88335e-05 -0.000848629  0.000834345
          130 -2.97115e-05 -0.000848426  0.000845015
          131  -3.7667e-05 -0.000856196  0.000860552
          132  -3.7667e-05 -0.000860271   0.00086443
          133 -2.22579e-05 -0.000856265  0.000845042
          134 -1.88335e-05 -0.000848745  0.000834125
          135 -2.97236e-05  -0.00084869  0.000844929
          136  -3.7667e-05 -0.000856236  0.000860253
          137  -3.7667e-05 -0.000860027  0.000863863
          138   -2.241e-05  -0.00085606  0.000844689
          139 -1.88335e-05 -0.000848868  0.000833936
          140  -2.9795e-05 -0.000848953  0.000844924
          141  -3.7667e-05 -0.000856277  0.000859976
          142  -3.7667e-05 -0.000859765  0.000863275
          143  -2.2545e-05 -0.000855852  0.000844279
          144 -1.88335e-05 -0.000848997   0.00083375
          145 -2.99463e-05  -0.00084922  0.000845028
          146  -3.7667e-05 -0.000856326  0.000859711
          147  -3.7667e-05  -0.00085949  0.000862885
          148 -2.26448e-05 -0.000855644  0.000843887
          149 -1.88335e-05 -0.000849133  0.000833611
          150 -3.01792e-05 -0.000849482  0.000845256
          151  -3.7667e-05 -0.000856375   0.00085948
          152  -3.7667e-05 -0.000859206  0.000862132
          153 -2.27233e-05 -0.000855423  0.000843455
          154 -1.88776e-05  -0.00084928  0.000833503
          155 -3.05411e-05 -0.000849765  0.000845508
          156  -3.7667e-05 -0.000856439  0.000859218
          157  -3.7667e-05 -0.000858894  0.000861499
          158 -2.27057e-05 -0.000855188  0.000842899
          159 -1.90917e-05 -0.000849421  0.000833574
          160  -3.1278e-05 -0.000850096  0.000846403
          161  -3.7667e-05 -0.000856566  0.000859065
          162  -3.7667e-05 -0.000858528  0.000860855
          163 -2.22902e-05  -0.00085487  0.000841929
          164 -1.93601e-05 -0.000849507  0.000833615
          165 -3.24079e-05 -0.000850482  0.000847572
          166  -3.7667e-05 -0.000856813  0.000858984
          167  -3.7667e-05 -0.000858179  0.000860207
          168 -2.16914e-05 -0.000854485  0.000840614
          169 -1.97141e-05 -0.000849536  0.000833699
          170 -3.37294e-05 -0.000850881  0.000848935
          171  -3.7667e-05 -0.000857111  0.000858937
          172 -3.76322e-05 -0.000857849  0.000859529
          173 -2.12362e-05 -0.000854091  0.000839467
          174  -2.0307e-05   -0.0008496  0.000834007
          175 -3.53146e-05 -0.000851311  0.000850567
          176  -3.7667e-05   -0.0008574  0.000858861
          177 -3.67837e-05 -0.000857445  0.000857946
          178 -2.03673e-05 -0.000853496  0.000837692
          179 -2.12122e-05  -0.00084968  0.000834636
          180  -3.7667e-05 -0.000851996  0.000853198
          181  -3.7667e-05 -0.000857864  0.000858932
          182 -3.46705e-05 -0.000856938  0.000854979
          183  -1.9391e-05 -0.000852498  0.000835367
          184 -2.25981e-05 -0.000849743  0.000835715
          185  -3.7667e-05 -0.000853042  0.000853845
          186  -3.7667e-05 -0.000857948  0.000858636
          187 -3.26281e-05 -0.000856506  0.000852162
          188 -1.94579e-05 -0.000851936  0.000834527
          189 -2.55942e-05 -0.000850141  0.000838705
          190  -3.7667e-05 -0.000854105  0.000854517
          191  -3.7667e-05 -0.000857554  0.000857851
          192 -2.77649e-05 -0.000855626   0.00084608
          193 -1.92922e-05  -0.00085108  0.000833097
          194 -2.94151e-05 -0.000850837  0.000842803
          195  -3.7667e-05 -0.000855637  0.000855611
          196  -3.7667e-05 -0.000857423  0.000857283
          197 -2.40734e-05 -0.000854618  0.000841048
          198 -1.94788e-05 -0.000850351   0.00083222
          199 -3.17833e-05  -0.00085136  0.000845338
          200  -3.7667e-05 -0.000856558  0.000856164
          201  -3.7667e-05 -0.000857328  0.000856861
          202 -2.31645e-05 -0.000854073  0.000839251
          203 -2.05947e-05 -0.000850293  0.000832913
          204 -3.39621e-05 -0.000851822  0.000847601
          205  -3.7667e-05 -0.000856827  0.000856041
          206 -3.61548e-05 -0.000856771  0.000854413
          207 -2.12808e-05 -0.000853381  0.000836307
          208 -2.29098e-05  -0.00085049  0.000834985
          209  -3.7667e-05 -0.000852889   0.00085198
          210  -3.7667e-05 -0.000857265  0.000856159
          211 -3.11694e-05 -0.000855894  0.000848263
          212 -1.93936e-05 -0.000851832   0.00083257
          213 -2.65712e-05 -0.000850765  0.000838448
          214  -3.7667e-05 -0.000854759  0.000853409
          215  -3.7667e-05 -0.000857361  0.000855845
          216   -2.702e-05 -0.000855042  0.000842937
          217 -1.93335e-05 -0.000850897  0.000831222
          218 -2.98316e-05 -0.000851271  0.000841909
          219  -3.7667e-05 -0.000855954   0.00085421
          220  -3.7667e-05 -0.000857203   0.00085528
          221 -2.45591e-05 -0.000854306  0.000839388
          222 -2.00849e-05 -0.000850603  0.000831205
          223 -3.23719e-05 -0.000851826    0.0008446
          224  -3.7667e-05 -0.000856475  0.000854333
          225  -3.7193e-05 -0.000856741  0.000853995
          226 -2.35115e-05 -0.000853741   0.00083743
          227 -2.27025e-05 -0.000850847  0.000833687
          228 -3.63948e-05 -0.000852701  0.000849082
          229  -3.7667e-05 -0.000856736  0.000854168
          230 -3.15941e-05 -0.000855754  0.000847112
          231 -1.99935e-05 -0.000852237  0.000832057
          232 -2.70579e-05 -0.000851183     0.000838
          233  -3.7667e-05 -0.000854706  0.000851946
          234  -3.7667e-05 -0.000856905   0.00085402
          235 -2.70019e-05 -0.000854753  0.000841231
          236 -1.99989e-05 -0.000851184  0.000830737
          237 -3.09913e-05 -0.000851773  0.000842168
          238  -3.7667e-05 -0.000856017  0.000852956
          239 -3.74914e-05 -0.000856658   0.00085325
          240 -2.42991e-05 -0.000853924  0.000837433
          241  -2.1556e-05 -0.000850929  0.000831684
          242 -3.44981e-05 -0.000852511  0.000846074
          243  -3.7667e-05 -0.000856551  0.000853127
          244  -3.4277e-05 -0.000856018  0.000849191
          245 -2.13071e-05 -0.000852867  0.000833115
          246 -2.57871e-05 -0.000851184  0.000835949
          247  -3.7667e-05 -0.000854019  0.000850383
          248  -3.7667e-05 -0.000856689   0.00085299
          249 -2.82636e-05  -0.00085494   0.00084187
          250 -2.03632e-05 -0.000851571  0.000830618
          251 -3.07754e-05 -0.000851855  0.000841178
          252  -3.7667e-05 -0.000855771  0.000851835
          253 -3.73093e-05 -0.000856458   0.00085211
          254 -2.42343e-05 -0.000853873  0.000836554
          255 -2.14798e-05 -0.000851044  0.000831118
          256 -3.45968e-05 -0.000852661  0.000845548
          257  -3.7667e-05 -0.000856587  0.000852427
          258 -3.46061e-05 -0.000855951  0.000848694
          259 -2.15074e-05 -0.000852847  0.000832642
          260 -2.55149e-05 -0.000851222  0.000834518
          261  -3.7667e-05 -0.000853969  0.000849642
          262  -3.7667e-05 -0.000856661  0.000852265
          263 -2.88263e-05  -0.00085496    0.0008417
          264 -2.07304e-05 -0.000851733  0.000830452
          265 -3.07419e-05 -0.000851954  0.000840608
          266  -3.7667e-05 -0.000855612  0.000850976
          267 -3.69621e-05 -0.000856266  0.000850889
          268 -2.44636e-05 -0.000853815     0.000836
          269 -2.23166e-05 -0.000851291  0.000831302
          270 -3.52596e-05 -0.000852949  0.000845832
          271  -3.7667e-05 -0.000856471  0.000851591
          272   -3.321e-05 -0.000855615  0.000846276
          273 -2.13028e-05 -0.000852593  0.000831438
          274  -2.6769e-05 -0.000851503  0.000835767
          275  -3.7667e-05  -0.00085472  0.000849867
          276  -3.7667e-05 -0.000857195  0.000852401
          277 -2.68838e-05 -0.000854894  0.000839327
          278 -1.99325e-05 -0.000850743  0.000828206
          279 -3.08211e-05  -0.00085108  0.000839373
          280  -3.7667e-05 -0.000856073  0.000851149
          281 -3.75434e-05 -0.000857572  0.000852501
          282 -2.35662e-05 -0.000854421  0.000835378
          283 -2.05499e-05 -0.000850169  0.000827996
          284 -3.37117e-05 -0.000851524  0.000842464
          285  -3.7667e-05 -0.000856709  0.000851577
          286 -3.59386e-05 -0.000857139   0.00085022
          287 -2.16451e-05 -0.000853629  0.000832374
          288 -2.36835e-05 -0.000850332  0.000831085
          289 -3.76111e-05 -0.000852741  0.000847234
          290  -3.7667e-05 -0.000857116  0.000851644
          291 -3.01393e-05 -0.000856038  0.000842901
          292 -1.98363e-05 -0.000851988  0.000828478
          293 -2.80192e-05 -0.000850788  0.000835436
          294  -3.7667e-05 -0.000854776  0.000848933
          295  -3.7667e-05 -0.000857234  0.000851289
          296 -2.58308e-05 -0.000854913  0.000837019
          297 -2.00814e-05 -0.000850908  0.000827143
          298 -3.18062e-05 -0.000851498   0.00083942
          299  -3.7667e-05  -0.00085613  0.000849781
          300 -3.69872e-05 -0.000856963  0.000849812
          301 -2.29641e-05 -0.000853883  0.000832606
          302 -2.19865e-05 -0.000850542  0.000828149
          303 -3.57393e-05 -0.000852484  0.000843795
          304  -3.7667e-05 -0.000856906  0.000850065
          305 -3.26955e-05 -0.000856231  0.000844276
          306  -2.0286e-05 -0.000852498  0.000828035
          307 -2.61327e-05 -0.000850714  0.000831966
          308  -3.7667e-05 -0.000854172  0.000846795
          309  -3.7667e-05 -0.000857169  0.000849711
          310  -2.7643e-05 -0.000855159  0.000837527
          311 -2.00824e-05 -0.000851266  0.000825951
          312 -3.05564e-05 -0.000851402  0.000836452
          313  -3.7667e-05 -0.000855748  0.000847799
          314 -3.72802e-05 -0.000856923  0.000847645
          315 -2.37837e-05 -0.000853984  0.000831915
          316 -2.11976e-05 -0.000850672  0.000825757
          317 -3.46097e-05 -0.000852399  0.000840917
          318  -3.7667e-05 -0.000856788  0.000848275
          319 -3.42068e-05 -0.000856327  0.000844243
          320 -2.06956e-05 -0.000852737  0.000827082
          321 -2.47831e-05 -0.000850649  0.000829891
          322  -3.7667e-05 -0.000853882  0.000844926
          323  -3.7667e-05 -0.000857185  0.000848196
          324 -2.90336e-05 -0.000855287  0.000837418
          325 -1.99842e-05 -0.000851437  0.000824347
          326 -2.92976e-05 -0.000851275  0.000833496
          327  -3.7667e-05 -0.000855475  0.000845947
          328  -3.7554e-05 -0.000856987  0.000847259
          329 -2.47594e-05   -0.0008542  0.000831502
          330 -2.05914e-05 -0.000850753  0.000823581
          331 -3.34198e-05 -0.000852184  0.000837883
          332  -3.7667e-05 -0.000856571  0.000846457
          333 -3.56147e-05 -0.000856455  0.000844185
          334 -2.15876e-05 -0.000853051  0.000826374
          335  -2.3571e-05 -0.000850668  0.000825904
          336 -3.76193e-05 -0.000853463   0.00084266
          337  -3.7667e-05 -0.000857138  0.000845978
          338  -3.0388e-05 -0.000855498  0.000837411
          339  -1.9946e-05 -0.000851702  0.000823052
          340 -2.79311e-05  -0.00085114  0.000830493
          341  -3.7667e-05 -0.000855103  0.000844043
          342 -3.76662e-05 -0.000857011  0.000845847
          343 -2.60073e-05 -0.000854412  0.000831294
          344  -2.0312e-05 -0.000850951  0.000822183
          345   -3.222e-05 -0.000852033  0.000835302
          346  -3.7667e-05 -0.000856283  0.000844712
          347 -3.64183e-05 -0.000856499  0.000843621
          348 -2.25871e-05 -0.000853292  0.000826507
          349 -2.25622e-05  -0.00085075  0.000823804
          350 -3.66292e-05 -0.000853198  0.000840488
          351  -3.7667e-05 -0.000856966  0.000845071
          352 -3.18136e-05 -0.000855647  0.000837789
          353 -2.01815e-05 -0.000852018  0.000822697
          354 -2.66923e-05 -0.000851082  0.000827991
          355  -3.7667e-05  -0.00085471  0.000842496
          356  -3.7667e-05 -0.000856957  0.000844589
          357 -2.72915e-05  -0.00085461  0.000831941
          358 -2.03328e-05 -0.000851201  0.000821156
          359 -3.11886e-05  -0.00085191  0.000833115
          360  -3.7667e-05 -0.000855941  0.000843384
          361 -3.67577e-05 -0.000856491  0.000846103
          362 -2.35078e-05 -0.000853624  0.000826997
          363   -2.203e-05 -0.000850861  0.000822804
          364 -3.55888e-05 -0.000852897  0.000838456
          365  -3.7667e-05 -0.000856658  0.000844358
          366 -3.28051e-05 -0.000855778  0.000838683
          367 -2.06118e-05 -0.000852387  0.000823031
          368 -2.58151e-05  -0.00085111  0.000826722
          369  -3.7667e-05 -0.000854339  0.000842018
          370  -3.7667e-05  -0.00085682  0.000844301
          371 -2.83049e-05 -0.000854775  0.000832782
          372 -2.04194e-05 -0.000851453  0.000821859
          373 -3.02703e-05 -0.000851809  0.000832096
          374  -3.7667e-05 -0.000855596  0.000843039
          375 -3.70329e-05 -0.000856474  0.000843612
          376 -2.44522e-05 -0.000853753  0.000828128
          377 -2.17088e-05 -0.000851032  0.000822749
          378 -3.45831e-05 -0.000852762  0.000837414
          379  -3.7667e-05 -0.000856398  0.000844152
          380 -3.36158e-05  -0.00085586  0.000839659
          381 -2.14388e-05 -0.000852679   0.00082454
          382 -2.51721e-05 -0.000851125   0.00082718
          383  -3.7667e-05 -0.000853972  0.000841888
          384  -3.7667e-05 -0.000856675  0.000844911
          385 -2.91846e-05 -0.000854981  0.000834735
          386 -2.06854e-05 -0.000851738  0.000822968
          387 -2.94365e-05 -0.000851679   0.00083216
          388  -3.7667e-05 -0.000855174  0.000843435
          389    -3.72e-05 -0.000856443  0.000842067
          390 -2.54596e-05 -0.000853955  0.000830244
          391  -2.1755e-05 -0.000851248  0.000824573
          392 -3.36439e-05 -0.000852588  0.000837275
          393  -3.7667e-05 -0.000856039  0.000845014
          394  -3.4077e-05 -0.000855931   0.00084124
          395 -2.24616e-05 -0.000853009  0.000826825
          396  -2.4737e-05 -0.000851168  0.000830511
          397 -3.74608e-05  -0.00085372  0.000842626
          398  -3.7667e-05  -0.00085645  0.000845511
          399 -2.99838e-05 -0.000855095  0.000836621
          400 -2.12506e-05 -0.000852004  0.000824664
          401 -2.86853e-05 -0.000851576  0.000832004
          402  -3.7667e-05 -0.000854784  0.000844229
          403  -3.7286e-05  -0.00085643  0.000842057
          404 -2.65334e-05 -0.000854192  0.000832464
          405 -2.21554e-05 -0.000851413  0.000825872
          406 -3.27227e-05 -0.000852345  0.000836929
          407  -3.7667e-05 -0.000855648  0.000845276
          408 -3.42866e-05 -0.000856053  0.000842037
          409 -2.36528e-05 -0.000853369  0.000828685
          410   -2.458e-05 -0.000851182  0.000827473
          411 -3.64781e-05 -0.000853208  0.000841339
          412  -3.7667e-05 -0.000856197  0.000845117
          413 -3.06914e-05 -0.000855434   0.00083775
          414 -2.22658e-05  -0.00085246  0.000826235
          415 -2.81836e-05  -0.00085146  0.000831033
          416  -3.7667e-05 -0.000854258  0.000843127
          417 -3.72456e-05 -0.000856302  0.000845164
          418 -2.74856e-05 -0.000854614  0.000833269
          419 -2.28514e-05 -0.000851623  0.000825782
          420 -3.19308e-05 -0.000851999  0.000834548
          421  -3.7667e-05  -0.00085515  0.000843287
          422 -3.43375e-05 -0.000856144  0.000847336
          423 -2.48718e-05 -0.000853982  0.000828646
          424 -2.47568e-05 -0.000851219  0.000825404
          425 -3.53014e-05  -0.00085261  0.000836789
          426  -3.7667e-05 -0.000855677  0.000841332
          427 -3.12035e-05  -0.00085567  0.000835147
          428 -2.35186e-05 -0.000852993  0.000824693
          429  -2.7899e-05 -0.000851474  0.000824876
          430 -3.73852e-05 -0.000853643  0.000837051
          431 -3.70834e-05 -0.000856018  0.000839097
          432 -2.83022e-05 -0.000854907  0.000828873
          433  -2.3754e-05  -0.00085203  0.000819926
          434 -3.12676e-05 -0.000851846  0.000826873
          435  -3.7634e-05 -0.000854615  0.000834534
          436 -3.42798e-05 -0.000856022  0.000831899
          437 -2.60127e-05 -0.000854143  0.000820692
          438 -2.51929e-05 -0.000851432  0.000816237
          439 -3.42356e-05 -0.000852393  0.000824573
          440 -3.75941e-05 -0.000855225   0.00082868
          441 -3.15516e-05 -0.000855702  0.000822507
          442 -2.48049e-05 -0.000853306  0.000811515
          443 -2.77896e-05 -0.000851462     0.000813
          444 -3.62898e-05 -0.000853274  0.000817906
          445 -3.66604e-05  -0.00085559  0.000818693
          446 -2.90073e-05 -0.000854985  0.000809481
          447  -2.4813e-05 -0.000852379  0.000800232
          448 -3.07619e-05 -0.000851745  0.000802328
          449 -3.72479e-05 -0.000854064  0.000806262
          450 -3.40583e-05 -0.000855705  0.000802153
          451 -2.70572e-05 -0.000854225  0.000790848
          452 -2.58669e-05 -0.000851679  0.000783808
          453 -3.33197e-05 -0.000852134  0.000786722
          454 -3.71731e-05 -0.000854601  0.000786452
          455 -3.16821e-05 -0.000855475  0.000778754
          456 -2.60377e-05 -0.000853538  0.000765875
          457 -2.79378e-05 -0.000851483  0.000765956
          458 -3.51409e-05 -0.000852859  0.000760033
          459 -3.59098e-05 -0.000854892  0.000739326
          460 -2.94994e-05 -0.000854259  0.000742857
          461 -2.58679e-05 -0.000852708  0.000729472
          462 -3.04527e-05 -0.000851911  0.000724406
          463 -3.60488e-05 -0.000853475  0.000717765
          464 -3.36451e-05 -0.000854909    0.0007034
          465 -2.79605e-05 -0.000853905  0.000689407
          466 -2.67069e-05 -0.000851693  0.000675191
          467 -3.25909e-05 -0.000851608  0.000649992
          468  -3.5921e-05 -0.000853271  0.000651819
          469 -3.15599e-05 -0.000854959  0.000634326
          470  -2.7123e-05 -0.000853725  0.000613355
          471 -2.83934e-05 -0.000851392  0.000594404
          472 -3.41593e-05 -0.000851441  0.000577558
          473 -3.49236e-05 -0.000853557  0.000556599
          474  -2.9843e-05 -0.000854461  0.000542475
          475 -2.68666e-05 -0.000852978  0.000507165
          476 -3.02815e-05 -0.000850692  0.000501406
          477 -3.48277e-05 -0.000851755  0.000445166
          478 -3.31265e-05 -0.000853103   0.00043273
          479 -2.87184e-05 -0.000853901  0.000407794
          480 -2.76047e-05 -0.000852242  0.000372347
          481 -3.20177e-05 -0.000850451  0.000355131
          482 -3.46574e-05 -0.000851807  0.000293368
          483 -3.13653e-05 -0.000853045  0.000274607
          484 -2.80576e-05 -0.000853335  0.000255146
          485 -2.89605e-05 -0.000851636  0.000207694
          486 -3.32817e-05  -0.00084993  0.000177093
          487 -3.38684e-05 -0.000851435  0.000131512
          488 -3.00823e-05 -0.000853559  8.69815e-05
          489 -2.78656e-05 -0.000852541  5.58612e-05
