

Heated Gas Flow: Uin = 18 m/s, Tin = 100 oC
(Aluminium Test Section)

mean air temperature at the inlet: 100 oC
mean ambient temperature: 22.0 oC
air volume flow rate at the inlet: 0.032 m3/s
air mass flow rate at the inlet: 29.0 g/s




Gas Velocities at the Inlet
===========================

 y   Umean   Urms    Vmean   Vrms  Wmean Wrms          T
mm    m/s    m/s      m/s    m/s   m/s    m/s          oC

-97   0.0    0.0      0.0    0.0    0.0    0.0         60
-90   0.0    0.0      0.0    0.0    0.0    0.0         75.5
-80   0.0    0.0      0.0    0.0    0.0    0.0         79.9
-70   0.0    0.0      0.0    0.0    0.0    0.0         81.6
-60   0.0    0.0      0.0    0.0    0.0    0.0         82.8
-50   0.0    0.0      0.0    0.0    0.0    0.0         83
-40   0.0    0.0      0.0    0.0    0.0    0.0         83
-34 -0.21384 0.392    0.0    0.0    0.0    0.0         83.1
-33 -0.03366 0.685    0.0    0.0    0.0    0.0         83.1
-32  3.45114 3.619    0.0    0.0    0.031  0.404       83.2
-31 13.2462  3.178    0.0    0.0    0.161  0.677       83.2
-30 16.0924  1.759    0.0    0.0    0.214  0.687       83.3
-29 16.9221  1.427    0.0    0.0    0.246  0.608       84.5
-28 17.4309  1.328    0.0    0.0    0.206  0.521       86.5
-27 17.5844  1.373    0.0    0.0    0.200  0.486       88.5
-26 17.9012  1.236    0.0    0.0    0.167  0.494       91.1
-25 17.9487  1.276    0.0    0.0    0.192  0.497       92.0
-24 17.7636  1.395    0.0    0.0    0.191  0.514       93.2
-23 17.4973  1.507    0.0    0.0    0.184  0.592       93.9
-22 16.8221  1.745    0.0    0.0    0.180  0.635       94.6
-21 15.1232  2.258    0.0    0.0    0.114  0.681       95.0
-20  5.46975 3.62     0.0    0.0   -0.614  0.811       95.4
-19 -0.3168  1.235    0.0    0.0    0.0    0.0         95.7
-18 -0.96525 1.589    0.0    0.0    0.0    0.0         96.0
-17 -0.98406 1.621    0.0    0.0    0.0    0.0         96.1
-16 -1.05237 1.779    0.0    0.0    0.0    0.0         96.2
-15 -1.03257 1.828    0.0    0.0    0.0    0.0         96.2
-14 -1.10781 1.848    0.0    0.0    0.0    0.0         96.3
-13 -1.18206 1.807    0.0    0.0    0.0    0.0         96.2
-12 -1.23849 1.798    0.0    0.0    0.0    0.0         96.1
-11 -1.30977 1.789    0.0    0.0    0.0    0.0         96.1
-10 -0.9801  1.468    0.0    0.0    0.0    0.0         96.1
 -9 -1.30185 1.766    0.0    0.0    0.0    0.0         96.0
 -8 -1.61172 1.974    0.0    0.0    0.0    0.0         95.9
 -7 -1.50777 1.981    0.0    0.0    0.0    0.0         95.8
 -6 -1.80675 1.965    0.0    0.0    0.0    0.0         95.8
 -5 -1.8513  1.956    0.0    0.0    0.0    0.0         95.9
 -4 -2.02356 1.947    0.0    0.0    0.0    0.0         96
 -3 -2.0394  1.936    0.0    0.0    0.0    0.0         96.1
 -2 -2.22651 1.959    0.0    0.0    0.0    0.0         96.2
 -1 -2.23245 1.978    0.0    0.0    0.0    0.0         96.3
  0 -2.26215 1.916    0.0    0.0    0.0    0.0         96.4
  1 -2.29383 1.92     0.0    0.0    0.0    0.0         96.3
  2 -2.25126 1.979    0.0    0.0    0.0    0.0         96.2
  3 -2.23443 1.953    0.0    0.0    0.0    0.0         96.1
  4 -2.0889  1.983    0.0    0.0    0.0    0.0         96.0
  5 -2.0097  2.058    0.0    0.0    0.0    0.0         95.9
  6 -1.83843 1.943    0.0    0.0    0.0    0.0         95.8
  7 -1.78299 1.95     0.0    0.0    0.0    0.0         95.9
  8 -1.64439 1.982    0.0    0.0    0.0    0.0         95.9
  9 -1.53648 2.085    0.0    0.0    0.0    0.0         96.0
 10 -1.45728 1.957    0.0    0.0    0.0    0.0         96.1
 11 -1.35828 2.092    0.0    0.0    0.0    0.0         96.1
 12 -1.29492 1.979    0.0    0.0    0.0    0.0         96.1
 13 -1.22463 1.918    0.0    0.0    0.0    0.0         96.2
 14 -0.96426 1.805    0.0    0.0    0.0    0.0         96.3
 15 -0.95634 1.749   -0.245  0.919  0.0    0.0         96.3
 16 -0.77616 1.646   -0.087  0.827  0.0    0.0         96.2
 17 -0.48015 1.444    0.114  0.761  0.0    0.0         96.1
 18 -0.01485 1.117    0.311  0.692  0.0    0.0         96.0
 19  3.26997 2.62     0.091  0.472  0.0    0.0         95.7
 20 13.3927  3.322   -0.226  0.480  -0.503  0.714      95.4
 21 16.7508  1.869   -0.322  0.574  -0.206  1.060      95.0
 22 17.4933  1.572   -0.309  0.544  -0.209  1.122      94.6
 23 18.1853  1.388   -0.311  0.524  -0.184  0.576      93.9
 24 18.3427  1.317   -0.312  0.513  -0.087  0.517      93.2
 25 18.3873  1.27    -0.257  0.478  -0.045  0.482      92.2
 26 18.2843  1.302   -0.232  0.468  -0.013  0.474      91.1
 27 18.1427  1.302   -0.184  0.449   0.011  0.483      88.5
 28 17.8388  1.37    -0.166  0.444   0.048  0.741      86.5
 29 17.3953  1.481   -0.134  0.458   0.046  0.565      84.5
 30 16.4409  1.823   -0.075  0.450   0.064  0.648      83.3
 31 13.8937  3.055    0.083  0.363   0.060  0.700      83.3
 32  6.05187 4.122   -0.195  0.884   0.016  0.549      83.2
 33 -0.03366 0.685    0.0    0.0     0.0    0.0        83.1
 34 -0.21384 0.392    0.0    0.0     0.0    0.0        83.1
 40  0.0     0.0      0.0    0.0     0.0    0.0        83.0
 50  0.0     0.0      0.0    0.0     0.0    0.0        83.0
 60  0.0     0.0      0.0    0.0     0.0    0.0        82.8
 70  0.0     0.0      0.0    0.0     0.0    0.0        81.6
 80  0.0     0.0      0.0    0.0     0.0    0.0        79.9
 90  0.0     0.0      0.0    0.0     0.0    0.0        75.5
 97  0.0     0.0      0.0    0.0     0.0    0.0        60.0



Wall Temperature Distribution (outside)
========================================

  x          t
  mm         oC
   0         60
  25         61.6
  50         62.5
 100         64.2
 200         68.1
 300         71.4
 400         71.6
 500         70.9
 600         70
 700         68.4
 800         66.3
 900         64.3
1000         61.9
1100         59
1200         56.8
1300         53.8




Profiles of Gas Velocities
==========================


Number of data / axial coordinate (mm)

  y   Umean  Urms    Vmean   Vrms    T
 mm    m/s    m/s     m/s    m/s     oC

      84   2.0

-97   0.0    0.0      0.0    0.0    60
-90   0.0    0.0      0.0    0.0    75.5
-80   0.0    0.0      0.0    0.0    79.9
-70   0.0    0.0      0.0    0.0    81.6
-60   0.0    0.0      0.0    0.0    82.8
-50   0.0    0.0      0.0    0.0    83
-40   0.0    0.0      0.0    0.0    83
-34 -0.21384 0.392    0.0    0.0    83.1
-33 -0.03366 0.685    0.0    0.0    83.1
-32  3.45114 3.619    0.0    0.0    83.2
-31 13.2462  3.178    0.0    0.0    83.2
-30 16.0924  1.759    0.0    0.0    83.3
-29 16.9221  1.427    0.0    0.0    84.5
-28 17.4309  1.328    0.0    0.0    86.5
-27 17.5844  1.373    0.0    0.0    88.5
-26 17.9012  1.236    0.0    0.0    91.1
-25 17.9487  1.276    0.0    0.0    92.0
-24 17.7636  1.395    0.0    0.0    93.2
-23 17.4973  1.507    0.0    0.0    93.9
-22 16.8221  1.745    0.0    0.0    94.6
-21 15.1232  2.258    0.0    0.0    95.0
-20  5.46975 3.62     0.0    0.0    95.4
-19 -0.3168  1.235    0.0    0.0    95.7
-18 -0.96525 1.589    0.0    0.0    96.0
-17 -0.98406 1.621    0.0    0.0    96.1
-16 -1.05237 1.779    0.0    0.0    96.2
-15 -1.03257 1.828    0.0    0.0    96.2
-14 -1.10781 1.848    0.0    0.0    96.3
-13 -1.18206 1.807    0.0    0.0    96.2
-12 -1.23849 1.798    0.0    0.0    96.1
-11 -1.30977 1.789    0.0    0.0    96.1
-10 -0.9801  1.468    0.0    0.0    96.1
 -9 -1.30185 1.766    0.0    0.0    96.0
 -8 -1.61172 1.974    0.0    0.0    95.9
 -7 -1.50777 1.981    0.0    0.0    95.8
 -6 -1.80675 1.965    0.0    0.0    95.8
 -5 -1.8513  1.956    0.0    0.0    95.9
 -4 -2.02356 1.947    0.0    0.0    96
 -3 -2.0394  1.936    0.0    0.0    96.1
 -2 -2.22651 1.959    0.0    0.0    96.2
 -1 -2.23245 1.978    0.0    0.0    96.3
  0 -2.26215 1.916    0.0    0.0    96.4
  1 -2.29383 1.92     0.0    0.0    96.3
  2 -2.25126 1.979    0.0    0.0    96.2
  3 -2.23443 1.953    0.0    0.0    96.1
  4 -2.0889  1.983    0.0    0.0    96.0
  5 -2.0097  2.058    0.0    0.0    95.9
  6 -1.83843 1.943    0.0    0.0    95.8
  7 -1.78299 1.95     0.0    0.0    95.9
  8 -1.64439 1.982    0.0    0.0    95.9
  9 -1.53648 2.085    0.0    0.0    96.0
 10 -1.45728 1.957    0.0    0.0    96.1
 11 -1.35828 2.092    0.0    0.0    96.1
 12 -1.29492 1.979    0.0    0.0    96.1
 13 -1.22463 1.918    0.0    0.0    96.2
 14 -0.96426 1.805    0.0    0.0    96.3
 15 -0.95634 1.749   -0.245  0.919  96.3
 16 -0.77616 1.646   -0.087  0.827  96.2
 17 -0.48015 1.444    0.114  0.761  96.1
 18 -0.01485 1.117    0.311  0.692  96.0
 19  3.26997 2.62     0.091  0.472  95.7
 20 13.3927  3.322   -0.226  0.480  95.4
 21 16.7508  1.869   -0.322  0.574  95.0
 22 17.4933  1.572   -0.309  0.544  94.6
 23 18.1853  1.388   -0.311  0.524  93.9
 24 18.3427  1.317   -0.312  0.513  93.2
 25 18.3873  1.27    -0.257  0.478  92.2
 26 18.2843  1.302   -0.232  0.468  91.1
 27 18.1427  1.302   -0.184  0.449  88.5
 28 17.8388  1.37    -0.166  0.444  86.5
 29 17.3953  1.481   -0.134  0.458  84.5
 30 16.4409  1.823   -0.075  0.450  83.3
 31 13.8937  3.055    0.083  0.363  83.3
 32  6.05187 4.122   -0.195  0.884  83.2
 33 -0.03366 0.685    0.0    0.0    83.1
 34 -0.21384 0.392    0.0    0.0    83.1
 40  0.0     0.0      0.0    0.0    83.0
 50  0.0     0.0      0.0    0.0    83.0
 60  0.0     0.0      0.0    0.0    82.8
 70  0.0     0.0      0.0    0.0    81.6
 80  0.0     0.0      0.0    0.0    79.9
 90  0.0     0.0      0.0    0.0    75.5
 97  0.0     0.0      0.0    0.0    60.0


    45     25.00

-90  0.18624 0.564  0.0   0.0     80.6
-80 -0.04753 0.57   0.0   0.0     83.0
-70 -0.26772 0.617  0.0   0.0     83.7
-60 -0.46754 0.678  0.0   0.0     84.2
-50 -0.52962 0.661  0.0   0.0     84.6
-40 -0.62953 0.749  0.0   0.0     84.9
-35  1.99626 2.069  0.0   0.0     86.5
-30 14.2027  2.948  0.0   0.0     89.5
-28 15.7276  2.013  0.0   0.0     91.8
-26 17.6424  1.091  0.0   0.0     93.9
-24 17.9984  0.929  0.0   0.0     95.4
-22 17.653   1.118  0.0   0.0     96.3
-20 15.6189  1.993  0.0   0.0     96.8
-18 10.5177  3.122  0.0   0.0     97.0
-16  5.54452 2.749  0.0   0.0     97.2
-14  1.89441 1.94   0.0   0.0     97.4
-12 -0.74011 1.707  0.0   0.0     97.5
-10 -2.59572 2.058  0.0   0.0     97.5
 -8 -3.74711 2.063  0.0   0.0     97.5
 -6 -4.53669 1.993  0.0   0.0     97.6
 -4 -4.68413 1.876  0.0   0.0     97.7
 -2 -4.80344 1.904 -0.83  1.61    97.7
  0 -4.81508 1.802 -0.059 1.565   97.8
  2 -4.62496 2.041 -0.643 1.54    97.7
  4 -4.02841 2.195 -0.985 1.485   97.7
  6 -3.16608 2.229 -1.042 1.53    97.6
  8 -2.03894 2.132 -0.752 1.582   97.5
 10  0.30652 1.97  -0.883 1.712   97.5
 12  4.31941 2.859 -1.281 1.846   97.5
 14  9.19463 3.395 -2.224 2.059   97.4
 16 14.6974  2.528 -3.137 1.926   97.2
 18 17.4522  1.495 -3.479 1.391   97.0
 20 18.203   0.917 -3.318 0.917   96.8
 22 18.2622  0.975 -3.043 0.74    96.3
 24 17.5172  1.336 -2.749 0.783   95.4
 26 15.746   2.396 -2.377 1.066   93.9
 28 10.6826  2.831 -1.436 1.343   91.8
 30  6.27784 3.417 -0.497 1.141   89.5
 35 -0.56551 0.782 -0.433 0.581   86.6
 40 -0.60237 0.676 -0.417 0.484   84.9
 50 -0.56066 0.67  -0.332 0.505   84.6
 60 -0.43068 0.617 -0.186 0.458   84.2
 70 -0.27257 0.637 -0.058 0.455   83.7
 80 -0.03007 0.56   0.032 0.488   83.0
 90  0.40643 0.557  0.041 0.401   80.6



    39   50.0

-97  0.0     0.0      0.0    0.0         49.3
-90 -0.02037 0.675    0.0    0.0         79.0
-80 -0.12707 0.72     0.0    0.0         82.7
-70 -0.32204 0.687    0.0    0.0         83.7
-60 -0.49664 0.716    0.0    0.0         84.5
-50 -0.62274 0.776    0.0    0.0         85.1
-40 -0.29876 0.891    0.0    0.0         85.6
-36  1.13781 1.651    0.0    0.0         85.9
-33  4.32814 2.764    0.0    0.0         86.1
-30  8.56801 3.387    0.0    0.0         86.3
-27 13.258   3.149    0.0    0.0         88.0
-24 16.3736  2.211    0.0    0.0         89.1
-21 17.4794  1.101    0.0    0.0         90.9
-18 16.6413  1.304    0.0    0.0         92.9
-15 14.4831  2.018    0.0    0.0         95.0
-12 11.5857  2.479    0.0    0.0         96.4
 -9  8.4099  2.453    0.0    0.0         97.0
 -6  6.5572  2.26     0.0    0.0         97.3
 -3  5.61048 2.081    0.57   2.259       97.4
  0  5.71815 2.068   -0.023  2.231       97.5
  3  6.86954 2.464   -3.435  2.252       97.4
  6  9.01518 2.799   -3.377  1.976       97.3
  9 11.8912  2.845   -3.381  1.462       97.0
 12 14.5461  2.451   -2.965  1.049       96.4
 15 16.941   1.411   -2.623  0.893       95.0
 18 17.6928  1.064   -2.258  1.050       92.9
 21 16.782   2.051   -1.417  1.219       90.9
 24 13.4442  3.291   -0.578  1.139       89.1
 27  8.41766 3.608    0.001  1.147       88.0
 30  4.06818 2.959   -0.066  0.997       86.3
 33  1.28137 1.75    -0.289  0.657       86.1
 36 -0.15132 1.164   -0.338  0.534       85.9
 40 -0.54805 0.903   -0.259  0.477       85.6
 50 -0.75466 0.858   -0.279  0.562       85.1
 60 -0.54029 0.768   -0.213  0.486       84.5
 70 -0.40837 0.789   -0.136  0.432       83.7
 80 -0.19206 0.763   -0.077  0.414       82.7
 90  0.46172 0.701   -0.032  0.310       79.0
 97  0.0     0.0      0.0    0.0         49.3


      33  100.0

-97  0.0     0.0       0.0    0.0       50.8
-90 -0.29197 0.886     0.0    0.0       80.4
-80 -0.54126 0.998     0.0    0.0       84.2
-70 -0.55193 0.934     0.0    0.0       85.3
-60 -0.75369 1.015     0.0    0.0       85.9
-50 -0.4559  1.078     0.0    0.0       86.2
-40  1.27555 1.872     0.0    0.0       86.5
-36  3.50752 2.766     0.0    0.0       86.9
-32  6.59018 3.348     0.0    0.0       87.8
-28 10.0298  3.706     0.0    0.0       88.1
-24 14.0999  3.108     0.0    0.0       89.4
-20 16.6083  2.012     0.0    0.0       91.2
-16 16.8984  1.765     0.0    0.0       92.8
-12 15.7974  2.043     0.0    0.0       95.1
 -8 14.3114  2.127     0.0    0.0       96.9
 -4 13.3879  1.889     0.473  1.325     97.5
  0 13.3899  1.896    -0.004  1.405     98
  4 14.5636  2.218    -0.692  1.244     97.5
  8 15.8527  2.263    -0.835  1.159     96.9
 12 16.8499  2.189    -0.599  1.081     95.1
 16 16.6869  2.228    -0.240  1.032     92.8
 20 14.8943  2.941     0.095  1.103     91.2
 24 11.1424  3.748     0.306  1.218     89.4
 28  7.63681 3.793     0.335  1.417     88.1
 32  4.10698 3.083     0.242  1.392     87.8
 36  2.00596 2.24      0.059  1.314     86.9
 40  0.68385 1.678    -0.284  1.043     86.5
 50 -0.51216 1.011    -0.410  0.706     86.2
 60 -0.84099 0.992    -0.263  0.508     85.9
 70 -0.71877 1.022    -0.324  0.480     85.3
 80 -0.45493 0.895    -0.174  0.439     84.2
 90 -0.42971 0.958    -0.104  0.444     80.4
 97  0.0     0.0       0.0    0.0       50.8


   29  200.0

-97  0.0     0.0       0.0    0.0     53.4
-90 -1.3871  1.357     0.0    0.0     84.2
-80 -1.3774  1.311     0.0    0.0     86.6
-70 -0.50925 1.44      0.0    0.0     87.7
-60  0.4074  1.746     0.0    0.0     88.5
-50  2.11072 2.518     0.0    0.0     88.7
-40  5.05758 3.598     0.0    0.0     89.3
-35  7.02474 3.779     0.0    0.0     89.8
-30  8.9628  3.831     0.0    0.0     90.4
-25 11.6099  3.754     0.0    0.0     91.2
-20 12.7991  3.595     0.0    0.0     92
-15 14.1057  2.785     0.0    0.0     93.2
-10 14.0728  2.524     0.0    0.0     94
 -5 14.0039  2.419    -0.173  1.301   95.9
  0 14.0737  2.425     0.130  1.238   96.2
  5 14.0272  2.428     0.243  1.319   95.9
 10 14.3065  2.562     0.259  1.320   94.0
 15 13.4229  3.141     0.514  1.415   93.2
 20 12.1793  3.623     0.650  1.541   92.0
 25 10.0269  3.832     0.884  1.620   91.2
 30  8.52824 3.857     0.892  1.709   90.4
 35  6.75023 3.74      0.804  1.739   89.8
 40  4.67055 3.307     0.295  1.486   89.3
 50  2.45701 2.608    -0.005  1.321   88.7
 60  0.55872 1.747    -0.170  1.096   88.5
 70 -0.34047 1.405    -0.225  0.789   87.7
 80 -1.03984 1.299    -0.163  0.609   86.6
 90 -1.43172 1.349    -0.180  0.530   84.2
 97  0.0     0.0       0.0    0.0     53.4


      29   300.0

-97  0.0     0.0       0.0     0.0     62.0
-90 -1.46761 1.455     0.0     0.0     88.4
-80 -0.78958 1.574     0.0     0.0     89.9
-70  0.64311 1.872     0.0     0.0     90.3
-60  2.20675 2.593     0.0     0.0     90.8
-50  3.55796 2.98      0.0     0.0     91.0
-40  6.42043 3.342     0.0     0.0     91.3
-35  7.64748 3.52      0.0     0.0     91.7
-30  8.10241 3.544     0.0     0.0     92.0
-25  8.91333 3.528     0.0     0.0     92.4
-20  9.98324 3.355     0.0     0.0     92.6
-15 10.606   3.323     0.0     0.0     93.0
-10 10.8155  3.232     0.0     0.0     93.5
 -5 11.2782  3.061    -0.141  1.393    93.6
  0 11.2171  3.119     0.127  1.368    94.0
  5 11.4499  3.159     0.327  1.376    93.6
 10 10.8087  3.163     0.513  1.375    93.5
 15  9.95414 3.356     0.534  1.393    93.0
 20  9.23052 3.345     0.743  1.427    92.6
 25  8.59614 3.432     0.733  1.494    92.4
 30  7.36133 3.354     0.782  1.506    92.0
 35  6.4893  3.411     0.645  1.497    91.7
 40  5.53676 3.226     0.427  1.396    91.3
 50  3.783   2.885     0.320  1.354    91.0
 60  1.82069 2.287     0.292  1.279    90.8
 70  0.40255 1.927     0.110  1.145    90.3
 80 -0.90016 1.569     0.141  1.066    89.9
 90 -1.54812 1.496     0.145  0.847    88.4
 97  0.0     0.0       0.0    0.0      62.0


      29  400.0

-97  0.0     0.0       0.0      0.0    80.2
-90 -0.96709 1.361     0.0      0.0    90.0
-80 -0.00194 1.507     0.0      0.0    90.8
-70  1.04178 1.942     0.0      0.0    91.6
-60  2.43664 2.436     0.0      0.0    91.7
-50  3.75196 2.833     0.0      0.0    92.0
-40  5.23509 3.098     0.0      0.0    92.2
-35  5.95192 3.152     0.0      0.0    92.3
-30  6.14786 3.085     0.0      0.0    92.4
-25  6.71434 3.326     0.0      0.0    92.4
-20  7.30604 3.044     0.0      0.0    92.5
-15  7.31089 3.269     0.0      0.0    92.5
-10  7.98012 3.154     0.0      0.0    92.8
 -5  8.52242 3.13     -0.159  1.344    92.9
  0  8.08398 3.032    -0.004  1.353    92.9
  5  7.77164 3.204     0.165  1.352    92.9
 10  8.19747 3.144     0.264  1.344    92.8
 15  7.32738 3.214     0.348  1.357    92.5
 20  6.89185 3.273     0.430  1.375    92.5
 25  6.6542  3.176     0.578  1.392    92.4
 30  6.09257 3.122     0.855  1.436    92.4
 35  5.40581 3.025     0.975  1.436    92.3
 40  4.66085 2.96      1.213  1.594    92.2
 50  3.28054 2.654     1.166  1.551    92.0
 60  2.06319 2.289     0.861  1.308    91.7
 70  0.89919 1.871     0.711  1.254    91.6
 80 -0.11834 1.531     0.546  1.075    90.8
 90 -0.77891 1.382     0.170  1.109    90.0
 97  0.0     0.0       0.0    0.0      80.2

