
Spray Case 2: Uin = 9 m/s, Tin = 80 oC
(Aluminium Test Section)

mean air temperature at the inlet: 80 oC
mean ambient temperature: 30.4 oC
air volume flow rate at the inlet: 0.015 m3/s
air mass flow rate at the inlet: 14.2 g/s

liquid temperature at nozzle exit: 38 oC
liquid flow rate: 0.403 g/s





Gas Velocities at the Inlet
===========================

 y    Umean      Urms    Vmean  Vrms       Wmean Wrms
mm     m/s       m/s      m/s   m/s        m/s    m/s

-33   0.2802    0.1525     0.0    0.0      0.0    0.0
-32   1.9413    1.3622     0.0    0.0      0.0    0.0
-31   5.1379    1.7182     0.0    0.0      0.0    0.0
-30   7.3942    1.1733     0.0    0.0      0.0    0.0
-29   8.0213    0.9629     0.0    0.0      0.0    0.0
-28   8.3155    0.8752     0.0    0.0      0.0    0.0
-27   8.5253    0.7522     0.0    0.0      0.0    0.0
-26   8.6309    0.7555     0.0    0.0      0.0    0.0
-25   8.7187    0.6841     0.0    0.0      0.0    0.0
-24   8.7475    0.6738     0.0    0.0      0.0    0.0
-23   8.6583    0.7157     0.0    0.0      0.0    0.0
-22   8.5012    0.7321     0.0    0.0      0.0    0.0
-21   8.0507    0.8987     0.0    0.0      0.0    0.0
-20   5.5701    1.8990     0.0    0.0      0.0    0.0
-19   0.4799    0.3778     0.0    0.0      0.0    0.0
-18   0.4246    0.3227     0.0    0.0      0.0    0.0
16    0.5820    0.3293     0.0    0.0      0.0    0.0
17    0.4926    0.2675     0.290  0.322   -0.517  0.666
18    0.4016    0.2767    -0.149  0.191   -0.645  0.696
19    0.2823    0.1891    -0.175  0.275   -0.658  0.855
20    1.0131    0.9430    -0.128  0.339   -0.047  0.548
21    6.6185    1.2846    -0.076  0.318    0.044  0.386
22    8.1410    0.8431    -0.086  0.338    0.065  0.307
23    8.5791    0.7394     0.020  0.315    0.047  0.300
24    8.6602    0.6616    -0.000  0.346    0.058  0.288
25    8.6464    0.6738    -0.000  0.335    0.033  0.285
26    8.5021    0.7266     0.050  0.333    0.050  0.293
27    8.2542    0.8660     0.171  0.329    0.015  0.319
28    7.9151    0.8795     0.145  0.310   -0.041  0.344
29    7.5495    0.9850     0.176  0.295   -0.009  0.377
30    7.0934    1.0826     0.110  0.254    0.012  0.379
31    6.0274    1.4379    -0.030  0.166    0.013  0.357
32    3.8690    1.7304    -0.079  0.159    0.069  0.356
33    1.1203    0.9694    -0.026  0.211   -0.026  0.369
34    0.2763    0.1333     0.038  0.179    *****  *****






Wall Temperature Distribution
=============================

  x          t
  mm         oC
   0.0       36.5
 100.0       37.8
 200.0       39.1
 300.0       40.9
 400.0       41.8
 500.0       42.5
 600.0       42.9
 700.0       41.8
 800.0       41.3
 900.0       40.6
1000.0       40.2
1100.0       39.7
1200.0       39.0
1300.0       37.8




Droplet Mean Properties at the Inlet
====================================

 y      Umean   Urms    Vmean   Vrms   Wmean Wrms    flux    d10   drms  d20  d30  d32
 mm      m/s     m/s     m/s     m/s    m/s   m/s   g/m2/s    um    um    um   um  um

-20.0   4.510   1.370   0.000   0.000   0.0   0.0     17.09  24.9   5.5  25.5  26.1  27.5
-18.0    .290    .810   0.000   0.000   0.0   0.0      4.97  23.1   6.0  23.9  25.0  27.3
-16.0  -1.500    .950   0.000   0.000   0.0   0.0    -29.39  22.9   5.8  23.7  24.5  26.3
-14.0  -2.280    .890   0.000   0.000   0.0   0.0    -56.72  23.1   6.3  24.0  25.1  27.5
-12.0  -2.460    .810   0.000   0.000   0.0   0.0    -46.48  23.0   5.6  23.7  24.5  26.2
-10.0  -2.230    .910   0.000   0.000   0.0   0.0    -25.28  23.1   5.6  23.8  24.6  26.4
 -9.0   -.920   1.280   0.000   0.000   0.0   0.0    -13.29  24.4   7.1  25.4  26.8  29.8
 -8.0   3.020   2.260   0.000   0.000   0.0   0.0     42.63  28.7  10.5  30.5  32.7  37.5
 -7.0   8.220   2.690   0.000   0.000   0.0   0.0    369.96  35.4  13.0  37.7  40.1  45.3
 -6.0  11.870   2.490   0.000   0.000  -0.16  0.36  1900.50  39.8  14.4  42.3  44.8  50.1
 -5.0  14.090   2.330   0.000   0.000   0.06  0.43  5673.28  41.3  15.3  44.1  46.7  52.5
 -4.0  14.920   2.500   0.000   0.000   0.48  0.70  4669.27  38.2  14.0  40.7  43.1  48.4
 -3.0  14.220   3.070   0.000   0.000   1.18  1.03  1646.77  32.8  11.7  34.8  37.0  41.7
 -2.0  12.610   3.470   0.000   0.000   0.58  0.93   388.14  29.7   9.7  31.3  33.0  36.6
 -1.0   9.510   3.480   0.000   0.000   0.31  0.87    76.80  26.9   8.0  28.1  29.5  32.5
  0.0   7.910   2.940   -.440    .260   0.02  0.65    38.49  24.8   6.5  25.6  26.6  28.8
  1.0  10.680   3.770   -.080    .230  -0.26  0.53    83.00  26.5   7.5  27.5  28.8  31.5
  2.0  13.530   3.630   4.280    .600  -0.30  0.44   435.20  29.2   9.3  30.6  32.2  35.6
  3.0  14.510   3.070   8.170    .720  -0.53  0.41  1790.01  32.4  11.6  34.4  36.6  41.2
  4.0  14.190   2.610   9.830   1.610  -0.44  0.38  3712.16  36.1  13.0  38.4  40.6  45.6
  5.0  12.900   2.430   9.010   3.050  -0.41  0.37  4109.59  39.7  14.6  42.3  44.8  50.4
  6.0  10.660   2.460   4.220   3.000  -0.39  0.39  2088.35  40.0  15.0  42.7  45.3  51.0
  7.0   7.190   2.500   1.410   2.160  -0.34  0.46   726.06  36.6  14.7  39.4  42.3  48.6
  8.0   2.920   2.000   -.430    .840  -0.41  0.59   176.28  31.1  12.4  33.5  36.2  42.2
  9.0   -.190   1.330   -.440    .490  -0.44  0.65    15.96  27.0   9.0  28.5  30.3  34.4
 10.0  -1.460    .990   -.180    .420  -0.49  0.67   -45.99  25.5   6.7  26.3  27.4  29.7
 12.0  -1.850    .900    .230    .230   0.0   0.0    -56.15  25.1   6.0  25.8  26.7  28.6
 14.0  -1.330    .910    .420    .160   0.0   0.0    -37.31  25.1   6.0  25.8  26.7  28.5
 16.0   -.190    .640    .370    .160   0.0   0.0     -3.01  24.2   6.0  24.9  25.7  27.6
 18.0   2.700   1.260   -.050    .150   0.0   0.0     26.41  24.4   5.5  25.0  25.8  27.3





Correlations Between Droplet Size and Velocity
==============================================

    Size     PDF      Umean   Urms      Vmean   Vrms       Wmean     Wrms
     um       %        m/s     m/s       m/s    m/s         m/s       m/s

   z = 0 mm

   2.5000   0.1253   6.9775   1.9222    0.0552   0.5905    0.0579   1.2937
   7.5000   0.3068   6.9775   1.9820    0.1137   0.5868    0.1375   0.5567
  12.5000   1.6187   6.9775   1.6620    0.0959   0.5789    0.1383   0.5470
  17.5000  16.2741   6.9775   2.0173    0.0790   0.6530    0.0732   0.5983
  22.5000  39.6409   7.4276   2.7047    0.0634   0.7103    0.0372   0.6750
  27.5000  26.5665   8.1029   3.3491    0.0821   0.7710   -0.0196   0.6883
  32.5000  10.7345   9.3691   4.0452   -0.0170   0.7773   -0.0469   0.7246
  37.5000   3.2429  10.8108   4.0230    0.0612   0.7285   -0.1349   0.7208
  42.5000   0.8574  10.8108   3.9189   -0.2053   0.7757   -0.1463   0.6699
  47.5000   0.2367  10.8108   3.6354   -0.1270   0.7862   -0.1984   0.6582
  52.5000   0.0872  10.8108   3.5066   -0.3089   0.8488   -0.2147   0.6491
  57.5000   0.0174  10.8108   0.3060   -0.1457   0.6785   -0.1438   0.5481
  62.5000   0.0337  10.8108   2.0189   -0.0409   0.6785   -0.3458   0.5481
  67.5000   0.0269  10.8108   2.9169    0.2101   0.6785   -0.2649   0.5481
  72.5000   0.0554  10.8108   0.8179    0.2434   0.6785   -0.2564   0.5481
  77.5000   0.0518  10.8108   4.4704   -0.6297   0.6785   -0.4941   0.5481
  82.5000   0.0720  10.8108   3.0553   -1.3562   0.6785    0.2216   0.5481
  87.5000   0.0092  10.8108   0.0000   -0.0275   0.6785   -0.6103   0.5481
  92.5000   0.0262  10.8108   1.0538    0.0865   0.6785   -1.3565   0.5481
  97.5000   0.0080  10.8108   0.0000   -1.0357   0.6785   -0.5257   0.5481
 102.5000   0.0000  10.8108   0.0000   -0.8175   0.6785    0.0383   0.5481
 107.5000   0.0085  10.8108   0.0000   -0.3396   0.6785   -0.9034   0.5481
 112.5000   0.0000  10.8108   0.0000    0.0000   0.6785    0.0000   0.5481
 117.5000   0.0000  10.8108   0.0000    0.0000   0.6785    0.0000   0.5481


   z = 1 mm

   2.5000   0.0566   8.4840   1.7213    0.2527   0.8185   -0.7076   2.8342
   7.5000   0.2333   8.4840   3.5779    0.3749   0.8185   -0.1365   0.8481
  12.5000   1.5120   8.4840   2.7298    0.3158   0.8185   -0.1652   0.4520
  17.5000  12.0543   8.4840   2.8430    0.1718   0.6873   -0.1596   0.4932
  22.5000  34.4118   9.5536   3.5912    0.1679   0.5602   -0.2313   0.4964
  27.5000  27.4417  10.6941   4.2517    0.2966   0.6482   -0.2514   0.5094
  32.5000  13.8892  12.5634   4.2331    0.3916   0.7296   -0.2692   0.5216
  37.5000   6.1001  14.2755   3.9044    0.4274   0.7365   -0.2862   0.5079
  42.5000   2.6210  15.3962   3.7122    0.5683   0.7508   -0.3331   0.5033
  47.5000   0.7420  15.3962   2.1479    0.6393   0.7826   -0.3066   0.4954
  52.5000   0.3449  15.3962   2.7016    0.6929   0.8341   -0.3643   0.4913
  57.5000   0.1451  15.3962   4.4172    0.7635   0.8717   -0.3744   0.4805
  62.5000   0.0568  15.3962   3.0702    0.7236   0.9285   -0.3448   0.4728
  67.5000   0.0648  15.3962   1.8952    0.6410   0.8567   -0.3645   0.4772
  72.5000   0.1059  15.3962   3.4759    0.8000   1.0241   -0.3706   0.4772
  77.5000   0.1033  15.3962   4.2280    0.5913   0.8824   -0.4237   0.4772
  82.5000   0.0721  15.3962   3.1415    0.8015   0.8824   -0.3277   0.4772
  87.5000   0.0092  15.3962   0.0000    0.5993   0.8824   -0.3462   0.4772
  92.5000   0.0094  15.3962   0.0000    0.1799   0.8824   -0.4048   0.4772
  97.5000   0.0266  15.3962   4.3302    0.5601   0.8824   -0.1878   0.4772
 102.5000   0.0000  15.3962   0.0000    0.4871   0.8824   -0.5117   0.4772
 107.5000   0.0000  15.3962   0.0000   -0.9109   0.8824   -0.3538   0.4772
 112.5000   0.0000  15.3962   0.0000    0.0000   0.8824    0.0000   0.4772
 117.5000   0.0000  15.3962   0.0000    0.0000   0.8824    0.0000   0.4772


   z = 2 mm

   2.5000   0.1389  10.0908   4.3260    1.4214   1.4579   -1.0732    3.3648
   7.5000   0.2295  10.0908   4.8503    0.9755   0.7985   -0.3113    0.9768
  12.5000   1.4117  10.0908   3.3247    0.9884   0.8148   -0.2995    0.4648
  17.5000   9.3187  10.0908   3.5605    1.3720   0.7705   -0.2753    0.4342
  22.5000  25.6893  11.5005   3.9283    1.7646   0.7634   -0.2628    0.4028
  27.5000  23.8162  13.3159   3.9958    2.0854   0.8231   -0.2792    0.4083
  32.5000  17.5455  14.9203   3.6302    2.2902   0.8980   -0.2708    0.3810
  37.5000  10.6503  16.1652   3.0761    2.4555   0.9274   -0.3128    0.4007
  42.5000   5.8415  17.2483   2.6351    2.6403   1.0087   -0.3085    0.3800
  47.5000   2.6444  17.9467   2.6486    2.7500   1.1099   -0.2943    0.3857
  52.5000   1.2220  17.9467   3.2042    2.9073   1.1833   -0.3433    0.4007
  57.5000   0.6576  17.9467   2.6672    2.8348   1.1405   -0.3179    0.3956
  62.5000   0.3999  17.9467   3.4008    2.7718   1.2702   -0.3239    0.4436
  67.5000   0.1348  17.9467   4.7801    2.8008   1.2636   -0.3358    0.4590
  72.5000   0.0777  17.9467   2.9576    2.7121   1.1587   -0.3705    0.4178
  77.5000   0.0832  17.9467   3.0811    2.4825   1.1587   -0.2902    0.4699
  82.5000   0.0929  17.9467   5.1667    2.4420   1.1587   -0.1313    0.4699
  87.5000   0.0243  17.9467   2.6435    2.9001   1.1587   -0.3306    0.4699
  92.5000   0.0076  17.9467   0.0000    2.4721   1.1587   -0.2608    0.4699
  97.5000   0.0072  17.9467   0.0000    3.3588   1.1587   -0.1348    0.4699
 102.5000   0.0000  17.9467   0.0000    3.3854   1.1587   -0.3157    0.4699
 107.5000   0.0067  17.9467   0.0000    2.8633   1.1587   -0.2423    0.4699
 112.5000   0.0000  17.9467   0.0000    0.0000   1.1587    0.0000    0.4699
 117.5000   0.0000  17.9467   0.0000    0.0000   1.1587    0.0000    0.4699


   z = 3 mm

   2.5000   0.0352  10.0068   3.9877    2.9540   1.5701   -0.8861   0.6496
   7.5000   0.2680  10.0068   5.5793    2.7270   1.5701   -0.8181   0.6496
  12.5000   1.6395  10.0068   3.6893    2.7756   1.2177   -0.8221   0.5824
  17.5000   8.0879  10.0068   3.7161    3.2137   1.1408   -0.7015   0.4808
  22.5000  18.5923  12.0047   3.6617    3.8776   0.9683   -0.6467   0.4567
  27.5000  18.9704  13.9313   3.4687    4.4265   1.0084   -0.5892   0.4048
  32.5000  16.6977  15.3712   2.9130    4.7897   0.9790   -0.5206   0.3878
  37.5000  13.5094  16.3974   2.5814    5.0826   0.9994   -0.4712   0.3889
  42.5000   9.6672  17.1467   2.3145    5.3616   1.1222   -0.4568   0.3722
  47.5000   5.6377  17.5167   2.1913    5.4874   1.1657   -0.4187   0.3616
  52.5000   3.0254  17.8921   2.2193    5.5486   1.1483   -0.4199   0.3902
  57.5000   1.7066  17.8921   2.5109    5.6687   1.3291   -0.3769   0.3803
  62.5000   0.6781  17.8921   2.7361    5.7144   1.3374   -0.3821   0.3861
  67.5000   0.5109  17.8921   2.8007    5.7319   1.4621   -0.3699   0.4121
  72.5000   0.3744  17.8921   3.5806    5.4652   1.3169   -0.3848   0.4158
  77.5000   0.2367  17.8921   3.1294    5.6994   1.3169   -0.3743   0.3740
  82.5000   0.1231  17.8921   4.1593    5.2995   1.3169   -0.4215   0.4509
  87.5000   0.1043  17.8921   3.5703    5.5628   1.3169   -0.4813   0.4509
  92.5000   0.0308  17.8921   1.4783    4.9256   1.3169   -0.3907   0.4509
  97.5000   0.0713  17.8921   2.9060    5.8371   1.3169   -0.2570   0.4509
 102.5000   0.0000  17.8921   0.0000    5.3638   1.3169   -0.5355   0.4509
 107.5000   0.0331  17.8921   3.9105    4.7216   1.3169   -0.3194   0.4509
 112.5000   0.0000  17.8921   0.0000    0.0000   1.3169    0.0000   0.4509
 117.5000   0.0000  17.8921   0.0000    0.0000   1.3169    0.0000   0.4509


   z = 4 mm

   2.5000   0.0879   8.6152   3.5779   6.5308    1.8698   -0.6770    0.6609
   7.5000   0.2383   8.6152   5.8756   5.7310    1.8698   -0.7005    0.6609
  12.5000   0.6523   8.6152   4.2700   4.9597    2.0285   -0.6491    0.5176
  17.5000   6.2981   8.6152   3.6701   5.0335    1.5093   -0.6463    0.4833
  22.5000  13.7648  10.9338   3.5477   5.5700    1.3200   -0.5812    0.4431
  27.5000  15.5459  12.8707   3.0641   6.3088    1.2017   -0.5439    0.3856
  32.5000  15.8964  14.4480   2.5373   6.8042    1.1194   -0.4753    0.3739
  37.5000  13.0351  15.3964   2.2568   7.1968    1.1844   -0.4333    0.3527
  42.5000  11.7183  16.1086   2.0756   7.5036    1.1988   -0.3959    0.3477
  47.5000   8.3199  16.5621   1.8821   7.7146    1.1017   -0.3612    0.3413
  52.5000   5.8192  16.9428   1.8232   7.8273    1.1156   -0.3646    0.3369
  57.5000   3.8414  17.1655   1.8278   7.9196    1.1516   -0.3462    0.3258
  62.5000   2.1952  17.1655   1.8947   7.9874    1.2659   -0.3019    0.3549
  67.5000   1.1840  17.1655   1.8780   8.1443    1.2507   -0.2956    0.3209
  72.5000   0.7376  17.1655   1.7696   8.1117    1.1657   -0.3101    0.3351
  77.5000   0.2983  17.1655   3.2765   7.9454    1.3576   -0.3085    0.3876
  82.5000   0.1311  17.1655   1.6519   8.2599    1.1695   -0.2496    0.3956
  87.5000   0.0987  17.1655   4.9060   8.3238    1.1695   -0.3559    0.4478
  92.5000   0.0519  17.1655   1.7679   7.9007    1.1695   -0.3163    0.4478
  97.5000   0.0090  17.1655   0.0000   7.9765    1.1695   -0.3063    0.4478
 102.5000   0.0505  17.1655   2.5023   7.8651    1.1695   -0.4239    0.4478
 107.5000   0.0258  17.1655   0.3071   7.9139    1.1695   -0.3328    0.4478
 112.5000   0.0000  17.1655   0.0000   0.0000    1.1695    0.0000    0.4478
 117.5000   0.0000  17.1655   0.0000   0.0000    1.1695    0.0000    0.4478


   z = 5 mm

   2.5000   0.0964   6.0573   2.4197    8.2348   2.8993   -0.8230   0.6283
   7.5000   0.1372   6.0573   6.1702    7.8896   2.8993   -0.5872   0.6283
  12.5000   0.5699   6.0573   5.0695    5.8203   2.8993   -0.6593   0.6283
  17.5000   4.3875   6.0573   3.5737    5.9036   2.3063   -0.6309   0.5555
  22.5000  11.3349   8.5302   3.6542    6.4161   2.0020   -0.5511   0.4591
  27.5000  12.7805  10.8465   3.2226    7.2270   1.8363   -0.5161   0.4084
  32.5000  13.1787  12.5788   2.4207    7.9725   1.6726   -0.4567   0.3733
  37.5000  12.3925  13.7234   2.0621    8.5883   1.5431   -0.4136   0.3595
  42.5000  11.4860  14.4238   2.0334    9.0547   1.4636   -0.3728   0.3264
  47.5000  10.1117  14.9955   1.8826    9.3930   1.4370   -0.3574   0.3190
  52.5000   8.7765  15.4274   1.6808    9.5671   1.2161   -0.3167   0.3195
  57.5000   5.7472  15.6032   1.7758    9.6485   1.3656   -0.2994   0.2975
  62.5000   4.0047  15.9759   1.6758    9.8586   1.3603   -0.2748   0.3074
  67.5000   1.9959  15.9759   1.5506    9.8838   1.3147   -0.2904   0.3225
  72.5000   1.1593  15.9759   1.7081    9.9356   1.6371   -0.2412   0.3047
  77.5000   0.8855  15.9759   1.8168    9.9479   1.6837   -0.2499   0.3064
  82.5000   0.3291  15.9759   2.1120    9.8333   1.8621   -0.2707   0.3478
  87.5000   0.1916  15.9759   2.9218    9.8784   2.1205   -0.2723   0.3969
  92.5000   0.1620  15.9759   2.2327    9.9985   2.1205   -0.3072   0.3969
  97.5000   0.1615  15.9759   2.1237   10.0315   2.1205   -0.2293   0.3969
 102.5000   0.1021  15.9759   3.6926    9.8733   2.1205   -0.3685   0.3969
 107.5000   0.0090  15.9759   0.0000   10.8772   2.1205   -0.2470   0.3969
 112.5000   0.0000  15.9759   0.0000    0.0000   2.1205    0.0000   0.3969
 117.5000   0.0000  15.9759   0.0000    0.0000   2.1205    0.0000   0.3969


   z = 6 mm

   2.5000   0.1118   3.6118   4.1991    8.7569   2.3645   -0.4485   0.7773
   7.5000   0.1065   3.6118   4.5373    6.6533   2.3645   -0.8527   0.7773
  12.5000   0.3865   3.6118   6.0875    4.7805   2.3645   -0.7761   0.7773
  17.5000   4.0001   3.6118   3.2565    4.1113   2.3645   -0.6657   0.7223
  22.5000  12.4646   5.7331   3.5215    5.8574   2.3817   -0.5664   0.5961
  27.5000  13.3546   8.2525   3.4583    7.0908   2.1754   -0.4665   0.4593
  32.5000  12.4102  10.3424   2.6402    8.1808   2.0095   -0.4224   0.3944
  37.5000  11.6692  11.5759   2.1973    8.7863   2.1099   -0.3768   0.3295
  42.5000  11.0188  12.4409   1.9855    9.3858   2.0285   -0.3234   0.3135
  47.5000   9.5193  12.9441   1.7691    9.9229   1.9058   -0.2981   0.2957
  52.5000   8.0307  13.5501   1.6478   10.0698   1.9783   -0.2471   0.2712
  57.5000   6.4004  13.8611   1.6511   10.3186   1.9051   -0.2532   0.2790
  62.5000   4.3868  14.2088   1.6706   10.2226   2.2534   -0.2209   0.2706
  67.5000   2.7436  14.2195   1.8127   10.3913   2.3773   -0.2243   0.3012
  72.5000   1.6829  14.2195   1.6093   10.3421   2.5831   -0.2446   0.3043
  77.5000   0.7908  14.2195   1.7387   10.0789   2.8780   -0.2240   0.3456
  82.5000   0.3557  14.2195   2.3095   10.6563   1.9513   -0.1902   0.2757
  87.5000   0.2673  14.2195   2.4473    8.8431   1.9513   -0.1732   0.2757
  92.5000   0.1077  14.2195   1.6837    8.6385   1.9513   -0.2213   0.2757
  97.5000   0.1032  14.2195   1.8233    8.4582   1.9513   -0.1610   0.2757
 102.5000   0.0890  14.2195   1.0074    7.6192   1.9513   -0.4202   0.2757
 107.5000   0.0000  14.2195   0.0000    6.7869   1.9513   -0.1681   0.2757
 112.5000   0.0000  14.2195   0.0000    0.0000   1.9513    0.0000   0.2757
 117.5000   0.0000  14.2195   0.0000    0.0000   1.9513    0.0000   0.2757


   z = 7 mm

   2.5000   0.0733   1.8970   4.8699    2.9275   2.3372   -0.6752   0.8344
   7.5000   0.0846   1.8970   3.2193    3.3060   2.3372   -0.6227   0.8344
  12.5000   0.4384   1.8970   3.5120    1.6616   2.3372   -0.6728   0.8344
  17.5000   6.4516   1.8970   1.9313    1.0147   2.3372   -0.6057   0.7691
  22.5000  18.3133   3.3985   2.8178    4.3429   2.8400   -0.4299   0.6239
  27.5000  16.7646   5.4654   3.4506    6.5091   2.7316   -0.3624   0.5135
  32.5000  12.4668   7.9591   2.9578    7.7475   2.5793   -0.3163   0.4236
  37.5000   9.8007   9.4535   2.4848    8.5266   2.5124   -0.2941   0.3466
  42.5000   9.0634  10.4778   2.0211    9.2309   2.3829   -0.2382   0.2958
  47.5000   7.7524  11.0375   1.8027    9.5222   2.4449   -0.2226   0.2819
  52.5000   5.9427  11.4753   1.5765    9.8483   2.3796   -0.2015   0.2585
  57.5000   4.8404  11.9498   1.5834    9.9207   2.5886   -0.1920   0.2513
  62.5000   3.1828  12.1047   1.7712    9.8674   3.1084   -0.1777   0.2469
  67.5000   2.2397  12.4305   1.6888    9.0297   3.6385   -0.1476   0.2691
  72.5000   1.2523  12.4305   1.9213    8.7310   3.9585   -0.1931   0.2787
  77.5000   0.7178  12.4305   2.4709    6.9944   3.9585   -0.1974   0.3263
  82.5000   0.2900  12.4305   3.4968    6.7452   3.9585   -0.1604   0.3263
  87.5000   0.1076  12.4305   2.1646    5.0435   3.9585   -0.0560   0.3263
  92.5000   0.1030  12.4305   2.5141    5.9085   3.9585   -0.2882   0.3263
  97.5000   0.0397  12.4305   3.5312    1.8878   3.9585   -0.1873   0.3263
 102.5000   0.0491  12.4305   2.0830    4.1665   3.9585   -0.3194   0.3263
 107.5000   0.0257  12.4305   3.3086    0.5750   3.9585    0.1525   0.3263
 112.5000   0.0000  12.4305   0.0000    0.0000   3.9585    0.0000   0.3263
 117.5000   0.0000  12.4305   0.0000    0.0000   3.9585    0.0000   0.3263


   z = 8 mm

   2.5000   0.0472   1.6642   3.1007    0.4762   1.5781   -0.9008   0.8144
   7.5000   0.0490   1.6642   3.4161    0.1970   1.5781   -0.5696   0.8144
  12.5000   0.7027   1.6642   0.7902   -1.1600   1.2004   -0.7526   0.8144
  17.5000   9.2048   1.6642   1.0960   -0.8295   1.4089   -0.6749   0.7902
  22.5000  28.9726   2.1086   1.5569    0.9965   2.4146   -0.4921   0.6975
  27.5000  22.3008   3.1752   2.3909    3.3725   3.0716   -0.3720   0.5896
  32.5000  11.3386   5.3138   2.9315    5.4458   3.1230   -0.3017   0.5360
  37.5000   8.0076   7.1351   2.6187    7.1454   2.8961   -0.2756   0.4057
  42.5000   5.7043   8.4695   2.1852    8.1943   2.7098   -0.2113   0.3417
  47.5000   4.8184   9.1086   1.7684    8.9322   2.6443   -0.2105   0.3126
  52.5000   3.0619   9.6747   1.6538    9.0843   2.8008   -0.1864   0.2586
  57.5000   2.1768   9.6747   1.4564    8.5742   3.5284   -0.1482   0.2641
  62.5000   1.4889   9.6747   1.4117    7.3977   4.3460   -0.1553   0.2529
  67.5000   0.8891   9.6747   1.5493    7.1958   4.7546   -0.2392   0.3314
  72.5000   0.5372   9.6747   1.8480    6.0018   4.7546   -0.2440   0.3314
  77.5000   0.2782   9.6747   3.3011    3.9760   4.7546   -0.2056   0.3314
  82.5000   0.1685   9.6747   3.0433    2.7376   4.7546   -0.0409   0.3314
  87.5000   0.1048   9.6747   4.1286    2.4196   4.7546   -0.2916   0.3314
  92.5000   0.0450   9.6747   4.7003    2.0288   4.7546   -0.5428   0.3314
  97.5000   0.0612   9.6747   1.4783    1.0012   4.7546   -0.1302   0.3314
 102.5000   0.0426   9.6747   3.9816    1.6831   4.7546    0.1153   0.3314
 107.5000   0.0000   9.6747   0.0000    0.6950   4.7546    0.0790   0.3314
 112.5000   0.0000   9.6747   0.0000    0.0000   4.7546    0.0000   0.3314
 117.5000   0.0000   9.6747   0.0000    0.0000   4.7546    0.0000   0.3314




Profiles of Droplet Phase Properties
====================================


Number of data / axial coordinate (mm)

  y     Umean    Urms   Vmean   Vrms   flux    d10   drms  d20   d30   d32
 mm      m/s     m/s     m/s     m/s   g/m2/s   um    um    um   um     um

    30      0.00
-20.0   4.510   1.370   0.000   0.000   17.09  24.9   5.5  25.5  26.1  27.5
-18.0    .290    .810   0.000   0.000    4.97  23.1   6.0  23.9  25.0  27.3
-16.0  -1.500    .950   0.000   0.000  -29.39  22.9   5.8  23.7  24.5  26.3
-14.0  -2.280    .890   0.000   0.000  -56.72  23.1   6.3  24.0  25.1  27.5
-12.0  -2.460    .810   0.000   0.000  -46.48  23.0   5.6  23.7  24.5  26.2
-10.0  -2.230    .910   0.000   0.000  -25.28  23.1   5.6  23.8  24.6  26.4
 -9.0   -.920   1.280   0.000   0.000  -13.29  24.4   7.1  25.4  26.8  29.8
 -8.0   3.020   2.260   0.000   0.000   42.63  28.7  10.5  30.5  32.7  37.5
 -7.0   8.220   2.690   0.000   0.000  369.96  35.4  13.0  37.7  40.1  45.3
 -6.0  11.870   2.490   0.000   0.000 1900.50  39.8  14.4  42.3  44.8  50.1
 -5.0  14.090   2.330   0.000   0.000 5673.28  41.3  15.3  44.1  46.7  52.5
 -4.0  14.920   2.500   0.000   0.000 4669.27  38.2  14.0  40.7  43.1  48.4
 -3.0  14.220   3.070   0.000   0.000 1646.77  32.8  11.7  34.8  37.0  41.7
 -2.0  12.610   3.470   0.000   0.000  388.14  29.7   9.7  31.3  33.0  36.6
 -1.0   9.510   3.480   0.000   0.000   76.80  26.9   8.0  28.1  29.5  32.5
  0.0   7.910   2.940   -.440    .260   38.49  24.8   6.5  25.6  26.6  28.8
  1.0  10.680   3.770   -.080    .230   83.00  26.5   7.5  27.5  28.8  31.5
  2.0  13.530   3.630   4.280    .600  435.20  29.2   9.3  30.6  32.2  35.6
  3.0  14.510   3.070   8.170    .720 1790.01  32.4  11.6  34.4  36.6  41.2
  4.0  14.190   2.610   9.830   1.610 3712.16  36.1  13.0  38.4  40.6  45.6
  5.0  12.900   2.430   9.010   3.050 4109.59  39.7  14.6  42.3  44.8  50.4
  6.0  10.660   2.460   4.220   3.000 2088.35  40.0  15.0  42.7  45.3  51.0
  7.0   7.190   2.500   1.410   2.160  726.06  36.6  14.7  39.4  42.3  48.6
  8.0   2.920   2.000   -.430    .840  176.28  31.1  12.4  33.5  36.2  42.2
  9.0   -.190   1.330   -.440    .490   15.96  27.0   9.0  28.5  30.3  34.4
 10.0  -1.460    .990   -.180    .420  -45.99  25.5   6.7  26.3  27.4  29.7
 12.0  -1.850    .900    .230    .230  -56.15  25.1   6.0  25.8  26.7  28.6
 14.0  -1.330    .910    .420    .160  -37.31  25.1   6.0  25.8  26.7  28.5
 16.0   -.190    .640    .370    .160   -3.01  24.2   6.0  24.9  25.7  27.6
 18.0   2.700   1.260   -.050    .150   26.41  24.4   5.5  25.0  25.8  27.3
    25     25.00
-24.0   6.720    .870   0.000   0.000    4.02  51.9  12.8  53.4  54.8  57.6
-22.0   6.940   1.010   0.000   0.000   17.98  50.6  12.4  52.1  53.5  56.3
-20.0   6.900   1.130   0.000   0.000   57.39  46.0  14.4  48.2  50.1  54.0
-18.0   6.510   1.250   0.000   0.000  148.40  39.6  15.9  42.7  45.3  50.9
-16.0   5.860   1.420   0.000   0.000  286.30  33.8  15.8  37.3  40.4  47.4
-14.0   4.960   1.540   0.000   0.000  347.36  29.2  14.4  32.5  35.7  42.8
-12.0   3.720   1.540   0.000   0.000  300.02  25.7  12.8  28.7  31.7  38.5
-10.0   2.450   1.380   0.000   0.000  239.36  22.3  11.5  25.1  28.0  34.8
 -8.0   1.300   1.040   0.000   0.000  136.07  18.1   9.5  20.5  22.9  28.6
 -6.0    .930    .970   0.000   0.000   77.34  14.8   8.3  17.0  19.6  25.9
 -4.0    .990   1.000   0.000   0.000   58.90  13.3   7.4  15.2  17.5  23.1
 -2.0   1.570   1.080   0.000   0.000   75.28  12.0   6.8  13.8  16.1  22.0
  0.0   1.750   1.100   -.058    .574   78.08  11.7   6.8  13.5  15.9  22.2
  2.0   1.920   1.080   -.412    .726   81.73  11.7   6.6  13.5  15.6  21.1
  4.0   1.790   1.120   -.559    .790   87.14  12.8   7.1  14.7  16.7  21.7
  6.0   1.600   1.170   -.472    .727  121.07  14.6   8.0  16.7  19.0  24.7
  8.0   1.530   1.190   -.751    .751  159.91  17.1   9.4  19.5  22.2  28.6
 10.0   1.820   1.210   -.516    .716  224.35  19.9  10.3  22.4  25.1  31.4
 12.0   2.770   1.370   -.452    .710  317.03  23.0  11.6  25.8  28.5  34.9
 14.0   3.840   1.520    .217    .747  324.80  26.7  12.7  29.5  32.3  38.5
 16.0   4.960   1.500   1.163   1.007  307.70  30.1  13.7  33.0  35.7  41.8
 18.0   5.990   1.350   2.106   1.263  185.64  35.1  14.0  37.8  40.2  45.5
 20.0   6.510   1.210   2.702   1.277   85.06  39.6  13.7  41.9  44.0  48.4
 22.0   6.750   1.110   3.312   1.298   27.27  43.2  12.5  44.9  46.6  50.0
 24.0   6.310    .970   3.881   1.355    9.00  41.1  13.8  43.3  45.4  49.8
    37     50.00
-90.0   -.210    .810   0.000   0.000   -1.49  35.1  15.3  38.3  41.1  47.4
-80.0   -.340   1.030   0.000   0.000   -2.73  38.2  16.3  41.5  44.3  50.4
-70.0   -.450    .810   0.000   0.000   -3.61  39.3  16.3  42.5  45.2  51.0
-60.0   -.410   1.280   0.000   0.000   -3.69  39.1  16.4  42.4  45.2  51.2
-50.0   -.450    .870   0.000   0.000   -1.64  40.9  16.2  44.1  46.6  52.2
-40.0    .480   1.260   0.000   0.000    -.35  45.1  16.1  47.9  50.2  55.2
-36.0   2.690   2.270   0.000   0.000    4.91  49.5  16.4  52.2  54.3  58.7
-33.0   4.500   2.120   0.000   0.000   19.69  52.8  14.6  54.8  56.4  59.7
-30.0   5.780   1.800   0.000   0.000   30.38  51.0  13.0  52.6  54.0  56.8
-27.0   6.710   1.340   0.000   0.000   65.92  49.5  11.2  50.7  51.9  54.2
-24.0   7.060    .980   0.000   0.000   75.46  45.6  10.3  46.7  47.8  50.1
-21.0   7.020    .750   0.000   0.000   87.76  40.4  10.6  41.8  43.0  45.6
-18.0   6.700    .720   0.000   0.000   81.29  31.2  11.5  33.2  35.0  38.7
-15.0   6.210    .910   0.000   0.000   82.38  26.5  10.7  28.6  30.4  34.6
-12.0   5.430   1.110   0.000   0.000   87.25  22.3   9.3  24.2  25.9  29.9
 -9.0   4.600   1.100   0.000   0.000   91.67  20.9   8.6  22.6  24.2  28.0
 -6.0   3.780    .940   0.000   0.000   97.44  20.5   8.4  22.1  23.7  27.4
 -3.0   3.410    .770   0.000   0.000  108.00  21.0   8.1  22.5  23.9  27.2
  0.0   3.350    .700   -.206    .662   94.63  20.9   8.3  22.5  24.0  27.4
  3.0   3.590    .790   -.580    .639  104.51  21.1   8.3  22.7  24.2  27.4
  6.0   3.980    .900   -.588    .583  100.91  21.7   8.8  23.4  25.0  28.7
  9.0   4.600   1.040   -.553    .527  101.05  22.5   9.3  24.3  26.1  29.9
 12.0   5.400   1.070   -.433    .401   93.54  25.5  10.5  27.6  29.4  33.6
 15.0   6.010    .960   -.084    .385   90.59  28.2  11.3  30.4  32.3  36.5
 18.0   6.470    .870    .467    .555   87.89  34.8  11.8  36.8  38.4  41.9
 21.0   6.660   1.010   1.042    .720   79.81  41.0  11.5  42.6  44.0  46.9
 24.0   6.630   1.290   1.710    .857   60.92  46.3  10.7  47.5  48.6  51.0
 27.0   6.190   1.630   2.350    .994   41.50  49.9  11.4  51.2  52.4  54.7
 30.0   5.420   1.880   2.822   1.068   19.88  51.1  12.4  52.6  53.8  56.3
 33.0   3.850   1.890   2.937   1.224   12.74  51.2  15.1  53.4  55.1  58.7
 36.0   2.690   2.270   2.634   1.312    5.13  49.5  16.4  52.2  54.3  58.7
 40.0    .480   1.260   1.215   1.246    -.56  45.1  16.1  47.9  50.2  55.2
 50.0   -.450    .870   0.000   0.000   -4.33  40.9  16.2  44.1  46.6  52.2
 60.0   -.410   1.280   0.000   0.000   -3.69  39.1  16.4  42.4  45.2  51.2
 70.0   -.450    .810   0.000   0.000   -3.61  39.3  16.3  42.5  45.2  51.0
 80.0   -.340   1.030   0.000   0.000   -2.73  38.2  16.3  41.5  44.3  50.4
 90.0   -.210    .810   0.000   0.000   -1.49  35.1  15.3  38.3  41.1  47.4
    35    100.00
-80.0   -.270    .540   0.000   0.000   -1.01  43.1  17.0  46.3  49.0  54.8
-70.0   -.153    .666   0.000   0.000    -.42  44.7  17.1  47.8  50.4  55.8
-60.0    .234    .963   0.000   0.000    3.07  47.7  16.1  50.3  52.5  57.0
-50.0    .936   1.242   0.000   0.000   12.72  48.9  15.0  51.2  53.0  56.7
-40.0    .738   1.269   0.000   0.000   17.44  48.3  14.1  50.3  52.0  55.4
-36.0   1.332   1.242   0.000   0.000   25.18  47.3  13.5  49.2  50.7  54.0
-33.0   2.043   1.593   0.000   0.000   29.87  45.0  13.3  46.9  48.5  51.8
-30.0   2.853   1.404   0.000   0.000   27.86  41.8  13.0  43.8  45.4  48.8
-27.0   3.888   1.305   0.000   0.000   37.25  38.9  13.4  41.1  42.9  46.8
-24.0   4.914   1.080   0.000   0.000   42.35  33.1  14.2  36.0  38.5  44.1
-21.0   5.553    .900   0.000   0.000   47.56  28.8  13.0  31.6  34.1  39.7
-18.0   5.868    .855   0.000   0.000   50.46  24.8  11.6  27.4  29.8  35.2
-15.0   5.796    .891   0.000   0.000   58.46  22.7  10.6  25.0  27.2  32.2
-12.0   5.526    .900   0.000   0.000   65.30  21.5   9.7  23.5  25.6  30.3
 -9.0   5.238    .792   0.000   0.000   75.12  21.6   9.3  23.6  25.5  29.9
 -6.0   5.067    .702   0.000   0.000   84.35  21.2   9.3  23.2  25.2  29.6
 -3.0   4.941    .639   0.000   0.000   83.02  21.3   9.2  23.2  25.1  29.5
  0.0   4.977    .639    .087    .367   99.27  21.4   9.5  23.4  25.5  30.3
  3.0   4.977    .657    .174    .345   97.19  22.2   9.3  24.1  25.9  30.1
  6.0   5.121    .702    .280    .391   88.93  21.9   9.8  24.0  26.1  31.0
  9.0   5.238    .720    .350    .398   67.34  22.1   9.7  24.1  26.1  30.6
 12.0   5.373    .765    .425    .448   65.27  23.2  10.5  25.5  27.7  32.6
 15.0   5.445    .828    .516    .453   57.64  24.1  11.3  26.6  28.9  34.3
 18.0   5.418    .882    .566    .486   50.80  25.9  12.5  28.8  31.3  37.2
 21.0   5.274    .936    .649    .492   49.49  28.3  13.2  31.3  33.8  39.5
 24.0   4.914   1.080    .670    .493   45.97  31.9  14.3  34.9  37.5  43.2
 27.0   4.392   1.152    .696    .500   37.36  34.6  14.7  37.6  40.0  45.4
 30.0   3.843   1.215    .664    .483   33.43  37.8  15.1  40.7  43.0  48.0
 33.0   3.276   1.233    .643    .474   27.90  41.8  14.2  44.2  46.0  49.9
 36.0   2.808   1.251    .622    .465   27.20  43.7  13.9  45.8  47.5  51.0
 40.0   2.079   1.269   0.000   0.000   25.10  46.9  13.8  48.9  50.5  53.9
 50.0    .936   1.242   0.000   0.000   12.72  48.9  15.0  51.2  53.0  56.7
 60.0    .234    .963   0.000   0.000    3.07  47.7  16.1  50.3  52.5  57.0
 70.0   -.153    .666   0.000   0.000    -.42  44.7  17.1  47.8  50.4  55.8
 80.0   -.270    .540   0.000   0.000   -1.01  43.1  17.0  46.3  49.0  54.8
    25    200.00
-70.0   -.050    .480   0.000   0.000     .09  27.7  14.2  31.2  34.3  41.6
-60.0    .510    .700   0.000   0.000     .75  28.5  14.0  31.8  34.6  41.1
-50.0   1.590   1.170   0.000   0.000    3.21  29.8  12.9  32.5  34.8  39.9
-45.0   2.310   1.310   0.000   0.000    6.60  29.9  12.8  32.5  34.8  39.7
-40.0   3.170   1.340   0.000   0.000   10.62  29.0  12.6  31.6  33.9  39.0
-35.0   4.060   1.290   0.000   0.000   17.79  27.4  12.2  30.0  32.3  37.6
-30.0   4.770   1.150   0.000   0.000   22.62  25.4  11.5  27.9  30.2  35.4
-25.0   5.300   1.040   0.000   0.000   33.38  24.8  11.1  27.2  29.4  34.3
-20.0   5.670    .940   0.000   0.000   40.67  23.8  10.3  25.9  27.9  32.3
-15.0   5.790    .890   0.000   0.000   45.44  22.6   9.8  24.6  26.6  31.1
-10.0   5.720    .910   0.000   0.000   42.85  23.0   9.7  24.9  26.8  31.1
 -5.0   5.590    .930   0.000   0.000   41.47  21.8   9.3  23.7  25.6  29.7
  0.0   5.440    .980    .248    .383   38.56  22.3   9.4  24.2  26.1  30.2
  5.0   5.210   1.110    .399    .501   31.81  22.6   9.6  24.5  26.4  30.5
 10.0   5.000   1.190    .308    .471   27.80  23.5  10.1  25.6  27.6  32.2
 15.0   4.740   1.320    .373    .459   20.65  24.2  10.7  26.5  28.6  33.4
 20.0   4.270   1.430    .511    .547   15.71  24.4  10.9  26.7  28.9  33.8
 25.0   3.750   1.530    .640    .528   12.91  25.7  11.5  28.1  30.4  35.6
 30.0   3.130   1.550    .728    .616    8.31  26.5  12.2  29.2  31.5  36.9
 35.0   2.430   1.510    .886    .629    4.90  27.9  12.4  30.5  32.8  38.0
 40.0   1.570   1.330    .891    .647    2.62  28.6  12.8  31.4  33.8  39.3
 45.0   1.320   1.190    .962    .667    2.65  29.5  13.3  32.4  34.8  40.3
 50.0    .690    .950    .776    .620    1.12  28.6  13.2  31.5  34.1  39.9
 60.0    .510    .700    .737    .604     .75  28.5  14.0  31.8  34.6  41.1
 70.0   -.050    .480    .695    .643     .09  27.7  14.2  31.2  34.3  41.6
    19    300.00
-55.0    .950    .860   0.000   0.000     .77  22.9  11.5  25.6  28.5  35.2
-45.0   1.730   1.120   0.000   0.000    1.91  23.2  11.4  25.9  28.6  35.0
-35.0   2.600   1.230   0.000   0.000    4.37  23.4  11.3  26.0  28.6  34.5
-25.0   3.540   1.200   0.000   0.000    8.40  23.0  11.1  25.5  28.1  34.0
-20.0   3.820   1.210   0.000   0.000    8.66  22.1  10.1  24.3  26.5  31.6
-15.0   4.120   1.170   0.000   0.000   10.66  22.3  10.2  24.5  26.8  32.0
-10.0   4.220   1.190   0.000   0.000   11.91  22.3  10.1  24.4  26.6  31.4
 -5.0   4.240   1.180   0.000   0.000   12.04  22.5  10.2  24.7  26.9  32.0
  0.0   4.170   1.210   0.000   0.000   12.57  22.4  10.2  24.6  26.9  32.1
  5.0   4.080   1.250   0.000   0.000   10.26  22.9  10.0  25.0  27.1  31.9
 10.0   3.940   1.310   0.000   0.000    9.40  22.9  10.1  25.0  27.1  31.9
 15.0   3.610   1.350    .005    .471    8.03  22.8  10.1  24.9  27.0  31.9
 20.0   3.410   1.360    .123    .460    6.74  22.8  10.1  24.9  27.1  32.0
 25.0   3.100   1.380    .237    .455    6.18  22.4  10.4  24.7  27.1  32.5
 30.0   2.640   1.380    .445    .497    4.52  22.9  10.5  25.1  27.5  32.8
 35.0   2.310   1.330    .563    .557    3.02  22.8  10.6  25.2  27.6  33.0
 40.0   2.020   1.290    .643    .543    2.69  22.7  10.7  25.1  27.5  33.0
 45.0   1.460   1.170    .701    .537    1.43  22.5  10.7  24.9  27.3  32.8
 50.0   1.130   1.080    .736    .558     .88  22.9  11.3  25.5  28.2  34.4
    15    400.00
-70.0    .820    .670   0.000   0.000    1.06  20.5  11.8  23.7  26.8  34.2
-60.0   1.080    .790   0.000   0.000    1.05  21.5  11.5  24.4  27.1  33.5
-50.0   1.570    .880   0.000   0.000    2.11  22.4  12.0  25.4  28.4  35.5
-40.0   1.880    .930   0.000   0.000    2.62  22.1  11.3  24.8  27.6  34.0
-30.0   2.250    .980   0.000   0.000    4.07  23.0  11.2  25.6  28.2  34.1
-20.0   2.620    .990   0.000   0.000    5.29  23.1  11.1  25.6  28.1  33.6
-10.0   2.720    .990   0.000   0.000    4.27  22.5  10.9  25.0  27.5  33.3
  0.0   2.710    .990   -.076    .472    5.14  22.5  11.0  25.1  27.6  33.4
 10.0   2.730   1.040    .148    .477    5.05  22.7  11.0  25.2  27.7  33.4
 20.0   2.520   1.010    .239    .476    4.45  23.2  10.8  25.5  27.9  33.1
 30.0   2.300   1.020    .432    .519    2.75  21.5  10.4  23.9  26.3  31.9
 40.0   2.010   1.000    .488    .503    2.19  21.7  10.6  24.2  26.7  32.4
 50.0   1.340    .850    .611    .547    1.04  21.6  11.0  24.3  26.9  33.0
 60.0   1.060    .800    .571    .523     .83  22.2  12.1  25.2  28.3  35.5
 70.0    .770    .720    .544    .500     .44  21.8  11.6  24.6  27.4  34.1



Liquid Mass Flow Rate at the different Profiles
===============================================

 x (mm)     ml (g/s)
   0.       .40193
  25.       .28640
  50.       .16468
 100.       .27157
 200.       .11855
 300.       .04936
 400.       .03331
