
Spray Case 1: Uin = 18 m/s, Tin = 80 oC
(Aluminium Test Section)

mean air temperature at the inlet: 80 oC
mean ambient temperature: 31 oC
air volume flow rate at the inlet: 0.034 m3/s
air mass flow rate at the inlet: 32.6 g/s

liquid temperature at nozzle exit: 38 oC
liquid flow rate: 0.443 g/s





Gas Velocities at the Inlet
===========================

 y   Umean    Urms   Vmean  Vrms  Wmean Wrms

-34  0.0     0.0      0.000  0.000   0.000  0.000
-33  1.0497  1.1881   0.000  0.000   0.000  0.000
-32  4.8746  3.289    0.000  0.000   0.000  0.000
-31 12.1694  3.5965   0.000  0.000   0.000  0.000
-30 15.8282  2.2928   0.000  0.000   0.000  0.000
-29 16.8469  2.0909   0.000  0.000   0.000  0.000
-28 17.792   1.9311   0.000  0.000   0.000  0.000
-27 18.3478  1.7739   0.000  0.000   0.000  0.000
-26 18.6153  1.6181   0.000  0.000   0.000  0.000
-25 18.7538  1.4996   0.000  0.000   0.000  0.000
-24 18.5937  1.6023   0.000  0.000   0.000  0.000
-23 18.2274  1.6288   0.000  0.000   0.000  0.000
-22 17.5197  1.7634   0.000  0.000   0.000  0.000
-21 16.372   1.9929   0.000  0.000   0.000  0.000
-20 12.0907  3.9004   0.000  0.000   0.000  0.000
-19  1.4823  1.5633   0.000  0.000   0.000  0.000
-18  0.9657  0.6659   0.000  0.000   0.000  0.000
 17  1.3539  0.8169   0.136  0.634  -0.631  0.827
 18  1.1716  0.7541  -0.447  0.565  -0.620  0.873
 19  1.0668  0.6954  -0.344  0.409  -0.464  0.760
 20  3.9574  2.9303   0.051  0.461  -0.341  0.656
 21 13.6713  3.0368   0.163  0.602  -0.343  0.663
 22 16.7264  1.7581  -0.063  0.580  -0.167  0.586
 23 17.5183  1.6245  -0.027  0.609  -0.122  0.557
 24 18.0087  1.5411   0.002  0.540  -0.113  0.553
 25 18.3395  1.5878   0.001  0.575  -0.042  0.527
 26 18.4619  1.5829   0.039  0.576  -0.047  0.601
 27 18.051   1.8443   0.033  0.559   0.033  0.603
 28 17.6513  2.0796   0.058  0.494  -0.041  0.644
 29 16.9143  2.206    0.239  0.515   0.027  0.659
 30 15.9386  2.3544   0.289  0.503  -0.026  0.658
 31 14.1439  2.7959   0.311  0.380   0.011  0.672
 32 10.0465  3.586    0.402  0.564  -0.072  0.610
 33  3.6817  2.7263   0.370  0.394   0.036  0.516
 34  1.1059  1.2752   0.175  0.280   0.230  0.337





Wall Temperature Distribution
=============================

  x          t
  mm         oC
   0.0      39.9
 100.0      42.4
 200.0      44.5
 300.0      47.2
 400.0      49.3
 500.0      50.6
 600.0      47.8
 700.0      48.4
 800.0      47.2
 900.0      47.1
1000.0      46.4
1100.0      46.3
1200.0      44.8
1300.0      43.3



Droplet Mean Properties at the Inlet
====================================

 y   Umean  Urms  Vmean  Vrms  Wmean Wrms     flux    d10   drms  d20  d30  d32
 mm   m/s   m/s    m/s   m/s   m/s   m/s     g/m2/s    um    um    um   um  um

-19   3.31  2.34   0.00  0.00  0.00  0.00    23.967   22.2   6.0  23.0 24.1 26.6
-17  -2.19  1.19   0.00  0.00  0.00  0.00   -36.735   22.0   6.3  22.9 24.1 26.8
-15  -3.38  1.09   0.00  0.00  0.00  0.00   -42.049   21.9   6.2  22.8 24.0 26.5
-13  -3.24  1.17   0.00  0.00  0.00  0.00   -16.634   22.2   6.0  22.0 24.0 26.1
-11  -1.74  1.35   0.00  0.00  0.00  0.00    -4.269   22.5   6.5  23.5 24.7 27.3
-10  -1.06  1.44   0.00  0.00  1.39  0.94    -1.575   22.0   7.4  23.3 24.8 28.2
-9    2.61  2.00   0.00  0.00  1.13  0.84    11.081   25.1   9.2  26.7 28.7 33.1
-8    6.47  2.50   0.00  0.00  0.63  0.59    61.344   29.9  11.4  32.0 34.3 39.3
-7    9.94  2.44   0.00  0.00  0.35  0.41   372.158   34.6  12.8  36.9 39.3 44.6
-6   12.94  2.21   0.00  0.00  0.23  0.38  2155.850   39.0  14.1  41.5 43.9 49.3
-5   14.81  2.11   0.00  0.00  0.23  0.39  6418.160   39.9  15.1  42.7 45.4 51.2
-4   15.25  2.30   0.00  0.00  0.08  0.39  5395.940   35.8  14.1  38.5 41.1 46.9
-3   14.24  2.66   7.98  0.86 -0.03  0.43  1986.300   29.1  11.6  31.4 33.7 39.0
-2   12.60  2.88   4.01  0.71 -0.18  0.57   419.925   25.3   9.6  27.1 29.1 33.6
-1   10.16  2.86   0.71  0.19 -0.29  0.76    87.095   22.4   8.2  23.8 25.7 30.0
0     8.89  2.56   0.63  0.24 -0.13  0.81    40.210   20.6   7.0  21.7 23.4 27.1
1    11.08  3.08   0.04  0.20  0.37  0.77    91.373   22.1   7.5  23.4 24.9 28.4
2    13.40  2.91   3.91  0.44  0.61  0.69   423.878   24.5   8.7  26.0 27.6 31.2
3    14.51  2.63   8.17  0.62  0.62  0.59  1959.920   28.4  11.0  30.4 32.6 37.4
4    14.55  2.37  10.49  1.14  0.55  0.50  4786.490   33.1  12.8  35.5 37.9 43.2
5    13.57  2.23  10.31  2.53  0.48  0.45  4726.750   37.2  14.3  39.9 42.5 48.2
6    11.95  2.15   7.27  3.74  0.38  0.41  1660.350   39.1  14.3  41.6 44.1 49.4
7     9.14  2.30   1.91  2.98  0.43  0.40   481.821   35.8  14.4  38.6 41.4 47.7
8     5.56  2.29   0.08  1.91  0.58  0.50   124.030   30.6  12.6  33.1 35.8 41.8
9     1.64  1.77  -0.79  0.85  0.92  0.66    31.581   24.9  10.2  26.9 29.4 35.0
10   -1.06  1.44  -0.68  0.46  1.44  0.85    -1.575   22.0   7.4  23.3 24.8 28.2
11   -2.53  1.34   0.02  0.16  0.00  0.00   -14.826   21.5   6.0  22.3 23.3 25.6
13   -3.34  1.16   0.67  0.16  0.00  0.00   -26.479   22.5   5.8  23.3 24.3 26.5
15   -2.86  1.25   1.10  0.16  0.00  0.00   -38.882   22.7   6.1  23.5 24.6 27.0
17   -0.73  1.16   0.80  0.17  0.00  0.00    -9.972   22.7   5.9  23.5 24.5 26.6
19    6.12  2.52   0.00  0.00  0.00  0.00    18.754   21.8   5.2  22.5 23.1 24.6



Correlations Between Droplet Size and Velocity
==============================================

 Size    PDF      Umean   Urms    Vmean   Vrms     Wmean     Wrms
  um      %        m/s     m/s     m/s    m/s       m/s       m/s

z = 0.0 mm

  2.5   0.2547   7.2575  1.3773  -0.0657  0.6940   0.4396   0.6818
  7.5   1.5523   7.2575  1.3773  -0.2639  0.6489   0.3797   0.6978
 12.5  12.4430   7.5572  1.6549  -0.2573  0.6058   0.1988   0.6808
 17.5  38.4746   8.3378  2.1933  -0.2010  0.5691  -0.0256   0.7387
 22.5  29.1017   9.2282  2.8898  -0.0231  0.6275  -0.3522   0.8902
 27.5  12.2317  10.1823  3.5090   0.2499  0.7028  -0.7294   0.9860
 32.5   3.9135  11.3612  3.8020   0.4941  0.7906  -0.9361   1.1315
 37.5   1.1564  12.2435  3.4089   0.5507  0.8024  -0.8341   1.0360
 42.5   0.3480  12.2435  3.4089   0.7476  0.9009  -1.1721   1.0591
 47.5   0.1078  12.2435  3.4089   0.7892  0.8147  -1.2961   1.1270
 52.5   0.0329  12.2435  3.4089   0.9289  0.8147  -1.2132   1.1270
 57.5   0.0386  12.2435  3.4089   0.8480  0.8147  -0.9247   1.1270
 62.5   0.0170  12.2435  3.4089   0.1987  0.8147  -0.8051   1.1270
 67.5   0.0180  12.2435  3.4089   0.3490  0.8147  -1.1559   1.1270
 72.5   0.0218  12.2435  3.4089  -0.0542  0.8147   0.3608   1.1270
 77.5   0.0441  12.2435  3.4089   0.1147  0.8147   0.5731   1.1270
 82.5   0.0918  12.2435  3.4089   0.0551  0.8147  -0.7991   1.1270
 87.5   0.0706  12.2435  3.4089  -0.3683  0.8147   0.8930   1.1270
 92.5   0.0281  12.2435  3.4089   0.3019  0.8147   0.3318   1.1270
 97.5   0.0179  12.2435  3.4089   0.0436  0.8147   0.0000   1.1270
102.5   0.0351  12.2435  3.4089   0.0000  0.8147   0.4499   1.1270
107.5   0.0000  12.2435  3.4089   0.5964  0.8147   0.4764   1.1270
112.5   0.0000  12.2435  3.4089   0.0000  0.8147   0.0000   1.1270


z = 1 mm

  2.5   0.2857   7.9361  2.6469  -0.0704  0.5270   0.4560   0.7006
  7.5   1.3800   7.9361  2.6469  -0.1214  0.5270   0.5923   0.7544
 12.5   9.0531   8.0901  2.0650  -0.1441  0.5447   0.4724   0.6965
 17.5  31.2383   9.7775  2.7295  -0.0643  0.5471   0.3611   0.7232
 22.5  31.2290  11.2773  3.3322  -0.0090  0.5827   0.1972   0.8235
 27.5  15.9441  12.9034  3.5477   0.1458  0.7020   0.1371   0.8496
 32.5   6.3544  14.1235  3.7334   0.2146  0.7486   0.1404   0.9635
 37.5   2.7957  15.2258  3.6044   0.2180  0.8031   0.1324   0.9859
 42.5   0.9477  15.9845  3.1674   0.3833  0.8684   0.2571   0.9281
 47.5   0.3331  15.9845  3.1674   0.4200  1.0055   0.2534   0.9184
 52.5   0.0806  15.9845  3.1674   0.3806  1.0055   0.5559   0.9184
 57.5   0.0363  15.9845  3.1674   0.5339  1.0055   0.2023   0.9184
 62.5   0.0090  15.9845  3.1674   0.7233  1.0055   0.0588   0.9184
 67.5   0.0346  15.9845  3.1674   0.7117  1.0055   1.2065   0.9184
 72.5   0.0143  15.9845  3.1674   0.3162  1.0055   0.3688   0.9184
 77.5   0.1006  15.9845  3.1674  -0.1755  1.0055   0.9435   0.9184
 82.5   0.0436  15.9845  3.1674   0.0821  1.0055   1.4800   0.9184
 87.5   0.0410  15.9845  3.1674  -0.3716  1.0055  -0.4692   0.9184
 92.5   0.0527  15.9845  3.1674   0.0135  1.0055   0.4838   0.9184
 97.5   0.0177  15.9845  3.1674   0.8915  1.0055  -0.2467   0.9184
102.5   0.0084  15.9845  3.1674   0.3828  1.0055   1.0403   0.9184
107.5   0.0000  15.9845  3.1674  -0.6741  1.0055   0.0000   0.9184
112.5   0.0000  15.9845  3.1674   0.0000  1.0055   0.0000   0.9184


z = 2 mm

  2.5   0.3001   8.3467   3.4172   0.4480  0.6944  0.7496   0.7516
  7.5   1.4075   8.3467   3.4172   0.4865  0.5890  0.7423   0.7492
 12.5   6.9676   9.0461   2.7464   0.5262  0.6276  0.6603   0.6882
 17.5  23.2350  11.1457   2.8934   0.6611  0.6978  0.5589   0.6575
 22.5  27.9830  13.0908   3.0906   0.9774  0.8719  0.5155   0.6495
 27.5  17.9999  14.7846   3.0845   1.3105  1.0706  0.5866   0.6986
 32.5  11.6206  16.0741   2.6837   1.7119  1.2426  0.5362   0.7026
 37.5   5.8489  17.2608   2.1823   2.2406  1.4423  0.5808   0.7160
 42.5   2.6593  17.8785   2.5291   2.3396  1.5540  0.5875   0.6916
 47.5   0.9699  18.5358   2.4752   2.7714  1.5926  0.6393   0.7224
 52.5   0.4577  18.5358   2.4752   3.1787  1.5926  0.5975   0.6532
 57.5   0.1915  18.5358   2.4752   3.3301  1.5926  0.5922   0.6532
 62.5   0.1127  18.5358   2.4752   2.3071  1.5926  0.7020   0.6532
 67.5   0.0432  18.5358   2.4752   1.7252  1.5926  0.5435   0.6532
 72.5   0.0268  18.5358   2.4752   0.4248  1.5926  0.8864   0.6532
 77.5   0.0860  18.5358   2.4752   1.1617  1.5926  0.7070   0.6532
 82.5   0.0453  18.5358   2.4752   0.0000  1.5926  0.7748   0.6532
 87.5   0.0183  18.5358   2.4752   0.1983  1.5926  1.1917   0.6532
 92.5   0.0000  18.5358   2.4752  -0.4872  1.5926 -0.3607   0.6532
 97.5   0.0174  18.5358   2.4752   0.1037  1.5926  1.1807   0.6532
102.5   0.0092  18.5358   2.4752   0.0000  1.5926 -0.5885   0.6532
107.5   0.0000  18.5358   2.4752  -0.6919  1.5926  0.6340   0.6532
112.5   0.0000  18.5358   2.4752   0.0000  1.5926  0.0000   0.6532


z = 3 mm

  2.5   0.1694   8.7376   2.8700   1.9954  1.2903  1.1008   0.8343
  7.5   0.7619   8.7376   2.8700   1.9143  1.3544  1.0064   0.7893
 12.5   4.9942   8.7376   2.8700   2.1182  1.2944  0.8137   0.6889
 17.5  16.5592  11.1598   2.9218   2.6805  1.3350  0.6373   0.5911
 22.5  22.1810  13.4492   2.7384   3.2919  1.4068  0.5629   0.5465
 27.5  18.0772  15.0424   2.7277   3.9566  1.4159  0.4653   0.5108
 32.5  13.6677  16.3239   2.3138   4.4910  1.4494  0.4797   0.5146
 37.5  10.0363  17.2146   2.3084   5.0922  1.4506  0.4055   0.4748
 42.5   6.1092  17.8647   2.2400   5.4010  1.6182  0.3558   0.4763
 47.5   3.4109  18.6001   2.3113   5.7870  1.6462  0.4350   0.5113
 52.5   1.9634  18.9378   2.4216   6.1446  1.7647  0.3508   0.5106
 57.5   0.8675  19.0855   2.6636   6.0209  1.9262  0.3488   0.4719
 62.5   0.4315  19.0855   2.6636   6.2334  1.8425  0.4613   0.5358
 67.5   0.2168  19.0855   2.6636   6.3474  1.8425  0.5467   0.5358
 72.5   0.1578  19.0855   2.6636   5.2986  1.8425  0.3653   0.5358
 77.5   0.1900  19.0855   2.6636   5.2744  1.8425  0.5648   0.5358
 82.5   0.1229  19.0855   2.6636   6.2849  1.8425  0.6652   0.5358
 87.5   0.0486  19.0855   2.6636   3.0808  1.8425  0.3729   0.5358
 92.5   0.0264  19.0855   2.6636   4.2716  1.8425  0.2091   0.5358
 97.5   0.0082  19.0855   2.6636   7.6837  1.8425  0.8135   0.5358
102.5   0.0000  19.0855   2.6636   7.6427  1.8425  0.2670   0.5358
107.5   0.0000  19.0855   2.6636   0.0000  1.8425  0.9900   0.5358


 z = 4 mm

  2.5   0.1032   8.2602   3.8045   4.5809  2.0395  0.9792   0.7325
  7.5   0.4141   8.2602   3.8045   4.0181  2.0395  1.0350   0.7749
 12.5   2.6620   8.2602   3.8045   4.1284  1.5086  0.9903   0.7444
 17.5  10.7428   9.8299   2.8987   4.8821  1.6769  0.7809   0.6063
 22.5  16.4898  12.2283   2.6194   5.6569  1.4610  0.5794   0.4999
 27.5  15.7529  14.0829   2.4692   6.3429  1.3492  0.4947   0.4447
 32.5  14.4324  15.3523   2.1291   6.7834  1.3216  0.4160   0.4097
 37.5  12.1894  16.4582   2.0803   7.3008  1.3626  0.3693   0.3827
 42.5   9.9340  17.1109   1.9964   7.6763  1.4464  0.2922   0.3701
 47.5   7.3630  17.5687   1.9764   7.9289  1.4851  0.3229   0.3904
 52.5   4.5109  17.7886   1.9674   8.2672  1.5610  0.2735   0.4024
 57.5   2.3321  18.0280   2.1365   8.4843  1.6627  0.2177   0.3349
 62.5   1.4604  17.9532   1.8873   8.5617  1.6992  0.2741   0.4973
 67.5   0.5850  17.9121   2.1020   8.4844  1.8331  0.2513   0.4260
 72.5   0.3302  17.9121   2.1020   8.9284  1.7900  0.4078   0.4718
 77.5   0.2915  17.9121   2.1020   8.1442  1.7900  0.1781   0.7354
 82.5   0.1844  17.9121   2.1020   8.2667  1.7900  0.1992   0.7354
 87.5   0.0929  17.9121   2.1020   8.6684  1.7900  0.2513   0.7354
 92.5   0.0451  17.9121   2.1020   8.1983  1.7900  0.5642   0.7354
 97.5   0.0251  17.9121   2.1020   7.1802  1.7900  0.4607   0.7354
102.5   0.0514  17.9121   2.1020   8.2915  1.7900  0.4447   0.7354
107.5   0.0075  17.9121   2.1020   7.3556  1.7900  0.5024   0.7354
112.5   0.0000  17.9121   2.1020   0.0000  1.7900  0.0000   0.7354
117.5   0.0000  17.9121   2.1020   0.0000  1.7900  0.0000   0.7354


z = 5 mm

  2.5   0.0497   7.4367   4.0749   8.5215  2.3964  1.0563   0.8069
  7.5   0.1845   7.4367   4.0749   7.3946  2.3964  1.1675   0.8008
 12.5   1.3229   7.4367   4.0749   6.8684  2.3964  1.0881   0.7270
 17.5   7.5887   7.5727   3.0094   7.0280  1.8431  0.8464   0.6282
 22.5  12.7177  10.1772   2.9482   7.5569  1.6646  0.6366   0.4964
 27.5  13.6555  12.1902   2.3945   8.1835  1.5034  0.4994   0.4249
 32.5  13.1002  13.7502   2.2536   8.6746  1.3173  0.3795   0.3676
 37.5  12.4096  14.6741   2.0192   9.1216  1.2742  0.3123   0.3506
 42.5  11.0073  15.5545   1.8705   9.5002  1.2317  0.2772   0.3243
 47.5   9.8967  15.9890   1.7880   9.7877  1.2418  0.2127   0.3559
 52.5   7.2192  16.3502   1.6836   9.9510  1.2126  0.2091   0.3139
 57.5   4.4611  16.6886   1.6095  10.0241  1.1779  0.1809   0.3102
 62.5   2.6526  16.9083   1.6332  10.0684  1.1370  0.1576   0.3958
 67.5   1.4676  16.8231   1.7583  10.2537  1.1071  0.1522   0.4020
 72.5   0.7921  17.1354   1.9757  10.3101  1.0753  0.2073   0.3988
 77.5   0.6368  16.9371   2.0038  10.2029  1.3716  0.2281   0.3733
 82.5   0.3185  16.9371   2.0038  10.4539  1.2095  0.1123   0.3553
 87.5   0.2224  16.9371   2.0038  10.2801  1.0444  0.2102   0.3553
 92.5   0.1298  16.9371   2.0038  10.0395  1.0444  0.2772   0.3553
 97.5   0.0599  16.9371   2.0038  10.4224  1.0444  0.6151   0.3553
102.5   0.0726  16.9371   2.0038  10.0406  1.0444  0.3048   0.3553
107.5   0.0348  16.9371   2.0038   9.4737  1.0444  0.1919   0.3553
112.5   0.0000  16.9371   2.0038   0.0000  1.0444  0.0000   0.3553
117.5   0.0000  16.9371   2.0038   0.0000  1.0444  0.0000   0.3553


 z = 6 mm

  2.5   0.0846   5.8453   3.0117   9.4971  2.9643  0.8791   0.7081
  7.5   0.0949   5.8453   3.0117   8.2935  2.9643  0.9000   0.7854
 12.5   0.4226   5.8453   3.0117   7.0763  2.9643  1.0435   0.8201
 17.5   4.6628   5.8453   3.0117   7.0126  2.2785  0.7998   0.7045
 22.5  11.7576   7.8129   2.9410   7.7627  2.1126  0.5755   0.5383
 27.5  13.8897  10.0083   2.5476   8.7006  2.0036  0.4658   0.4247
 32.5  13.0181  11.6512   2.1967   9.4015  1.9320  0.3678   0.3539
 37.5  13.0903  12.7532   2.0296   9.9225  1.6178  0.2782   0.3308
 42.5  11.0647  13.3661   1.8041  10.3744  1.4584  0.2504   0.2914
 47.5   9.6590  14.0130   1.6629  10.6485  1.3645  0.1974   0.2824
 52.5   8.0658  14.4769   1.6890  10.9498  1.2277  0.1835   0.2863
 57.5   5.7759  14.8087   1.5420  11.1054  1.2954  0.1571   0.2868
 62.5   3.6648  15.1672   1.6268  11.2644  1.2510  0.1599   0.3014
 67.5   2.0863  15.1976   1.4811  11.4150  1.2166  0.1409   0.3261
 72.5   1.2784  15.5411   1.7438  11.5110  1.2487  0.1418   0.4134
 77.5   0.7396  15.0993   1.9292  11.5599  1.2406  0.1584   0.3856
 82.5   0.2205  15.0993   1.9292  11.8675  1.3188  0.1061   0.3781
 87.5   0.1811  15.0993   1.9292  11.7251  1.1647  0.1258   0.2657
 92.5   0.1268  15.0993   1.9292  11.1915  1.1647  0.0266   0.2657
 97.5   0.0692  15.0993   1.9292  11.4975  1.1647  0.0680   0.2657
102.5   0.0321  15.0993   1.9292  11.5092  1.1647  0.3245   0.2657
107.5   0.0151  15.0993   1.9292  11.8436  1.1647  0.5087   0.2657
112.5   0.0000  15.0993   1.9292   0.0000  1.1647  0.0000   0.2657
117.5   0.0000  15.0993   1.9292   0.0000  1.1647  0.0000   0.2657


z = 7 mm

  2.5   0.0343   3.4798   3.3391   5.8321  2.4500   0.7085  0.6904
  7.5   0.0705   3.4798   3.3391   3.2079  2.4500   1.1185  0.7506
 12.5   0.8045   3.4798   3.3391   3.3465  2.4888   1.1529  0.8923
 17.5   8.6582   3.8290   2.4952   4.5495  2.7443   0.9618  0.7028
 22.5  16.4306   5.8470   3.0161   6.4459  2.8374   0.7223  0.5262
 27.5  15.8321   8.1061   2.8330   7.8096  2.7825   0.5540  0.4630
 32.5  13.7785   9.6503   2.2646   9.0572  2.5453   0.4510  0.3934
 37.5  11.4727  10.6626   2.0634   9.8383  2.3036   0.3613  0.3315
 42.5   9.1041  11.5544   1.8468  10.4499  2.0835   0.3032  0.3045
 47.5   7.3950  11.8770   1.6946  10.8448  1.6954   0.2308  0.2707
 52.5   5.7255  12.4583   1.5884  11.2102  1.5313   0.1996  0.2726
 57.5   4.1260  12.8258   1.5207  11.4791  1.3778   0.1938  0.3037
 62.5   2.7590  13.2275   1.4034  11.7020  1.5191   0.1804  0.2635
 67.5   1.5758  13.4215   1.4563  11.7082  1.4592   0.1234  0.3072
 72.5   0.8461  13.3385   1.7020  11.7857  1.8073   0.1666  0.3316
 77.5   0.5908  13.1070   1.7084  11.8580  1.5677   0.2031  0.3419
 82.5   0.2894  13.1070   1.7084  12.2325  1.5677   0.1078  0.3321
 87.5   0.1604  13.1070   1.7084  11.0864  1.5677   0.2737  0.3451
 92.5   0.1666  13.1070   1.7084  12.0126  1.5677   0.0905  0.3451
 97.5   0.0904  13.1070   1.7084  12.4477  1.5677   0.2493  0.3451
102.5   0.0806  13.1070   1.7084  11.0197  1.5677   0.0807  0.3451
107.5   0.0090  13.1070   1.7084  11.1584  1.5677   0.2465  0.3451
112.5   0.0000  13.1070   1.7084   0.0000  1.5677   0.0000  0.3451
117.5   0.0000  13.1070   1.7084   0.0000  1.5677   0.0000  0.3451


 z = 8 mm

  2.5   0.0339   1.9288   1.8181   5.1609  2.0696   0.8691  0.7951
  7.5   0.0747   1.9288   1.8181   2.2359  2.0696   1.2373  0.9033
 12.5   1.9356   1.9288   1.8181   1.8368  2.0696   1.4210  0.9938
 17.5  16.3292   2.3788   1.8161   2.0292  2.2228   1.2880  0.9127
 22.5  22.8295   3.7030   2.5474   3.0679  2.6568   0.9893  0.7193
 27.5  17.8686   5.5572   2.9220   4.7972  3.3896   0.7344  0.6157
 32.5  12.3525   7.3854   2.6405   6.7971  3.7282   0.5713  0.4346
 37.5   8.6930   8.6258   2.1921   8.3809  3.4789   0.4270  0.3655
 42.5   6.3869   9.6546   1.7181   9.6972  2.6369   0.3436  0.3204
 47.5   4.7231  10.0910   1.6885  10.4354  2.1859   0.2913  0.2840
 52.5   3.5622  10.4956   1.4581  10.9101  1.8341   0.2254  0.2712
 57.5   2.1037  10.9520   1.3400  11.0417  1.8168   0.2129  0.3283
 62.5   1.3895  11.2654   1.5751  11.1568  1.9107   0.1854  0.2519
 67.5   0.7293  11.1732   2.0461  11.3105  2.1529   0.1675  0.3364
 72.5   0.3807  11.1732   2.0461  11.3689  2.5197   0.1130  0.3181
 77.5   0.2424  11.1732   2.0461  10.9009  3.0073   0.1242  0.3953
 82.5   0.1816  11.1732   2.0461  10.0639  3.0073   0.2346  0.3617
 87.5   0.0975  11.1732   2.0461  10.3787  3.0073   0.1723  0.3993
 92.5   0.0588  11.1732   2.0461  10.7623  3.0073   0.1560  0.3993
 97.5   0.0102  11.1732   2.0461  10.2064  3.0073   0.1744  0.3993
102.5   0.0169  11.1732   2.0461  11.7900  3.0073   0.1818  0.3993
107.5   0.0000  11.1732   2.0461  11.1742  3.0073   0.1858  0.3993
112.5   0.0000  11.1732   2.0461   0.0000  3.0073   0.0000  0.3993


z = 9 mm

  2.5   0.0695   1.7269   1.2373   1.4263  1.5401   1.1423  0.8966
  7.5   0.3209   1.7269   1.2373   1.2944  1.0823   1.4729  0.8942
 12.5   7.0929   1.7269   1.2373   1.3758  1.1563   1.7516  1.0177
 17.5  28.5094   1.9648   1.2833   1.5678  1.4684   1.6079  1.0120
 22.5  27.3792   2.4358   1.7566   2.2391  2.2869   1.2372  0.8839
 27.5  15.7918   3.5683   2.3622   3.3201  3.0464   0.9041  0.7014
 32.5   7.8860   5.2546   2.6350   4.7480  3.8140   0.6591  0.5165
 37.5   4.7976   6.8646   2.2949   5.7079  4.1357   0.5117  0.4181
 42.5   3.3124   7.7283   1.9076   7.4639  3.8943   0.4085  0.3738
 47.5   1.9730   8.2321   1.7058   8.7387  3.4202   0.3339  0.3101
 52.5   1.0257   8.9515   1.4025   9.4960  3.4202   0.2775  0.2662
 57.5   0.7088   9.1733   1.4522  10.7960  3.4202   0.2194  0.2723
 62.5   0.4781   9.1733   1.4522  10.6765  3.4202   0.1929  0.2838
 67.5   0.2065   9.1733   1.4522   7.1164  3.4202   0.1901  0.2809
 72.5   0.1014   9.1733   1.4522   6.1597  3.4202   0.2289  0.4523
 77.5   0.0891   9.1733   1.4522   3.2811  3.4202   0.2084  0.3043
 82.5   0.0764   9.1733   1.4522   1.5655  3.4202   0.2056  0.3043
 87.5   0.0613   9.1733   1.4522   1.6478  3.4202   0.2106  0.3043
 92.5   0.0273   9.1733   1.4522   2.7536  3.4202   0.1342  0.3043
 97.5   0.0659   9.1733   1.4522   0.6653  3.4202   0.1620  0.3043
102.5   0.0269   9.1733   1.4522   5.0663  3.4202   0.4326  0.3043
107.5   0.0000   9.1733   1.4522   0.0000  3.4202   0.2710  0.3043
112.5   0.0000   9.1733   1.4522   0.0000  3.4202   0.0000  0.3043



Profiles of Droplet Phase Properties
====================================


Number of data / axial coordinate (mm)

  y     Umean    Urms   Vmean   Vrms   flux    d10   drms  d20   d30   d32
 mm      m/s     m/s     m/s     m/s   g/m2/s   um    um    um   um     um

    31      0.00
-19.0   3.310   2.340   0.000   0.000   23.97  22.2   6.0  23.0  24.1  26.6
-17.0  -2.190   1.190   0.000   0.000  -36.73  22.0   6.3  22.9  24.1  26.8
-15.0  -3.380   1.090   0.000   0.000  -42.05  21.9   6.2  22.8  24.0  26.5
-13.0  -3.240   1.170   0.000   0.000  -16.63  22.2   6.0  22.0  24.0  26.1
-11.0  -1.740   1.350   0.000   0.000   -4.27  22.5   6.5  23.5  24.7  27.3
-10.0  -1.060   1.440   0.000   0.000   -1.58  22.0   7.4  23.3  24.8  28.2
 -9.0   2.610   2.000   0.000   0.000   11.08  25.1   9.2  26.7  28.7  33.1
 -8.0   6.470   2.500   0.000   0.000   61.34  29.9  11.4  32.0  34.3  39.3
 -7.0   9.940   2.440   0.000   0.000  372.16  34.6  12.8  36.9  39.3  44.6
 -6.0  12.940   2.210   0.000   0.000 2155.85  39.0  14.1  41.5  43.9  49.3
 -5.0  14.810   2.110   0.000   0.000 6418.16  39.9  15.1  42.7  45.4  51.2
 -4.0  15.250   2.300   0.000   0.000 5395.94  35.8  14.1  38.5  41.1  46.9
 -3.0  14.240   2.660   7.980    .860 1986.30  29.1  11.6  31.4  33.7  39.0
 -2.0  12.600   2.880   4.010    .710  419.92  25.3   9.6  27.1  29.1  33.6
 -1.0  10.160   2.860    .710    .190   87.09  22.4   8.2  23.8  25.7  30.0
  0.0   8.890   2.560    .630    .240   40.21  20.6   7.0  21.7  23.4  27.1
  1.0  11.080   3.080    .040    .200   91.37  22.1   7.5  23.4  24.9  28.4
  2.0  13.400   2.910   3.910    .440  423.88  24.5   8.7  26.0  27.6  31.2
  3.0  14.510   2.630   8.170    .620 1959.92  28.4  11.0  30.4  32.6  37.4
  4.0  14.550   2.370  10.490   1.140 4786.49  33.1  12.8  35.5  37.9  43.2
  5.0  13.570   2.230  10.310   2.530 4726.75  37.2  14.3  39.9  42.5  48.2
  6.0  11.950   2.150   7.270   3.740 1660.35  39.1  14.3  41.6  44.1  49.4
  7.0   9.140   2.300   1.910   2.980  481.82  35.8  14.4  38.6  41.4  47.7
  8.0   5.560   2.290    .080   1.910  124.03  30.6  12.6  33.1  35.8  41.8
  9.0   1.640   1.770   -.790    .850   31.58  24.9  10.2  26.9  29.4  35.0
 10.0  -1.060   1.440   -.680    .460   -1.58  22.0   7.4  23.3  24.8  28.2
 11.0  -2.530   1.340    .020    .160  -14.83  21.5   6.0  22.3  23.3  25.6
 13.0  -3.340   1.160    .670    .160  -26.48  22.5   5.8  23.3  24.3  26.5
 15.0  -2.860   1.250   1.100    .160  -38.88  22.7   6.1  23.5  24.6  27.0
 17.0   -.730   1.160    .800    .170   -9.97  22.7   5.9  23.5  24.5  26.6
 19.0   6.120   2.520   0.000   0.000   18.75  21.8   5.2  22.5  23.1  24.6

    27     25.00
-26.0   9.860    .810   0.000   0.000    6.31  53.4  12.8  54.9  56.3  59.1
-24.0  10.060    .780   0.000   0.000   31.40  52.1  12.8  53.6  55.1  58.2
-22.0  10.180    .930   0.000   0.000  110.05  47.8  14.5  50.0  51.9  56.0
-20.0  10.500   1.250   0.000   0.000  305.76  38.1  16.4  41.5  44.4  50.9
-18.0  10.130   1.700   0.000   0.000  487.81  30.3  15.1  33.9  37.2  45.0
-16.0   8.130   1.940   0.000   0.000  438.47  25.9  13.4  29.1  32.4  40.0
-14.0   5.720   1.900   0.000   0.000  319.50  23.6  12.1  26.6  29.6  36.6
-12.0   3.720   1.650   0.000   0.000  199.72  21.0  10.8  23.6  26.4  32.9
-10.0   1.680   1.360   0.000   0.000   89.23  19.2   9.9  21.6  24.2  30.5
 -8.0   -.260   1.190   0.000   0.000   18.94  18.0   9.1  20.2  22.6  28.4
 -6.0  -1.730   1.320    .290   1.120  -25.17  17.1   8.3  19.0  21.1  26.0
 -4.0  -2.290   1.230   -.720   1.080  -52.61  16.9   8.2  18.8  21.1  26.5
 -2.0  -2.530   1.160  -1.050   1.150  -71.28  17.1   8.0  18.9  21.0  25.9
  0.0  -2.550   1.120  -1.899   1.066  -88.69  17.3   7.9  19.0  21.1  25.9
  2.0  -2.580   1.100  -2.602   1.087  -69.03  16.9   7.5  18.5  20.2  23.9
  4.0  -2.400   1.180  -2.670   1.043  -59.60  16.8   7.8  18.5  20.5  25.0
  6.0  -1.760   1.190  -2.668   1.005  -34.30  17.1   8.2  18.9  21.1  26.1
  8.0   -.760   1.070  -2.175    .998   -2.76  17.7   8.3  19.5  21.5  26.1
 10.0    .870   1.080  -1.709    .897   58.29  19.2   9.4  21.3  23.8  29.5
 12.0   2.440   1.420   -.763    .824  160.35  20.6  10.4  23.1  25.8  32.2
 14.0   4.630   1.670    .445    .908  244.34  22.1  10.4  24.5  26.9  32.5
 16.0   6.850   1.840   1.696   1.125  365.53  24.7  12.1  27.5  30.4  37.1
 18.0   9.150   1.690   2.832   1.181  429.14  28.3  14.2  31.7  34.9  42.4
 20.0  10.370   1.390   3.555   1.283  354.85  34.7  16.7  38.5  41.9  49.7
 22.0  10.020   1.100   4.125   1.210  174.37  47.1  16.0  49.7  52.1  57.1
 24.0   9.970    .900   4.559   1.177   53.42  54.3  13.8  56.0  57.6  61.0
 26.0   9.990    .780   3.972   1.436   11.95  58.1  12.9  59.5  60.8  63.5

    37     50.00
-90.0    .350    .540   0.000   0.000     .50  39.3  13.4  41.5  43.4  47.6
-80.0    .010    .410   0.000   0.000    -.04  38.9  13.4  41.2  43.2  47.6
-70.0   -.370    .470   0.000   0.000   -1.02  38.9  13.5  41.1  43.1  47.3
-60.0   -.610    .580   0.000   0.000   -1.57  35.8  13.7  38.3  40.6  45.5
-50.0   -.320    .870   0.000   0.000    -.93  33.3  13.5  36.0  38.4  43.7
-40.0   4.490   3.670   0.000   0.000     .62  32.4  14.7  35.5  38.6  45.6
-36.0   5.690   2.450   0.000   0.000   11.01  56.6  16.2  58.8  60.6  64.4
-33.0   8.280   2.030   0.000   0.000   31.48  58.4  13.5  60.0  61.3  63.9
-30.0   9.680   1.520   0.000   0.000   58.02  55.8  11.6  57.0  58.1  60.3
-27.0  10.650   1.120   0.000   0.000   86.24  51.8  11.1  53.0  54.1  56.4
-24.0  11.250    .860   0.000   0.000  114.34  47.5  10.4  48.7  49.8  52.0
-21.0  11.710    .860   0.000   0.000  125.82  40.6  10.9  42.1  43.4  46.2
-18.0  12.040   1.110   0.000   0.000  139.27  33.1  11.1  34.9  36.6  40.2
-15.0  11.660   1.630   0.000   0.000  160.99  27.0  10.0  28.8  30.6  34.6
-12.0  10.080   2.000   0.000   0.000  147.06  23.8   9.3  25.5  27.4  31.5
 -9.0   7.930   1.920   0.000   0.000  141.18  22.5   8.6  24.1  25.9  29.9
 -6.0   6.360   1.570    .340   1.028  144.06  21.9   8.3  23.4  25.1  28.8
 -3.0   5.610   1.270   -.913   1.024  152.07  21.9   8.5  23.5  25.3  29.3
  0.0   5.290   1.110  -1.717    .986  164.16  22.1   8.2  23.6  25.2  28.9
  3.0   5.510   1.190  -1.702    .869  153.38  22.1   8.2  23.6  25.2  28.9
  6.0   6.270   1.530  -1.824    .676  131.43  23.1   8.8  24.7  26.5  30.6
  9.0   7.930   1.800  -1.507    .581  144.10  23.1   9.2  24.9  26.8  31.0
 12.0  10.060   1.780   -.775    .486  162.86  24.9  10.1  26.9  29.0  33.5
 15.0  11.620   1.350    .038    .497  153.31  28.4  11.4  30.6  32.7  37.4
 18.0  11.820    .950   1.116    .742  129.05  36.6  12.1  38.6  40.3  44.2
 21.0  11.460    .800   2.070    .905  102.86  44.2  11.1  45.6  46.9  49.7
 24.0  10.960   1.030   2.971    .975   79.50  49.7  11.1  50.9  52.1  54.6
 27.0  10.260   1.360   3.461   1.148   54.28  53.3  11.8  54.6  55.8  58.3
 30.0   9.240   1.890   3.565   1.333   29.62  56.7  13.3  58.3  59.6  62.4
 33.0   7.280   2.630   1.994   1.604   11.41  56.7  15.5  58.8  60.4  63.9
 36.0   4.340   2.560    .522   1.188    5.75  55.2  17.0  57.8  59.8  64.2
 40.0   4.490   3.670   0.000   0.000     .62  32.4  14.7  35.5  38.6  45.6
 50.0   -.320    .870   0.000   0.000    -.93  33.3  13.5  36.0  38.4  43.7
 60.0   -.610    .580   0.000   0.000   -1.57  35.8  13.7  38.3  40.6  45.5
 70.0   -.370    .470   0.000   0.000   -1.02  38.9  13.5  41.1  43.1  47.3
 80.0    .010    .410   0.000   0.000    -.04  38.9  13.4  41.2  43.2  47.6
 90.0    .350    .540   0.000   0.000     .50  39.3  13.4  41.5  43.4  47.6

    27    100.00
-60.0    .010    .580   0.000   0.000     .54  47.4  18.1  50.8  53.5  59.3
-50.0    .790   1.130   0.000   0.000    5.52  51.1  18.3  54.2  56.6  61.8
-44.0    .580   1.290   0.000   0.000    3.92  53.1  15.7  55.4  57.2  61.0
-40.0   1.370   1.710   0.000   0.000    8.76  53.2  14.9  55.3  56.9  60.3
-36.0   2.820   2.300   0.000   0.000   16.00  52.8  13.5  54.5  55.9  58.8
-32.0   4.620   2.760   0.000   0.000   25.00  51.4  12.7  53.0  54.3  57.0
-28.0   7.210   2.820   0.000   0.000   34.09  49.7  11.4  51.0  52.2  54.6
-24.0   9.340   2.690   0.000   0.000   43.79  47.0  10.7  48.2  49.3  51.5
-20.0  11.890   1.600   0.000   0.000   81.17  34.6  12.6  36.8  38.8  43.0
-16.0  12.420   1.550   0.000   0.000   93.77  28.8  11.6  31.0  33.2  37.9
-12.0  12.060   1.710   0.000   0.000  121.68  25.9  10.4  27.9  29.9  34.5
 -8.0  11.120   1.570    .175    .631  160.76  23.9   9.5  25.7  27.7  32.0
 -4.0  10.330   1.270    .120    .652  191.24  23.9   9.5  25.8  27.8  32.3
  0.0  10.100   1.060   -.097    .535  230.97  24.2   9.5  26.0  27.9  32.2
  4.0  10.270   1.170   -.038    .549  218.65  24.3   9.5  26.1  28.1  32.6
  8.0  11.210   1.410   -.097    .458  187.69  25.2  10.3  27.2  29.4  34.2
 12.0  12.140   1.430   -.125    .463  137.74  27.0  11.7  29.4  31.8  37.3
 16.0  12.780   1.240    .141    .506   98.71  32.2  13.1  34.8  37.1  42.1
 20.0  12.020   1.470    .261    .409   66.17  40.5  13.0  42.5  44.4  48.3
 24.0   9.340   2.690    .440    .446   43.79  47.0  10.7  48.2  49.3  51.5
 28.0   7.210   2.820    .551    .525   34.09  49.7  11.4  51.0  52.2  54.6
 32.0   4.620   2.760    .628    .534   24.99  51.4  12.7  53.0  54.3  57.0
 36.0   2.820   2.300    .405    .484   16.00  52.8  13.5  54.5  55.9  58.8
 40.0   1.370   1.710    .453    .509    8.76  53.2  14.9  55.3  56.9  60.3
 44.0    .580   1.290    .401    .481    3.92  53.1  15.7  55.4  57.2  61.0
 50.0    .790   1.130    .323    .616    5.52  51.1  18.3  54.2  56.6  61.8
 60.0    .010    .580    .262    .423     .54  47.4  18.1  50.8  53.5  59.3

    25    200.00
-90.0   -.770    .770   0.000   0.000    -.33  33.3  14.1  36.1  38.8  45.0
-80.0   -.590    .780   0.000   0.000    -.15  34.4  14.5  37.3  40.1  46.3
-50.0   2.850   1.980   0.000   0.000    8.68  36.6  15.8  39.8  42.5  48.4
-45.0   3.790   2.200   0.000   0.000   11.69  36.2  15.8  39.5  42.3  48.3
-40.0   4.870   2.400   0.000   0.000   17.35  36.9  15.1  39.9  42.3  47.7
-35.0   6.210   2.480   0.000   0.000   21.39  36.7  15.0  39.6  42.1  47.4
-30.0   7.810   2.440   0.000   0.000   29.79  35.1  13.8  37.7  39.9  44.8
-25.0   9.340   2.160   0.000   0.000   42.20  32.1  13.1  34.6  36.9  41.9
-20.0  10.600   1.910   0.000   0.000   62.09  30.3  11.9  32.6  34.7  39.3
-15.0  11.290   1.700   0.000   0.000   82.04  28.7  10.9  30.7  32.6  36.9
-10.0  11.640   1.490   0.000   0.000  103.57  27.2   9.6  28.8  30.5  34.0
 -5.0  11.590   1.370    .176    .621  136.67  26.5   9.2  28.1  29.6  33.1
  0.0  11.540   1.310    .065    .578  139.88  26.6   9.4  28.2  29.9  33.5
  5.0  11.380   1.430    .499    .677  104.43  26.8   9.5  28.4  30.1  33.7
 10.0  11.100   1.630    .427    .674   89.54  27.8  10.0  29.5  31.3  35.2
 15.0  10.650   1.870    .672    .651   58.59  28.8  11.5  31.1  33.2  37.8
 20.0   9.940   2.170    .678    .715   42.59  30.9  12.3  33.2  35.4  40.3
 25.0   8.780   2.460    .882    .765   27.28  33.8  13.3  36.3  38.5  43.3
 30.0   7.320   2.640    .913    .789   19.01  36.1  14.0  38.7  40.9  45.5
 35.0   5.690   2.700   1.050    .862   12.61  37.4  14.6  40.1  42.3  47.1
 40.0   4.080   2.530   1.018    .817    9.14  39.4  14.0  41.8  43.7  47.9
 45.0   2.830   2.260    .961    .811    5.63  38.8  14.3  41.3  43.4  47.8
 50.0   1.890   1.910    .849    .812    3.19  39.4  13.7  41.8  43.7  47.8
 80.0   -.590    .780    .575    .673    -.15  34.4  14.5  37.3  40.1  46.3
 90.0   -.770    .770    .435    .567    -.33  33.3  14.1  36.1  38.8  45.0

    29    300.00
-90.0   -.670    .900   0.000   0.000    -.16  25.5  13.1  28.7  31.5  38.2
-80.0   0.000    .980   0.000   0.000     .15  25.4  12.9  28.5  31.3  38.0
-70.0   1.040   1.350   0.000   0.000     .95  25.7  12.6  28.6  31.3  37.5
-60.0   2.580   1.900   0.000   0.000    3.07  26.3  12.9  29.3  32.1  38.3
-50.0   4.310   2.150   0.000   0.000    5.63  25.1  11.9  27.8  30.3  35.9
-45.0   4.830   2.310   0.000   0.000    7.54  26.4  13.0  29.4  32.2  38.6
-40.0   5.730   2.310   0.000   0.000   10.90  26.3  12.6  29.1  31.8  37.9
-35.0   6.710   2.280   0.000   0.000   15.18  25.7  12.1  28.4  31.0  36.8
-30.0   7.570   2.210   0.000   0.000   21.84  25.7  12.2  28.4  31.0  37.0
-25.0   8.450   2.100   0.000   0.000   30.50  25.8  11.8  28.4  30.8  36.2
-20.0   9.190   1.890   0.000   0.000   39.43  25.3  11.5  27.8  30.1  35.3
-15.0   9.650   1.820   0.000   0.000   50.47  25.2  11.3  27.7  30.0  35.2
-10.0   9.940   1.790   0.000   0.000   56.58  25.5  10.8  27.7  29.8  34.4
 -5.0  10.070   1.720   -.193    .760   60.42  25.7  11.1  28.0  30.2  34.9
  0.0   9.940   1.820   -.072    .752   53.93  25.1  10.6  27.2  29.3  33.9
  5.0   9.710   1.850    .396    .747   51.18  25.0  11.0  27.3  29.5  34.3
 10.0   9.240   2.010    .464    .730   35.82  25.0  10.9  27.3  29.5  34.4
 15.0   8.750   2.050    .718    .741   32.39  25.9  11.4  28.2  30.5  35.5
 20.0   8.220   2.270    .982    .814   22.79  26.1  12.0  28.7  31.1  36.6
 25.0   7.040   2.370   1.010    .863   14.30  25.6  12.0  28.3  30.7  36.2
 30.0   6.670   2.450   1.346    .860   10.95  25.5  12.5  28.4  31.0  36.9
 35.0   5.550   2.460   1.566    .939    7.31  25.8  12.7  28.7  31.3  37.3
 40.0   4.780   2.490   1.607    .940    5.51  26.1  12.7  29.0  31.6  37.5
 45.0   4.830   2.310   1.607    .940    7.54  26.4  13.0  29.4  32.2  38.6
 50.0   4.310   2.150   1.647    .933    5.63  25.1  11.9  27.8  30.3  35.9
 60.0   2.580   1.900   1.470    .976    3.07  26.3  12.9  29.3  32.1  38.3
 70.0   1.040   1.350   1.332    .991     .95  25.7  12.6  28.6  31.3  37.5
 80.0   0.000    .980   1.014    .897     .15  25.4  12.9  28.5  31.3  38.0
 90.0   -.670    .900   1.014    .897    -.16  25.5  13.1  28.7  31.5  38.2

    19    400.00
-90.0    .160    .940   0.000   0.000     .19  23.4  11.7  26.2  28.8  34.9
-80.0    .850   1.230   0.000   0.000     .74  23.5  11.5  26.1  28.7  34.5
-70.0   1.840   1.640   0.000   0.000    1.74  24.1  11.3  26.6  29.0  34.5
-60.0   3.090   1.940   0.000   0.000    3.89  24.4  11.3  26.9  29.3  34.6
-50.0   4.350   2.090   0.000   0.000    5.73  23.1  10.8  25.5  27.8  33.1
-40.0   5.530   2.150   0.000   0.000   13.84  25.7  11.2  28.0  30.2  35.2
-30.0   6.640   2.130   0.000   0.000   18.01  25.4  11.0  27.7  29.9  34.6
-20.0   7.370   2.050   0.000   0.000   33.20  27.7  11.2  29.9  31.9  36.3
-10.0   7.740   2.000   -.197    .795   28.97  26.3  10.8  28.5  30.5  34.9
  0.0   7.680   2.040   -.088    .839   25.00  25.4  10.5  27.5  29.4  33.7
 10.0   7.250   2.120    .238    .756   20.42  25.8  10.8  27.9  29.9  34.5
 20.0   6.360   2.230    .731    .834   17.03  26.4  10.9  28.5  30.5  35.0
 30.0   5.320   2.250   1.012    .806   11.18  27.2  11.5  29.5  31.7  36.5
 40.0   4.320   2.220   1.260    .913    6.96  26.6  10.7  28.7  30.7  35.0
 50.0   4.350   2.090   1.343    .898    5.73  23.1  10.8  25.5  27.8  33.1
 60.0   3.090   1.940   1.516    .915    3.89  24.4  11.3  26.9  29.3  34.6
 70.0   1.840   1.640   1.283    .885    1.74  24.1  11.3  26.6  29.0  34.5
 80.0    .850   1.230   1.242    .907     .74  23.5  11.5  26.1  28.7  34.5
 90.0    .160    .940   1.240    .910     .19  23.4  11.7  26.2  28.8  34.9


Liquid Mass Flow Rate at the different Profiles
===============================================

 x (mm)     ml (g/s)
   0.       .44255
  25.       .40264
  50.       .33343
 100.       .28561
 200.       .24245
 300.       .15758
 400.       .14582
