
Spray Case 4: Uin = 9 m/s, Tin = 100 oC
(Aluminium Test Section, nozzle holder diameter: 20 mm)

maximum air temperature at the inlet: 100 oC
mean ambient temperature: 26 oC
air volume flow rate at the inlet: 0.023 m3/s
air mass flow rate at the inlet: 20.98 g/s

liquid temperature at nozzle exit: 35 oC
liquid flow rate: 0.83 g/s





Gas Velocities at the Inlet
===========================

 y  Umean  Urms  Vmean Vrms   Wmean  Wrms
mm   m/s    m/s   m/s   m/     m/s    m/s

-32  2.43  1.12   0.0   0.0   -0.04  0.28 
-31  5.14  1.42   0.0   0.0   -0.08  0.35 
-30  6.42  0.99   0.0   0.0   -0.04  0.35 
-29  7.11  0.79   0.0   0.0   -0.13  0.35 
-28  7.45  0.77   0.0   0.0   -0.12  0.35 
-27  7.83  0.64   0.0   0.0   -0.14  0.32 
-26  8.12  0.63   0.0   0.0   -0.13  0.32 
-25  8.34  0.6    0.0   0.0   -0.15  0.3 
-24  8.53  0.58   0.0   0.0   -0.15  0.31 
-23  8.75  0.54   0.0   0.0   -0.14  0.32 
-22  8.85  0.57   0.0   0.0   -0.16  0.29 
-21  8.89  0.58   0.0   0.0   -0.15  0.31 
-20  8.96  0.61   0.0   0.0   -0.16  0.3 
-19  9.02  0.62   0.0   0.0   -0.14  0.32 
-18  8.98  0.67   0.0   0.0   -0.17  0.34 
-17  8.93  0.68   0.0   0.0   -0.14  0.35 
-16  8.8   0.7    0.0   0.0   -0.15  0.37 
-15  8.77  0.74   0.0   0.0   -0.16  0.38 
-14  8.68  0.73   0.0   0.0   -0.2   0.4 
-13  8.51  0.81   0.0   0.0   -0.16  0.42 
-12  8.17  0.92   0.0   0.0   -0.17  0.45 
-11  7.39  1.21   0.0   0.0   -0.05  0.43 
-10  3.67  1.6    0.0   0.0   -0.18  0.35 
 -9  0.22  0.41   0.0   0.0   -0.59  0.47 
  9  0.04  0.47   0.03  1.93  -0.49  0.42 
 10  3.94  1.65   0.36  1.6   -0.19  0.3 
 11  7.52  1.01  -0.12  1.63  -0.04  0.34  
 12  8.16  0.83  -0.34  0.28  -0.06  0.33  
 13  8.4   0.68  -0.33  0.31  -0.05  0.31 
 14  8.59  0.62  -0.32  0.3   -0.04  0.26 
 15  8.68  0.5   -0.31  0.32  -0.04  0.28 
 16  8.89  0.48  -0.3   0.31  -0.03  0.25 
 17  8.93  0.42  -0.31  0.32  -0.07  0.23 
 18  8.9   0.39  -0.26  0.28  -0.03  0.24 
 19  8.87  0.38  -0.27  0.3   -0.05  0.22 
 20  8.86  0.39  -0.25  0.3   -0.04  0.23 
 21  8.78  0.41  -0.24  0.27  -0.05  0.22 
 22  8.68  0.44  -0.2   0.27  -0.04  0.23 
 23  8.57  0.44  -0.19  0.28  -0.04  0.24 
 24  8.37  0.5   -0.16  0.26  -0.04  0.24 
 25  8.17  0.52  -0.17  0.26  -0.03  0.25 
 26  7.95  0.52  -0.17  0.31  -0.05  0.26 
 27  7.7   0.55  -0.12  0.25  -0.01  0.27 
 28  7.38  0.65  -0.11  0.23   0.0   0.3 
 29  7.08  0.81  -0.1   0.32   0.01  0.31 
 30  6.48  0.93  -0.11  0.25   0.02  0.33 
 31  5.23  1.27  -0.06  0.23   0.01  0.31 
 32  2.95  1.22  -0.04  0.21   0.0   0.28 
 33  0.79  0.71   0.09  0.65   0.0   0.0 




Wall Temperature Distribution
=============================


  x          t
  mm         oC
   0        35.3 
  50        35.8 
 100        37.3 
 150        38.2 
 200        39.2 
 300        41.4 
 400        42.7 
 500        43 
 600        44 
 700        43.5 
 800        43 
 900        42.2 
1000        41.7 
1100        40.9 
1200        40 
1300        38.4 



Droplet Mean Properties at the Inlet
====================================

  y   Umean   Urms   Vmean  Vrms   Wmean Wrms    flux  concentr  d10   drms  d20   d30   d32
 mm    m/s    m/s     m/s    m/s    m/s   m/s   g/m2/s  kg/m3     um    um    um    um   um

  30  3.0 mm
 
 -14   5.65   0.58   0.00   0.00  -0.06   0.17    1.88    0.33  34.0   9.1  35.2  36.9  40.5    56
 -13   5.83   0.68   0.00   0.00  -0.07   0.20    4.95    0.85  32.8   9.1  34.1  35.7  39.3    47
 -12   6.04   0.81   0.00   0.00  -0.09   0.20   11.62    1.91  31.6   8.9  32.8  34.4  37.7    60
 -11   6.29   0.98   0.00   0.00  -0.10   0.21   28.55    4.43  30.8   9.8  32.3  34.2  38.5    59
 -10   6.57   1.19   0.00   0.00  -0.14   0.26   64.94    9.29  29.7  10.0  31.3  33.4  38.0    54
  -9   6.97   1.49   0.00   0.00  -0.19   0.32  167.64   21.14  29.3  10.7  31.2  33.5  38.6    75
  -8   7.48   1.85   0.00   0.00  -0.26   0.33  461.16   50.90  29.0  11.7  31.3  33.9  39.8    84
  -7   8.53   2.38   0.00   0.00  -0.38   0.43 1322.87  115.22  28.6  12.8  31.4  34.5  41.7   140
  -6   9.99   2.85   0.00   0.00  -0.48   0.47 2876.61  200.06  28.3  15.3  32.1  36.4  46.8   325
  -5  11.77   3.07   0.00   0.00  -0.56   0.57 4129.72  234.70  27.0  16.0  31.4  35.9  46.8   570
  -4  12.97   3.38   0.00   0.00  -0.52   0.68 4379.00  221.88  24.5  15.3  28.9  33.3  44.5   955
  -3  12.08   3.98   0.00   0.00  -0.38   0.83 2011.92  103.49  18.2  11.5  21.6  25.6  36.0  1078
  -2   9.65   4.05   0.00   0.00  -0.15   0.94  561.74   36.52  13.3   7.7  15.3  18.4  26.4   765
  -1   6.19   3.58   0.13   0.98   0.08   0.98   83.29   10.02  10.9   4.5  11.8  13.1  16.0   558
   0   3.86   2.38  -0.34   1.02   0.41   1.02   37.25    8.10  10.3   3.7  11.0  12.0  14.3   399
   1   3.48   1.94  -0.57   0.92   0.63   1.03   25.05    6.24  10.2   3.4  10.8  11.7  13.9   368
   2   4.98   2.75   0.76   0.82   0.35   0.90   50.29    7.50  10.5   4.0  11.2  12.5  15.3   479
   3   7.69   3.60   3.83   1.13  -0.02   0.70  132.08   12.91  11.3   5.0  12.4  14.0  18.0   568
   4  10.00   3.89   7.60   1.29  -0.24   0.56  582.96   37.18  13.6   7.9  15.7  18.8  27.2   840
   5  11.43   3.91  10.71   1.45  -0.41   0.54 2315.57  120.46  18.3  11.8  21.8  26.0  36.9  1183
   6  12.63   3.31  11.96   1.74  -0.49   0.50 4619.88  234.41  24.6  15.3  29.0  33.3  44.1  1070
   7  11.17   3.07  11.06   2.28  -0.45   0.45 5596.26  307.96  26.8  16.4  31.4  36.2  48.0   801
   8   9.36   2.89   8.66   2.71  -0.36   0.39 3043.76  209.53  27.6  14.9  31.4  35.5  45.3   477
   9   7.96   2.42   7.29   2.76  -0.27   0.36 1231.15  107.14  28.0  13.2  30.9  34.3  42.3   311
  10   7.25   1.86   6.72   2.72  -0.22   0.35  364.53   38.93  28.2  11.8  30.6  33.4  39.8   225
  11   6.82   1.53   6.60   2.61  -0.19   0.30  116.63   14.75  28.2  10.7  30.1  32.6  38.1   214
  12   6.58   1.25   6.56   2.52  -0.14   0.27   40.16    5.34  28.9  10.1  30.6  32.8  37.7   192
  13   6.36   1.07   6.59   2.38  -0.11   0.24   16.73    2.47  29.8   9.4  31.2  33.1  37.3   212
  14   6.15   0.91   6.59   2.21  -0.09   0.23    7.15    1.10  30.9   9.2  32.2  34.1  38.1   180
  15   5.96   0.80   6.57   2.05  -0.08   0.21    2.61    0.42  31.9   9.0  33.2  34.8  38.4   140






Correlations Between Droplet Size and Velocity
==============================================

    Size     PDF      Umean   Urms      Vmean   Vrms       Wmean     Wrms
     um       %        m/s     m/s       m/s    m/s         m/s       m/s

   z = 0 mm

   2.0000   0.0000   0.0000   2.1547  -0.2891   0.8403   0.1885   0.8865
   6.0000  22.2407   3.3847   2.1547  -0.2415   0.8403   0.2779   0.8865
  10.0000  54.4010   3.6485   2.2802  -0.3271   0.9028   0.3882   0.9220
  14.0000  18.2718   4.4874   2.6375  -0.3390   1.0153   0.4039   1.0072
  18.0000   3.9236   5.6244   3.5617  -0.3353   1.0773   0.4561   1.0946
  22.0000   0.6569   6.5531   3.2639  -0.5084   1.2161   0.5413   1.2464
  26.0000   0.2604   7.3130   3.2639  -0.3033   1.2681   0.5881   1.3557
  30.0000   0.1311   8.4056   3.2639  -0.2730   1.3007   0.8249   1.4155
  34.0000   0.0355   8.1484   3.2639  -0.8254   1.4329   0.7533   1.4155
  38.0000   0.0134   6.5845   3.2639  -0.3994   1.4329   1.5442   1.4155
  42.0000   0.0110  14.9460   3.2639  -0.3519   1.4329   0.0644   1.4155
  46.0000   0.0000   0.0000   3.2639   0.3423   1.4329   1.5826   1.4155
  50.0000   0.0062   8.1665   3.2639  -0.2059   1.4329   0.4795   1.4155
  54.0000   0.0338   5.0012   3.2639  -0.5030   1.4329   0.4242   1.4155
  58.0000   0.0000   0.0000   3.2639  -0.4977   1.4329   2.0796   1.4155
  62.0000   0.0000   0.0000   3.2639  -0.4265   1.4329   0.0958   1.4155
  66.0000   0.0000   0.0000   3.2639   0.2403   1.4329  -0.9255   1.4155
  70.0000   0.0000   0.0000   3.2639   0.0000   1.4329   0.0000   1.4155
  74.0000   0.0000   0.0000   3.2639   0.8892   1.4329   0.0000   1.4155
  78.0000   0.0000   0.0000   3.2639   0.0000   1.4329   0.0000   1.4155
  82.0000   0.0000   0.0000   3.2639   0.0000   1.4329   0.0000   1.4155
  86.0000   0.0000   0.0000   3.2639   0.0000   1.4329   0.0000   1.4155
  90.0000   0.0077   0.0000   3.2639   0.0000   1.4329   0.0000   1.4155


   z = 1 mm

   2.0000   0.0000   0.0000   1.7921  -0.1859   0.7490   0.6085   0.8306
   6.0000  21.6972   3.2243   1.7921  -0.4222   0.7490   0.5076   0.8306
  10.0000  56.8819   3.3750   1.8790  -0.5363   0.8096   0.5984   0.8972
  14.0000  17.2771   3.8173   2.1029  -0.6263   0.8838   0.6576   0.9849
  18.0000   3.1300   4.6441   2.6976  -0.6223   0.9273   0.6229   1.1519
  22.0000   0.6297   4.9851   2.9248  -0.6487   1.0217   0.6971   1.1765
  26.0000   0.2526   6.8550   2.9248  -0.5589   1.1628   0.6116   1.2858
  30.0000   0.0849   6.6650   2.9248  -0.5017   1.0866   0.6241   1.2884
  34.0000   0.0146   5.9776   2.9248  -0.3453   1.0882   0.7987   1.2417
  38.0000   0.0107   7.1693   2.9248  -0.6266   1.0701   0.5787   1.1593
  42.0000   0.0000   0.0000   2.9248  -0.3789   1.1535   0.8437   1.1593
  46.0000   0.0000   0.0000   2.9248  -0.8360   1.1535   0.9952   1.1593
  50.0000   0.0000   0.0000   2.9248  -0.5265   1.1535   0.9342   1.1593
  54.0000   0.0000   0.0000   2.9248   0.3702   1.1535   0.0718   1.1593
  58.0000   0.0000   0.0000   2.9248   0.8833   1.1535   0.7498   1.1593
  62.0000   0.0000   0.0000   2.9248   0.7281   1.1535   1.5294   1.1593
  66.0000   0.0069   0.0000   2.9248   0.0000   1.1535  -0.3950   1.1593
  70.0000   0.0000   0.0000   2.9248   0.7663   1.1535   0.0000   1.1593
  74.0000   0.0000   0.0000   2.9248   0.0000   1.1535   0.0000   1.1593
  78.0000   0.0000   0.0000   2.9248   0.0000   1.1535  -1.8033   1.1593
  82.0000   0.0000   0.0000   2.9248   0.0000   1.1535   0.0000   1.1593
  86.0000   0.0000   0.0000   2.9248  -0.4827   1.1535   0.0000   1.1593
  90.0000   0.0000   0.0000   2.9248   0.0000   1.1535   0.0000   1.1593


   z = 2 mm

   2.0000   0.0000   0.0000   2.4270   0.0623   0.6468   0.3629   0.7035
   6.0000  21.8551   4.3205   2.4270   0.3407   0.6468   0.3144   0.7035
  10.0000  53.3647   4.7148   2.6374   0.4159   0.6138   0.3425   0.7320
  14.0000  18.2030   5.7797   3.0868   0.5498   0.6830   0.3564   0.9094
  18.0000   4.7239   6.6939   3.7055   0.7246   0.7695   0.3203   0.9191
  22.0000   1.1123   7.7799   4.1697   0.8451   0.8392   0.3509   0.9734
  26.0000   0.4479   7.9446   4.1697   0.9507   0.9689   0.4270   0.9858
  30.0000   0.1584  10.1350   4.1697   1.1431   1.0195   0.3628   1.0638
  34.0000   0.0556  14.2922   4.1697   1.2252   1.1270   0.2906   0.9171
  38.0000   0.0097   8.2963   4.1697   1.5475   1.2803   0.4363   1.0123
  42.0000   0.0310  12.7704   4.1697   1.4539   1.3325   0.4434   0.9025
  46.0000   0.0000   0.0000   4.1697   1.6800   1.5181   0.5428   0.8779
  50.0000   0.0000   0.0000   4.1697   1.8362   1.4004   0.3704   0.8814
  54.0000   0.0000   0.0000   4.1697   1.4794   1.4004   0.2293   0.8814
  58.0000   0.0134   9.6083   4.1697   1.8673   1.4004   0.0353   0.8814
  62.0000   0.0000   0.0000   4.1697   2.4545   1.4004   0.3152   0.8814
  66.0000   0.0000   0.0000   4.1697   1.0412   1.4004   0.0485   0.8814
  70.0000   0.0000   0.0000   4.1697   1.3114   1.4004   0.1981   0.8814
  74.0000   0.0000   0.0000   4.1697   0.2973   1.4004  -0.4432   0.8814
  78.0000   0.0000   0.0000   4.1697   0.0000   1.4004   0.0000   0.8814
  82.0000   0.0000   0.0000   4.1697   0.9359   1.4004  -5.0987   0.8814
  86.0000   0.0120   0.0000   4.1697   0.0000   1.4004   0.0000   0.8814
  90.0000   0.0000   0.0000   4.1697   0.0000   1.4004   0.0000   0.8814


   z = 3 mm

   2.0000   0.0000   0.0000   2.9448   3.4804   1.0910  -0.6658   0.5295
   6.0000  20.5653   5.8316   2.9448   2.2919   1.0910  -0.0199   0.5295
  10.0000  47.9622   6.7777   3.3598   2.5956   1.0650  -0.0629   0.6316
  14.0000  19.8336   8.9368   4.3042   2.8816   1.0641   0.0266   0.5997
  18.0000   6.8143  11.5347   4.5296   3.2500   1.0154  -0.0268   0.6629
  22.0000   2.5259  13.2601   4.4865   3.5863   1.0448  -0.0627   0.7446
  26.0000   1.1401  14.8686   4.6794   3.8401   1.0846  -0.0216   0.7559
  30.0000   0.5635  15.2733   4.6794   4.0490   1.1282  -0.0001   0.7547
  34.0000   0.2925  15.3707   4.6794   4.2920   1.1659  -0.0139   0.7318
  38.0000   0.1500  16.8102   4.6794   4.4541   1.2383  -0.0183   0.6863
  42.0000   0.0492  18.5076   4.6794   4.4989   1.2571  -0.0408   0.7342
  46.0000   0.0382  17.8430   4.6794   4.5856   1.2259  -0.0315   0.7120
  50.0000   0.0126   9.4619   4.6794   4.7596   1.3437   0.0068   0.6278
  54.0000   0.0063   8.5730   4.6794   4.6894   1.3016  -0.0885   0.6369
  58.0000   0.0136   3.7621   4.6794   4.6859   1.4734  -0.0766   0.7481
  62.0000   0.0000   0.0000   4.6794   4.6155   1.2014  -0.0804   0.7943
  66.0000   0.0000   0.0000   4.6794   4.5773   1.2014  -0.0275   0.7943
  70.0000   0.0000   0.0000   4.6794   5.2291   1.2014   0.5076   0.7943
  74.0000   0.0000   0.0000   4.6794   4.3898   1.2014   0.4235   0.7943
  78.0000   0.0000   0.0000   4.6794   4.4964   1.2014  -0.1118   0.7943
  82.0000   0.0000   0.0000   4.6794   5.8130   1.2014  -0.4831   0.7943
  86.0000   0.0176  13.7703   4.6794   5.1293   1.2014   0.4160   0.7943
  90.0000   0.0000   0.0000   4.6794   3.3191   1.2014   0.0187   0.7943


   z = 4 mm

   2.0000   0.0000   0.0000   3.2990   0.0000   1.7042   0.0000   0.5992
   6.0000  16.2372   6.0384   3.2990   6.3986   1.7042  -0.3808   0.5992
  10.0000  39.6137   7.4223   3.8121   6.6696   1.7042  -0.3130   0.5992
  14.0000  20.3170  10.8400   4.7149   6.1683   1.7042  -0.2434   0.4983
  18.0000   9.5548  14.4492   4.1647   6.2679   1.3729  -0.1853   0.5373
  22.0000   5.6579  16.2852   3.6708   6.5873   1.3237  -0.2117   0.5642
  26.0000   3.5749  17.5570   3.2959   6.8868   1.2533  -0.2276   0.5398
  30.0000   2.0152  18.3982   3.2158   7.1427   1.2863  -0.2423   0.6640
  34.0000   1.1728  18.9458   3.1591   7.3394   1.2550  -0.3056   0.5803
  38.0000   0.7483  19.8121   3.4782   7.6660   1.2379  -0.2151   0.5744
  42.0000   0.4191  19.4211   3.4782   7.9186   1.2388  -0.2277   0.5260
  46.0000   0.2217  19.5189   3.4782   7.9428   1.3210  -0.2552   0.5296
  50.0000   0.1448  20.9747   3.4782   8.1687   1.2704  -0.2130   0.5600
  54.0000   0.0904  18.0777   3.4782   8.3004   1.2242  -0.2577   0.5282
  58.0000   0.0310  22.7787   3.4782   8.2663   1.2932  -0.3076   0.6676
  62.0000   0.0415   7.0468   3.4782   8.5068   1.2535  -0.2630   0.4692
  66.0000   0.0196  21.1813   3.4782   8.3307   1.3241  -0.2800   0.4857
  70.0000   0.0079  20.8200   3.4782   8.4456   1.3862  -0.4398   0.4857
  74.0000   0.0132  16.9794   3.4782   8.3244   1.4354  -0.3719   0.4857
  78.0000   0.0077  17.5309   3.4782   8.4915   1.4354  -0.1981   0.4857
  82.0000   0.0068  22.4824   3.4782   7.9002   1.4354  -0.1578   0.4857
  86.0000   0.0000   0.0000   3.4782   7.9139   1.4354  -0.3317   0.4857
  90.0000   0.0233  13.7559   3.4782   8.4153   1.4354   0.2265   0.4857
  94.0000   0.0000   0.0000   3.4782   8.1590   1.4354   0.0231   0.4857
  98.0000   0.0195  22.2406   3.4782   8.6888   1.4354  -0.4752   0.4857
 102.0000   0.0000   0.0000   3.4782   7.7024   1.4354  -1.1989   0.4857
 106.0000   0.0139  18.7945   3.4782   9.5155   1.4354  -0.5624   0.4857
 110.0000   0.0068  14.9345   3.4782   0.0000   1.4354   0.0000   0.4857
 114.0000   0.0076  13.4014   3.4782   0.0000   1.4354   0.0000   0.4857
 118.0000   0.0334  18.8955   3.4782   0.0000   1.4354   0.0000   0.4857


   z = 5 mm

   2.0000   0.0000   0.0000   3.2505   0.0000   2.0478   0.0000   0.5753
   6.0000   8.3271   4.3089   3.2505  10.5167   2.0478  -0.4202   0.5753
  10.0000  29.7043   5.6076   3.9747   9.6204   2.0478  -0.4331   0.5753
  14.0000  18.0185   9.9807   5.0283   9.9582   2.0478  -0.5233   0.6558
  18.0000  11.9883  14.2787   4.7194   9.5690   2.0478  -0.3478   0.4742
  22.0000   9.0123  16.5367   3.8503   9.4574   1.7432  -0.4026   0.6359
  26.0000   6.0048  18.0111   3.2704   9.6037   1.6334  -0.3573   0.4913
  30.0000   4.8774  18.7180   2.8641   9.4763   1.5640  -0.3996   0.6106
  34.0000   3.7939  19.3649   2.7108   9.9271   1.4156  -0.3960   0.5818
  38.0000   2.7361  19.9070   2.4030  10.1968   1.4416  -0.4155   0.4773
  42.0000   2.0152  20.3158   2.4292  10.5460   1.4826  -0.4475   0.5410
  46.0000   1.1551  20.5131   2.3977  10.7512   1.4416  -0.4110   0.4972
  50.0000   0.9057  20.5906   2.6322  11.0360   1.4154  -0.4211   0.4840
  54.0000   0.5063  19.6697   2.6322  11.1560   1.3803  -0.4050   0.4844
  58.0000   0.1872  21.0528   2.6322  11.3786   1.3880  -0.4460   0.4739
  62.0000   0.1737  20.7683   2.6322  11.4604   1.3858  -0.3580   0.4705
  66.0000   0.1164  21.5516   2.6322  11.4826   1.3632  -0.4130   0.4845
  70.0000   0.1148  19.0994   2.6322  11.4445   1.4493  -0.4744   0.6192
  74.0000   0.0285  21.8796   2.6322  11.8319   1.3612  -0.4837   0.4192
  78.0000   0.0385  22.5603   2.6322  11.8085   1.3822  -0.5224   0.5338
  82.0000   0.0531  20.1278   2.6322  11.5134   1.3044  -0.6875   0.9652
  86.0000   0.0242  20.8501   2.6322  11.4828   1.3044  -0.5087   0.9652
  90.0000   0.0219  22.0600   2.6322  11.7240   1.3044  -0.4473   0.9652
  94.0000   0.0141  21.2134   2.6322  11.7029   1.3044  -0.6776   0.9652
  98.0000   0.0148  21.2987   2.6322  11.5367   1.3044  -0.4986   0.9652
 102.0000   0.0000   0.0000   2.6322  11.7020   1.3044  -0.4422   0.9652
 106.0000   0.0150  21.4172   2.6322  11.7679   1.3044  -0.5871   0.9652
 110.0000   0.0639  21.1164   2.6322   0.0000   1.3044   0.0000   0.9652
 114.0000   0.0244  18.8882   2.6322   0.0000   1.3044   0.0000   0.9652
 118.0000   0.0646  14.9435   2.6322   0.0000   1.3044   0.0000   0.9652


   z = 6 mm

   2.0000   0.0000   0.0000   2.5101   0.0000   2.8576   0.0000   0.7016
   6.0000   3.3115   3.4772   2.5101  11.9316   2.8576  -0.6686   0.7016
  10.0000  18.4273   4.1396   3.2762  11.7808   2.8576  -0.7033   0.7016
  14.0000  17.0007   7.6209   4.7912  10.0118   2.8576  -0.3964   0.4872
  18.0000  10.9750  12.4179   4.4139   9.4102   2.8576  -0.4107   0.4888
  22.0000   8.8752  15.1579   3.8203   9.6522   2.4572  -0.4196   0.6326
  26.0000   7.1734  16.8482   2.8486   9.9792   2.1648  -0.4213   0.4433
  30.0000   6.5220  17.9061   2.5086  10.4710   1.8337  -0.4301   0.4429
  34.0000   6.6743  18.5850   2.5767  10.9687   1.8206  -0.4412   0.4454
  38.0000   5.3300  18.9477   2.2869  11.5067   1.7444  -0.4735   0.4533
  42.0000   4.4769  19.5252   2.0792  11.9089   1.7332  -0.5129   0.6687
  46.0000   3.2264  19.8944   2.1186  12.0661   1.6994  -0.5387   0.4649
  50.0000   2.4350  20.1584   2.0538  12.4595   1.7049  -0.5128   0.4803
  54.0000   1.9205  19.6267   2.2657  12.6317   1.6537  -0.5158   0.4629
  58.0000   1.0868  20.5957   1.7450  12.8798   1.6689  -0.4827   0.4873
  62.0000   0.7528  20.2442   2.0774  13.0827   1.5569  -0.5349   0.5025
  66.0000   0.4446  20.1019   2.0774  13.3249   1.4792  -0.5505   0.4970
  70.0000   0.3070  20.3900   2.0774  13.2019   1.5331  -0.5367   0.4822
  74.0000   0.2075  20.1237   2.0774  13.7386   1.3412  -0.5488   0.4584
  78.0000   0.1782  18.9735   2.0774  13.4325   1.4175  -0.6010   0.5503
  82.0000   0.1926  20.6784   2.0774  13.6717   1.3202  -0.5551   0.5266
  86.0000   0.1720  18.8772   2.0774  13.4757   1.3202  -0.6083   0.5266
  90.0000   0.0326  21.1345   2.0774  13.7268   1.3202  -0.5671   0.5266
  94.0000   0.0376  19.5171   2.0774  13.2037   1.3202  -0.7918   0.5266
  98.0000   0.0578  19.6826   2.0774  13.4471   1.3202  -0.3543   0.5266
 102.0000   0.0327  18.2479   2.0774  13.8914   1.3202  -0.5269   0.5266
 106.0000   0.0418  20.1308   2.0774  13.5115   1.3202  -0.7072   0.5266
 110.0000   0.0226  21.1081   2.0774   0.0000   1.3202   0.0000   0.5266
 114.0000   0.0433  17.3810   2.0774   0.0000   1.3202   0.0000   0.5266
 118.0000   0.0418  18.8998   2.0774   0.0000   1.3202   0.0000   0.5266


   z = 7 mm

   2.0000   0.0000   0.0000   2.4144   0.0000   3.4625  -0.3006   0.4300
   6.0000   1.3000   2.5595   2.4144   4.6096   3.4625  -0.6807   0.4300
  10.0000  12.2609   2.8568   2.4144   6.7253   3.4625  -0.3974   0.4300
  14.0000  18.6381   4.7452   3.6373   5.0722   3.4625  -0.3983   0.9435
  18.0000  12.6138   8.8215   4.4257   6.1172   3.4069  -0.2957   0.3566
  22.0000   9.5940  12.2579   3.8765   7.5820   2.8146  -0.3489   0.3591
  26.0000   8.2314  14.1526   3.0250   8.9099   2.5748  -0.3564   0.4268
  30.0000   7.0314  15.5656   2.8677   9.9751   2.4444  -0.4060   0.4259
  34.0000   6.3539  16.3335   2.5765  10.7591   2.3359  -0.4567   0.4309
  38.0000   5.3716  17.0547   2.4373  11.4982   2.3436  -0.4820   0.4751
  42.0000   4.6057  17.5784   2.2183  12.1094   2.1398  -0.4688   0.4340
  46.0000   3.2787  17.8808   2.2723  12.5967   2.0825  -0.4807   0.4967
  50.0000   2.6096  18.4686   1.8370  12.9360   1.8193  -0.5145   0.4497
  54.0000   2.1839  18.4591   2.1788  13.2353   1.8731  -0.5292   0.4464
  58.0000   1.6493  18.8401   1.7380  13.5820   1.7158  -0.5465   0.4604
  62.0000   1.0667  18.8980   1.8604  13.6607   1.7281  -0.5290   0.4833
  66.0000   0.8240  19.1051   2.2291  14.1492   1.3456  -0.5363   0.4846
  70.0000   0.6024  18.7539   2.2291  13.9868   1.7390  -0.5256   0.4243
  74.0000   0.5086  18.8601   2.2291  14.0179   1.5597  -0.5218   0.4139
  78.0000   0.3016  19.4847   2.2291  14.2584   1.5597  -0.6979   0.4139
  82.0000   0.1802  19.3179   2.2291  14.3192   1.5597  -0.5287   0.4139
  86.0000   0.1290  18.9946   2.2291  14.3737   1.5597  -0.6472   0.4139
  90.0000   0.0912  18.9611   2.2291  14.7544   1.5597  -0.7028   0.4139
  94.0000   0.0764  18.2870   2.2291  13.5960   1.5597  -0.6329   0.4139
  98.0000   0.1280  19.9383   2.2291  14.5107   1.5597  -0.6493   0.4139
 102.0000   0.0779  19.8848   2.2291  14.1224   1.5597  -0.6192   0.4139
 106.0000   0.0584  19.6491   2.2291  14.4096   1.5597  -0.7240   0.4139
 110.0000   0.0906  18.8017   2.2291   0.0000   1.5597   0.0000   0.4139
 114.0000   0.0942  18.2263   2.2291   0.0000   1.5597   0.0000   0.4139
 118.0000   0.0487  18.7204   2.2291   0.0000   1.5597   0.0000   0.4139


   z = 8 mm

   2.0000   0.0000   0.0000   2.3768   0.0000   2.8897  -0.1961   0.3343
   6.0000   0.2631   3.4134   2.3768   4.6728   2.8897  -0.4814   0.3343
  10.0000   4.2120   3.4227   2.3768   2.4803   2.8897  -0.2813   0.3343
  14.0000  16.3665   3.8484   2.3945   2.9137   2.8383  -0.2784   0.3935
  18.0000  18.6094   5.8558   3.2591   3.9630   2.9468  -0.2175   0.3688
  22.0000  13.1697   8.4244   3.5999   5.9611   3.1598  -0.2915   0.3701
  26.0000  10.2110  10.7535   3.3572   7.7509   3.0646  -0.2651   0.3537
  30.0000   7.4702  12.3671   3.1076   9.2832   2.8567  -0.3466   0.3927
  34.0000   6.8345  13.0802   2.8965  10.2992   2.6182  -0.3793   0.3987
  38.0000   5.2838  13.8662   2.6189  11.1760   2.5526  -0.4295   0.4246
  42.0000   4.3361  14.5022   2.6559  11.8455   2.2990  -0.4289   0.3928
  46.0000   3.5302  15.0618   2.4841  12.5051   2.2461  -0.4638   0.4245
  50.0000   2.5850  15.4254   2.4237  13.0729   1.9227  -0.4710   0.4018
  54.0000   1.7454  16.3051   1.9594  13.4108   2.0752  -0.5028   0.3975
  58.0000   1.4666  16.0727   2.3598  13.5329   1.9525  -0.5017   0.4322
  62.0000   1.0790  16.3993   2.0188  13.9359   1.8893  -0.5237   0.4889
  66.0000   0.7548  16.8930   1.6981  14.2468   1.8893  -0.5533   0.4064
  70.0000   0.4415  15.9775   1.6981  14.4664   1.8893  -0.5314   0.4064
  74.0000   0.4442  16.4656   1.6981  15.2328   1.8893  -0.5939   0.4064
  78.0000   0.3163  17.1962   1.6981  15.1870   1.8893  -0.7924   0.4064
  82.0000   0.2491  16.0438   1.6981  13.2556   1.8893  -0.4846   0.4064
  86.0000   0.2037  16.8479   1.6981  16.0358   1.8893  -0.6680   0.4064
  90.0000   0.0888  16.4976   1.6981  15.9323   1.8893  -0.5063   0.4064
  94.0000   0.0814  18.6458   1.6981  12.8840   1.8893  -0.7399   0.4064
  98.0000   0.0740  15.8533   1.6981  14.8806   1.8893  -0.7572   0.4064
 102.0000   0.0163  16.7955   1.6981  14.5373   1.8893  -0.6451   0.4064
 106.0000   0.0630  15.3155   1.6981   0.0000   1.8893  -0.7097   0.4064
 110.0000   0.0442  16.7721   1.6981   0.0000   1.8893   0.0000   0.4064
 114.0000   0.0251  16.5473   1.6981   0.0000   1.8893   0.0000   0.4064
 118.0000   0.0351  15.1171   1.6981   0.0000   1.8893   0.0000   0.4064


   z = 9 mm

   2.0000   0.0000   0.0000   2.0548  -1.1202   2.0717  -0.7150   0.4534
   6.0000   0.1373   4.9366   2.0548   2.9282   2.0717  -0.2867   0.4534
  10.0000   1.4080   4.8609   2.0548   0.9314   2.0717  -0.1921   0.4534
  14.0000  10.3158   4.4384   1.6330   1.7447   2.3646  -0.1718   0.3560
  18.0000  19.9985   4.8922   2.0127   3.2522   2.7934  -0.1622   0.3343
  22.0000  16.9370   6.2948   2.7261   5.2496   3.1341  -0.1834   0.3339
  26.0000  12.9099   8.1354   2.9249   7.1289   3.0636  -0.2243   0.3330
  30.0000   9.6677   9.3496   2.7791   8.7287   2.8355  -0.2564   0.3544
  34.0000   6.8801  10.4172   2.7158   9.8998   2.8016  -0.3324   0.3965
  38.0000   6.0201  11.2845   2.5116  10.7300   2.5794  -0.3351   0.3767
  42.0000   4.5850  12.0281   2.4979  11.6271   2.4622  -0.3837   0.3743
  46.0000   3.2847  12.6080   2.5255  12.1992   2.4121  -0.3862   0.3733
  50.0000   2.4819  13.1486   2.2533  12.8322   2.0995  -0.4023   0.4305
  54.0000   1.7087  13.5541   2.0770  13.3219   2.2213  -0.4477   0.3800
  58.0000   1.0168  13.6246   2.3631  13.5255   2.0541  -0.4162   0.3415
  62.0000   0.6621  14.1969   2.3631  13.3942   2.0541  -0.5084   0.3884
  66.0000   0.4368  14.0828   2.3631  13.4525   2.0541  -0.5968   0.3884
  70.0000   0.3778  14.3043   2.3631  13.6997   2.0541  -0.5633   0.3884
  74.0000   0.2856  13.5553   2.3631  13.7282   2.0541  -0.3385   0.3884
  78.0000   0.2392  14.1372   2.3631   9.8779   2.0541  -0.5942   0.3884
  82.0000   0.2327  14.3921   2.3631  14.1682   2.0541  -0.6497   0.3884
  86.0000   0.0833  14.0204   2.3631  16.1074   2.0541  -0.4788   0.3884
  90.0000   0.0552  15.5889   2.3631  13.7921   2.0541  -0.7429   0.3884
  94.0000   0.0488  13.4992   2.3631  13.2707   2.0541   0.0000   0.3884
  98.0000   0.0567  14.7576   2.3631  12.3238   2.0541  -0.2036   0.3884
 102.0000   0.0438  14.4130   2.3631   0.0000   2.0541   0.0691   0.3884
 106.0000   0.0077  13.2888   2.3631   0.0000   2.0541   0.0000   0.3884
 110.0000   0.0087   9.4742   2.3631   0.0000   2.0541   0.0000   0.3884
 114.0000   0.0813   9.1723   2.3631   0.0000   2.0541   0.0000   0.3884
 118.0000   0.0289   9.6130   2.3631   0.0000   2.0541   0.0000   0.3884


   z = 10 mm

   2.0000   0.0000   0.0000   0.8914   6.6590   2.8886   0.0422   0.2945
   6.0000   0.0872   5.7838   0.8914   3.3470   2.8886  -0.3588   0.2945
  10.0000   0.7724   5.6918   0.8914   2.3238   2.8886  -0.1395   0.2945
  14.0000   5.9808   5.0336   0.8914   1.9306   2.2938  -0.1322   0.2898
  18.0000  17.7590   5.1950   1.2951   2.9737   2.5254  -0.1195   0.2757
  22.0000  20.0268   5.8664   1.8282   4.7176   2.9206  -0.1568   0.2851
  26.0000  16.0243   6.8296   2.1309   6.4629   3.0854  -0.1716   0.5351
  30.0000  11.3552   7.9397   2.3114   8.1066   2.8949  -0.2193   0.3274
  34.0000   7.8666   8.7592   2.3165   9.2053   2.7156  -0.2881   0.3401
  38.0000   6.3270   9.5900   2.0473  10.4593   2.5195  -0.3269   0.3493
  42.0000   4.0227  10.2113   2.1631  11.3358   2.4158  -0.3088   0.3495
  46.0000   3.2203  10.7440   2.1495  12.0449   2.4702  -0.3486   0.3482
  50.0000   2.2746  11.2913   2.0697  12.5261   2.3174  -0.3731   0.3558
  54.0000   1.3687  11.7356   1.9041  12.9136   2.1228  -0.4319   0.3666
  58.0000   1.1035  11.6218   2.0351  13.3075   2.1228  -0.4683   0.3330
  62.0000   0.5554  11.6621   2.0351  12.5581   2.1228  -0.4852   0.4308
  66.0000   0.3400  11.8562   2.0351  13.4757   2.1228  -0.2735   0.4308
  70.0000   0.2484  12.9748   2.0351  11.8355   2.1228  -0.4756   0.4308
  74.0000   0.1941  13.3111   2.0351  11.9498   2.1228  -0.5029   0.4308
  78.0000   0.0895  11.4909   2.0351  10.9263   2.1228  -0.0136   0.4308
  82.0000   0.0623  11.9221   2.0351   0.0000   2.1228   0.0000   0.4308
  86.0000   0.0843  11.9282   2.0351   2.9579   2.1228   0.0000   0.4308
  90.0000   0.0332   9.9841   2.0351   0.0000   2.1228   0.0000   0.4308
  94.0000   0.0272  10.0438   2.0351  10.2431   2.1228   0.0000   0.4308
  98.0000   0.0000   0.0000   2.0351  11.9096   2.1228   0.0000   0.4308
 102.0000   0.0428   9.5212   2.0351   0.0000   2.1228   0.0000   0.4308
 106.0000   0.0263   0.2264   2.0351   5.1983   2.1228   0.0000   0.4308
 110.0000   0.0342   9.2513   2.0351   0.0000   2.1228   0.0000   0.4308
 114.0000   0.0287   9.2398   2.0351   0.0000   2.1228   0.0000   0.4308
 118.0000   0.0447   6.9395   2.0351   0.0000   2.1228   0.0000   0.4308


   z = 11 mm

   2.0000   0.0000   0.0000   0.9988   0.0000   2.4121   0.0000   0.2723
   6.0000   0.1801   5.6481   0.9988   4.0853   2.4121  -0.3276   0.2723
  10.0000   0.2678   6.1863   0.9988   2.9726   2.4121  -0.2308   0.2723
  14.0000   3.9013   5.7602   0.9988   2.5451   2.4121  -0.1397   0.2723
  18.0000  15.6775   5.5227   0.9122   3.0494   2.3925  -0.1137   0.2571
  22.0000  20.9688   5.8000   1.3148   4.3998   2.6856  -0.1246   0.2693
  26.0000  18.3920   6.3940   1.6582   6.1184   2.8396  -0.1567   0.2976
  30.0000  12.3380   7.1263   1.8373   7.5639   2.6756  -0.2034   0.2953
  34.0000   9.9763   7.7816   1.9442   8.7421   2.6192  -0.2580   0.3269
  38.0000   6.7244   8.3979   1.9142   9.8640   2.5422  -0.2709   0.3242
  42.0000   4.7009   8.8833   1.8947  10.9029   2.4429  -0.2930   0.3255
  46.0000   2.5931   9.5731   1.8554  11.8805   2.5068  -0.2508   0.3484
  50.0000   1.6366  10.1401   1.7182  12.3150   2.5207  -0.3649   0.3619
  54.0000   0.8920  10.2862   1.7480  13.0288   1.8655  -0.3348   0.3696
  58.0000   0.5978   9.7982   1.7480  12.6378   1.8655  -0.3540   0.3536
  62.0000   0.2547  10.5459   1.7480  12.8498   1.8655  -0.3909   0.3536
  66.0000   0.2079  10.1193   1.7480  11.8721   1.8655  -0.3151   0.3536
  70.0000   0.1158   9.9776   1.7480  15.5303   1.8655   0.0000   0.3536
  74.0000   0.1865   9.9568   1.7480   0.0000   1.8655  -0.4524   0.3536
  78.0000   0.0726   9.9235   1.7480   9.9138   1.8655  -0.4760   0.3536
  82.0000   0.0296   8.7398   1.7480  10.8151   1.8655  -0.3862   0.3536
  86.0000   0.0162  10.9139   1.7480   0.0000   1.8655   0.0000   0.3536
  90.0000   0.0000   0.0000   1.7480   0.0000   1.8655  -0.6548   0.3536
  94.0000   0.0173  10.0699   1.7480   0.0000   1.8655   0.0000   0.3536
  98.0000   0.0315   7.6522   1.7480   0.0000   1.8655   0.0000   0.3536
 102.0000   0.0263   8.1636   1.7480   0.0000   1.8655   0.0000   0.3536
 106.0000   0.0336   7.8442   1.7480   0.0000   1.8655   0.0000   0.3536
 110.0000   0.0101  10.4605   1.7480   0.0000   1.8655   0.0000   0.3536
 114.0000   0.0947   7.8860   1.7480   0.0000   1.8655   0.0000   0.3536
 118.0000   0.0567   7.1961   1.7480   0.0000   1.8655   0.0000   0.3536


   z = 12 mm

   2.0000   0.0000   0.0000   0.7984   5.7063   2.4584   0.0414   0.2061
   6.0000   0.1331   6.0793   0.7984   4.4440   2.4584  -0.3438   0.2061
  10.0000   0.2892   5.8427   0.7984   3.5550   2.4584  -0.1346   0.2061
  14.0000   2.0439   6.0092   0.7984   2.9613   2.4584  -0.0827   0.2061
  18.0000  11.4940   5.8172   0.7073   3.2069   2.2335  -0.0904   0.2733
  22.0000  20.4765   5.8497   0.9926   4.4458   2.5677  -0.0916   0.2451
  26.0000  20.4132   6.1309   1.2646   5.7014   2.6165  -0.1230   0.2599
  30.0000  16.1256   6.5789   1.4507   7.1397   2.6019  -0.1426   0.2732
  34.0000  10.7422   7.0310   1.5117   8.1945   2.6161  -0.1527   0.2797
  38.0000   7.4777   7.6006   1.6187   9.5110   2.4989  -0.2136   0.2951
  42.0000   4.3386   8.2649   1.5506  10.4485   2.4094  -0.2609   0.3066
  46.0000   2.5862   8.5212   1.5551  11.1502   2.2422  -0.2875   0.3409
  50.0000   1.5802   8.9766   1.5538  11.5003   2.3655  -0.2820   0.3230
  54.0000   0.9276   9.3699   1.5170  12.0810   2.4537  -0.2458   0.2869
  58.0000   0.4648   9.0486   1.5170  11.8345   2.4537  -0.2783   0.2869
  62.0000   0.2070   9.1515   1.5170  10.0305   2.4537  -0.3445   0.2869
  66.0000   0.1486   9.8063   1.5170  10.5290   2.4537  -0.5272   0.2869
  70.0000   0.1091   8.5334   1.5170  10.8911   2.4537  -0.4361   0.2869
  74.0000   0.0528   8.4695   1.5170  12.4028   2.4537  -0.4374   0.2869
  78.0000   0.0182   8.3544   1.5170   3.9193   2.4537   0.0000   0.2869
  82.0000   0.0254   6.4814   1.5170   0.0000   2.4537   0.0000   0.2869
  86.0000   0.0000   0.0000   1.5170   0.0000   2.4537  -0.5783   0.2869
  90.0000   0.0361   9.5978   1.5170   0.0000   2.4537   0.0000   0.2869
  94.0000   0.0081   8.8042   1.5170   0.0000   2.4537  -0.6502   0.2869
  98.0000   0.0291   7.3791   1.5170   2.3542   2.4537   0.0000   0.2869
 102.0000   0.0466   7.4863   1.5170   0.0000   2.4537  -0.3916   0.2869
 106.0000   0.0536   8.7826   1.5170   0.0000   2.4537   0.0000   0.2869
 110.0000   0.0641   7.1699   1.5170   0.0000   2.4537   0.0000   0.2869
 114.0000   0.0633   7.9635   1.5170   0.0000   2.4537   0.0000   0.2869
 118.0000   0.0452   6.3778   1.5170   0.0000   2.4537   0.0000   0.2869


   z = 13 mm

   2.0000   0.0000   0.0000   0.7037   0.0000   2.7933   0.0000   0.3668
   6.0000   0.0376   6.5377   0.7037   7.0445   2.7933  -0.0746   0.3668
  10.0000   0.2862   5.9761   0.7037   4.3528   2.7933   0.0213   0.3668
  14.0000   1.2578   6.0555   0.7037   3.6431   2.7933  -0.0509   0.3668
  18.0000   6.8134   5.9798   0.6553   3.6007   2.0732  -0.0467   0.1965
  22.0000  18.2593   5.9407   0.7981   4.3323   2.2649  -0.0667   0.2161
  26.0000  21.4066   6.0008   0.9508   5.3823   2.3781  -0.0761   0.2282
  30.0000  19.7378   6.2050   1.1477   6.6762   2.4517  -0.1070   0.2325
  34.0000  12.8076   6.5609   1.3201   7.9369   2.4356  -0.1509   0.2593
  38.0000   8.4816   6.9441   1.3614   9.0465   2.4653  -0.1837   0.2725
  42.0000   4.8977   7.3603   1.3961   9.7721   2.5427  -0.1816   0.2738
  46.0000   2.6621   7.6265   1.4548  10.5879   2.1725  -0.1665   0.2303
  50.0000   1.5434   7.8606   1.3512  10.9267   2.5042  -0.2328   0.2719
  54.0000   0.7614   8.0918   1.5605  11.2522   2.2492  -0.2706   0.3332
  58.0000   0.3166   8.8035   1.5605  10.5533   2.2492  -0.2354   0.3332
  62.0000   0.1728   8.5153   1.5605  10.7611   2.2492  -0.3177   0.3332
  66.0000   0.0779   7.8001   1.5605  11.3473   2.2492  -0.1530   0.3332
  70.0000   0.0938   8.7942   1.5605   7.8170   2.2492  -0.1481   0.3332
  74.0000   0.0182   8.2134   1.5605   7.8957   2.2492   0.0000   0.3332
  78.0000   0.0343   5.1628   1.5605   6.0762   2.2492   0.0000   0.3332
  82.0000   0.0143   9.2987   1.5605   0.0000   2.2492   0.0000   0.3332
  86.0000   0.0122   8.0655   1.5605   6.9537   2.2492  -1.5900   0.3332
  90.0000   0.0099   5.3001   1.5605   0.0000   2.2492   0.0000   0.3332
  94.0000   0.0271   6.5335   1.5605   0.0000   2.2492   0.0000   0.3332
  98.0000   0.0557   7.0739   1.5605   0.0000   2.2492   0.0000   0.3332
 102.0000   0.0170   6.1299   1.5605   0.0000   2.2492   0.0000   0.3332
 106.0000   0.0476   7.1745   1.5605   5.9264   2.2492   0.0000   0.3332
 110.0000   0.0205   6.7681   1.5605   0.0000   2.2492   0.0000   0.3332
 114.0000   0.0300   6.9771   1.5605   0.0000   2.2492   0.0000   0.3332
 118.0000   0.0994   6.2474   1.5605   0.0000   2.2492   0.0000   0.3332


   z = 14 mm

   2.0000   0.0000   0.0000   0.6302   5.7667   2.1140   0.0000   0.1877
   6.0000   0.0622   5.8556   0.6302   3.7880   2.1140  -0.2130   0.1877
  10.0000   0.1502   6.2863   0.6302   5.5021   2.1140  -0.0846   0.1877
  14.0000   0.5220   6.2929   0.6302   3.9251   2.1140  -0.0243   0.1877
  18.0000   4.0041   6.0784   0.6302   3.9193   2.1140  -0.0120   0.1877
  22.0000  14.5721   5.9491   0.6760   4.2442   1.9754  -0.0393   0.1985
  26.0000  22.2594   5.8651   0.7828   5.2530   2.1572  -0.0725   0.2239
  30.0000  21.2762   5.9669   0.9399   6.2911   2.2303  -0.0899   0.2307
  34.0000  15.4439   6.2454   1.0261   7.4466   2.3020  -0.1101   0.2395
  38.0000   9.9723   6.4874   1.1109   8.4810   2.3388  -0.1546   0.2615
  42.0000   5.6383   6.7512   1.1188   9.4569   2.3202  -0.1350   0.2652
  46.0000   2.8987   6.9642   1.1707  10.1766   2.3209  -0.2380   0.2958
  50.0000   1.3981   7.0163   1.2073  10.7262   2.1707  -0.1978   0.2544
  54.0000   0.8055   7.0542   1.1464  10.7292   2.1707  -0.2282   0.2597
  58.0000   0.2637   7.5397   1.1464  10.5493   2.1707  -0.2421   0.2597
  62.0000   0.0823   7.2424   1.1464  10.9307   2.1707  -0.3142   0.2597
  66.0000   0.1039   7.5211   1.1464   9.7149   2.1707  -0.1507   0.2597
  70.0000   0.0840   6.9469   1.1464   8.6799   2.1707  -0.1973   0.2597
  74.0000   0.0519   8.1616   1.1464   7.8420   2.1707   0.0000   0.2597
  78.0000   0.0170   7.5815   1.1464   5.1853   2.1707  -0.4095   0.2597
  82.0000   0.0307   7.7067   1.1464   6.8062   2.1707  -0.1333   0.2597
  86.0000   0.0118   5.1783   1.1464   6.9019   2.1707   0.4311   0.2597
  90.0000   0.0211   6.1064   1.1464   0.0000   2.1707   0.4432   0.2597
  94.0000   0.0000   0.0000   1.1464  10.7778   2.1707   0.2178   0.2597
  98.0000   0.0449   6.9021   1.1464   7.5075   2.1707   0.0000   0.2597
 102.0000   0.0215   6.5029   1.1464   0.0000   2.1707   0.0000   0.2597
 106.0000   0.0381   5.9895   1.1464   0.0000   2.1707   0.0000   0.2597
 110.0000   0.0483   6.5743   1.1464   0.0000   2.1707   0.0000   0.2597
 114.0000   0.1017   6.2505   1.1464   0.0000   2.1707   0.0000   0.2597
 118.0000   0.0762   6.7623   1.1464   0.0000   2.1707   0.0000   0.2597


   z = 15 mm

   2.0000   0.0000   0.0000   0.5584   0.0000   1.8181   0.0000   0.2155
   6.0000   0.0333   6.1648   0.5584   5.2720   1.8181  -0.1512   0.2155
  10.0000   0.2465   5.8859   0.5584   6.4830   1.8181  -0.2239   0.2155
  14.0000   0.3710   5.8543   0.5584   5.0112   1.8181  -0.0705   0.2155
  18.0000   1.9702   6.1798   0.5584   4.1120   1.8181  -0.0165   0.2155
  22.0000  10.2925   5.9382   0.5946   4.4060   1.6912  -0.0450   0.1794
  26.0000  21.4997   5.8457   0.6767   5.0902   1.9129  -0.0655   0.1935
  30.0000  23.5851   5.8309   0.7363   6.0452   2.0436  -0.0691   0.2022
  34.0000  17.3318   5.9110   0.8734   7.1055   2.1765  -0.0916   0.2230
  38.0000  11.7380   6.0660   0.9796   8.0892   2.1770  -0.1090   0.2310
  42.0000   5.9013   6.2633   0.9933   8.9714   2.3070  -0.1509   0.2386
  46.0000   3.4757   6.4032   1.0903   9.6506   2.3650  -0.1264   0.2414
  50.0000   1.6656   6.5955   1.2128  10.3174   2.2050  -0.1718   0.2723
  54.0000   0.7853   6.5621   1.2128  10.7675   2.1168  -0.1979   0.2448
  58.0000   0.2409   6.9266   1.2128  10.7476   2.1168  -0.1613   0.2448
  62.0000   0.1702   6.3885   1.2128  10.8574   2.1168  -0.2219   0.2448
  66.0000   0.0850   6.4869   1.2128   6.6521   2.1168  -0.0181   0.2448
  70.0000   0.1307   6.3364   1.2128   8.5937   2.1168  -0.3213   0.2448
  74.0000   0.0230   5.8015   1.2128   6.6669   2.1168   0.0677   0.2448
  78.0000   0.0218   4.2934   1.2128   6.6274   2.1168  -0.3153   0.2448
  82.0000   0.0588   6.2313   1.2128   6.3889   2.1168  -0.2219   0.2448
  86.0000   0.0547   5.4250   1.2128   0.0000   2.1168   0.0000   0.2448
  90.0000   0.0302   6.7244   1.2128  10.7655   2.1168   0.0000   0.2448
  94.0000   0.0095   5.7882   1.2128   4.3297   2.1168   0.0000   0.2448
  98.0000   0.0413   6.0288   1.2128   0.0000   2.1168  -0.1830   0.2448
 102.0000   0.0201   5.4640   1.2128   4.8564   2.1168   0.0000   0.2448
 106.0000   0.0473   6.2309   1.2128   0.0000   2.1168   0.0000   0.2448
 110.0000   0.0385   6.8107   1.2128   0.0000   2.1168   0.0000   0.2448
 114.0000   0.0200   6.2447   1.2128   0.0000   2.1168   0.0000   0.2448
 118.0000   0.1120   5.8551   1.2128   0.0000   2.1168   0.0000   0.2448




Profiles of Droplet Phase Properties
====================================


Number of data / axial coordinate (mm)

  y   Umean   Urms  Vmean  Vrms    flux   concent  d10   drms  d20   d30   d32
 mm    m/s    m/s    m/s   m/s    g/m2/s   kg/m3    um    um   um    um     um


  30   3 mm

 -14   5.65   0.58   0.00   0.00    1.88    0.33  34.0   9.1  35.2  36.9  40.5    56
 -13   5.83   0.68   0.00   0.00    4.95    0.85  32.8   9.1  34.1  35.7  39.3    47
 -12   6.04   0.81   0.00   0.00   11.62    1.91  31.6   8.9  32.8  34.4  37.7    60
 -11   6.29   0.98   0.00   0.00   28.55    4.43  30.8   9.8  32.3  34.2  38.5    59
 -10   6.57   1.19   0.00   0.00   64.94    9.29  29.7  10.0  31.3  33.4  38.0    54
  -9   6.97   1.49   0.00   0.00  167.64   21.14  29.3  10.7  31.2  33.5  38.6    75
  -8   7.48   1.85   0.00   0.00  461.16   50.90  29.0  11.7  31.3  33.9  39.8    84
  -7   8.53   2.38   0.00   0.00 1322.87  115.22  28.6  12.8  31.4  34.5  41.7   140
  -6   9.99   2.85   0.00   0.00 2876.61  200.06  28.3  15.3  32.1  36.4  46.8   325
  -5  11.77   3.07   0.00   0.00 4129.72  234.70  27.0  16.0  31.4  35.9  46.8   570
  -4  12.97   3.38   0.00   0.00 4379.00  221.88  24.5  15.3  28.9  33.3  44.5   955
  -3  12.08   3.98   0.00   0.00 2011.92  103.49  18.2  11.5  21.6  25.6  36.0  1078
  -2   9.65   4.05   0.00   0.00  561.74   36.52  13.3   7.7  15.3  18.4  26.4   765
  -1   6.19   3.58   0.13   0.98   83.29   10.02  10.9   4.5  11.8  13.1  16.0   558
   0   3.86   2.38  -0.34   1.02   37.25    8.10  10.3   3.7  11.0  12.0  14.3   399
   1   3.48   1.94  -0.57   0.92   25.05    6.24  10.2   3.4  10.8  11.7  13.9   368
   2   4.98   2.75   0.76   0.82   50.29    7.50  10.5   4.0  11.2  12.5  15.3   479
   3   7.69   3.60   3.83   1.13  132.08   12.91  11.3   5.0  12.4  14.0  18.0   568
   4  10.00   3.89   7.60   1.29  582.96   37.18  13.6   7.9  15.7  18.8  27.2   840
   5  11.43   3.91  10.71   1.45 2315.57  120.46  18.3  11.8  21.8  26.0  36.9  1183
   6  12.63   3.31  11.96   1.74 4619.88  234.41  24.6  15.3  29.0  33.3  44.1  1070
   7  11.17   3.07  11.06   2.28 5596.26  307.96  26.8  16.4  31.4  36.2  48.0   801
   8   9.36   2.89   8.66   2.71 3043.76  209.53  27.6  14.9  31.4  35.5  45.3   477
   9   7.96   2.42   7.29   2.76 1231.15  107.14  28.0  13.2  30.9  34.3  42.3   311
  10   7.25   1.86   6.72   2.72  364.53   38.93  28.2  11.8  30.6  33.4  39.8   225
  11   6.82   1.53   6.60   2.61  116.63   14.75  28.2  10.7  30.1  32.6  38.1   214
  12   6.58   1.25   6.56   2.52   40.16    5.34  28.9  10.1  30.6  32.8  37.7   192
  13   6.36   1.07   6.59   2.38   16.73    2.47  29.8   9.4  31.2  33.1  37.3   212
  14   6.15   0.91   6.59   2.21    7.15    1.10  30.9   9.2  32.2  34.1  38.1   180
  15   5.96   0.80   6.57   2.05    2.61    0.42  31.9   9.0  33.2  34.8  38.4   140


  31   25 mm

 -30   7.64   1.51   0.00   0.00    3.22    0.41  48.8  12.5  50.4  51.8  54.8    88
 -28   8.79   1.21   0.00   0.00   10.64    1.17  50.3  11.5  51.6  52.9  55.6    89
 -26   9.50   1.07   0.00   0.00   24.01    2.41  50.0  11.9  51.4  52.8  55.8    52
 -24  10.02   1.22   0.00   0.00   76.12    7.14  49.4  12.7  51.0  52.7  56.2    57
 -22  10.58   1.30   0.00   0.00  178.28   15.32  48.6  13.7  50.5  52.5  56.7    64
 -20  11.11   1.44   0.00   0.00  339.92   27.66  46.8  13.9  48.8  50.9  55.4    67
 -18  11.27   1.48   0.00   0.00  537.84   43.32  43.4  14.1  45.6  48.0  53.1    61
 -16  11.05   1.46   0.00   0.00  698.31   56.01  39.3  13.2  41.5  43.8  48.8    74
 -14  10.63   1.38   0.00   0.00  703.62   57.09  34.9  12.4  37.0  39.3  44.5    83
 -12   9.82   1.23   0.00   0.00  584.13   50.23  29.6  10.8  31.5  33.8  38.8    65
 -10   9.02   1.05   0.00   0.00  489.35   45.45  25.2   9.4  26.8  28.9  33.5    83
  -8   8.01   0.82   0.00   0.00  280.13   29.26  20.2   7.7  21.6  23.5  27.8    62
  -6   7.07   0.80   0.00   0.00  159.70   19.49  16.5   6.3  17.7  19.3  23.1    78
  -4   6.05   0.80   0.00   0.00  101.14   15.29  14.5   5.2  15.5  17.0  20.7   102
  -2   5.32   0.67   0.18   0.38   65.34   11.78  13.8   4.7  14.6  15.8  18.6    91
   0   5.09   0.59   0.11   0.36   56.58   10.76  13.6   4.5  14.3  15.4  17.7    81
   2   5.30   0.63   0.26   0.36   65.52   11.78  13.6   4.8  14.4  15.8  18.9    91
   4   6.02   0.77   0.60   0.43   88.56   13.88  14.5   5.0  15.3  16.5  19.1    87
   6   6.90   0.77   1.14   0.55  152.52   20.01  16.3   6.0  17.4  18.9  22.3    96
   8   7.81   0.80   1.80   0.68  251.59   28.17  19.8   7.4  21.1  23.0  27.4    80
  10   8.63   0.99   2.71   0.83  336.71   32.88  24.1   8.6  25.5  27.4  31.5    69
  12   9.48   1.26   3.61   0.97  426.98   38.21  28.3  10.1  30.0  32.2  37.1   101
  14  10.31   1.41   4.43   1.14  601.89   50.03  33.0  11.7  35.0  37.3  42.4    93
  16  10.95   1.52   5.24   1.26  679.00   53.46  37.4  12.9  39.5  41.9  47.2    82
  18  11.31   1.56   5.74   1.39  615.48   48.03  42.0  13.9  44.2  46.6  51.8    82
  20  11.48   1.52   6.07   1.42  459.25   35.56  46.5  14.7  48.8  51.1  56.2    76
  22  11.14   1.47   6.19   1.44  230.40   18.84  49.2  14.5  51.3  53.4  57.9    77
  24  10.63   1.34   6.29   1.40   96.34    8.43  50.5  13.7  52.3  54.2  58.0    57
  26   9.94   1.33   6.18   1.48   37.17    3.53  51.2  13.2  52.9  54.6  58.2    53
  28   9.14   1.51   5.31   1.89   13.68    1.44  51.3  12.6  52.8  54.3  57.5    83
  30   7.04   2.71   3.02   2.20    3.34    0.48  49.8  13.1  51.5  53.1  56.4   114


  37   50 mm

 -90  -0.40   0.43   0.00   0.00   -0.32    0.63  47.1  16.8  50.0  52.5  57.8   146
 -80  -0.49   0.41   0.00   0.00   -0.51    0.87  47.8  15.8  50.4  52.6  57.2   177
 -70  -0.52   0.41   0.00   0.00   -0.57    0.94  49.3  14.6  51.4  53.3  57.1   193
 -60  -0.61   0.45   0.00   0.00   -0.80    1.23  49.2  12.9  50.9  52.3  55.4   203
 -50  -0.43   0.65   0.00   0.00   -1.09    2.62  47.5  12.2  49.1  50.5  53.4   214
 -40   3.56   2.41   0.00   0.00   17.56    3.67  52.4  14.5  54.3  56.2  60.0   159
 -36   6.79   2.25   0.00   0.00   38.98    6.97  54.0  13.6  55.7  57.3  60.7   153
 -33   8.33   1.93   0.00   0.00   76.94    9.16  53.0  12.8  54.5  56.1  59.2   101
 -30   9.16   1.51   0.00   0.00   85.20    8.81  50.4  12.3  51.9  53.4  56.5    88
 -27   9.52   1.15   0.00   0.00  102.65   10.23  46.0  11.8  47.5  49.1  52.4    56
 -24   9.58   0.98   0.00   0.00  168.81   16.89  42.1  11.1  43.5  45.1  48.4    71
 -21   9.33   0.80   0.00   0.00  197.36   13.85  37.8  10.3  39.1  40.7  44.1    61
 -18   8.89   0.67   0.00   0.00  210.60   22.25  32.9   9.1  34.2  35.7  38.9    62
 -15   8.73   0.56   0.00   0.00  181.92   19.74  29.0   8.1  30.1  31.5  34.5    42
 -12   8.34   0.46   0.00   0.00  161.11   18.21  24.6   7.3  25.7  27.1  30.2    59
  -9   7.98   0.52   0.00   0.00  142.60   17.27  20.3   6.7  21.4  23.1  26.9    40
  -6   7.27   0.66   0.00   0.00   77.31   10.28  17.5   5.8  18.4  19.9  23.3    58
  -3   6.47   0.64   0.16   0.30   45.65    6.91  16.5   5.3  17.3  18.4  21.0    66
   0   6.27   0.52   0.19   0.32   37.09    5.84  16.7   5.2  17.4  18.4  20.4    83
   3   6.57   0.61   0.27   0.33   62.32    9.35  16.2   5.4  17.1  18.5  21.7    71
   6   7.26   0.64   0.42   0.34   79.66   10.79  17.5   6.0  18.4  20.1  23.8    62
   9   7.86   0.50   0.62   0.33  123.09   15.10  20.5   6.7  21.6  23.2  26.9    57
  12   8.25   0.49   1.05   0.36  135.87   15.74  24.7   7.0  25.7  26.9  29.5    45
  15   8.62   0.57   1.49   0.43  150.03   16.21  29.3   7.9  30.4  31.7  34.5    36
  18   8.92   0.70   1.90   0.52  196.19   20.47  33.3   8.7  34.4  35.7  38.5    32
  21   9.29   0.90   2.57   0.61  169.45   17.21  37.9  10.2  39.2  40.8  44.1    42
  24   9.50   1.09   2.97   0.72  154.35   15.35  42.3  10.8  43.7  45.2  48.4    61
  27   9.45   1.40   3.35   0.86  135.39   13.83  46.8  11.9  48.3  49.8  53.2    65
  30   9.27   1.69   3.72   0.96  107.97   11.07  51.0  12.6  52.5  54.1  57.4    62
  33   8.53   2.15   3.80   1.08   71.80    8.02  54.6  13.2  56.1  57.7  60.9    85
  36   6.47   2.72   3.39   1.21   62.03    8.39  54.7  13.9  56.5  58.1  61.6   113
  40   3.56   2.41   2.08   1.32   17.56    3.67  52.4  14.5  54.3  56.2  60.0   159
  50  -0.43   0.65   0.08   0.58   -1.09    2.62  47.5  12.2  49.1  50.5  53.4   214
  60  -0.61   0.45  -0.16   0.22   -0.80    1.23  49.2  12.9  50.9  52.3  55.4   203
  70  -0.52   0.41   0.17   0.26   -0.57    0.94  49.3  14.6  51.4  53.3  57.1   193
  80  -0.49   0.41   0.16   0.25   -0.51    0.87  47.8  15.8  50.4  52.6  57.2   177
  90  -0.40   0.43   0.31   1.06   -0.32    0.63  47.1  16.8  50.0  52.5  57.8   146


  37   100 mm

 -90   0.77   0.76   0.00   0.00    0.17    0.25  35.8  15.3  38.9  42.0  48.7   724
 -80   0.74   0.72   0.00   0.00    0.49    0.93  45.3  15.1  47.7  49.9  54.7   215
 -70   0.80   0.70   0.00   0.00    3.16    3.55  50.7  16.8  53.4  55.8  60.9   282
 -60   1.31   0.96   0.00   0.00   10.44    7.29  54.0  15.9  56.3  58.3  62.5   302
 -50   1.65   1.20   0.00   0.00   21.80   13.07  52.3  13.5  54.0  55.6  58.9   282
 -40   2.72   1.37   0.00   0.00   36.39   14.17  46.6  11.3  48.0  49.3  52.2   280
 -36   3.52   1.58   0.00   0.00   49.59   15.22  43.8  10.0  44.9  46.1  48.5   213
 -33   4.39   1.66   0.00   0.00   57.08   14.09  41.4   9.8  42.6  43.8  46.4   148
 -30   5.21   1.58   0.00   0.00   62.97   13.07  39.0   9.1  40.1  41.3  43.7   120
 -27   5.85   1.36   0.00   0.00   65.27   11.63  36.3   8.4  37.3  38.4  40.8    79
 -24   7.06   1.13   0.00   0.00   72.25   10.39  33.2   7.8  34.1  35.2  37.4    58
 -21   7.63   0.77   0.00   0.00   76.34    9.96  30.0   7.1  30.8  31.8  33.9    53
 -18   7.76   0.58   0.00   0.00   50.29    6.45  28.2   6.1  28.8  29.6  31.1    46
 -15   7.87   0.46   0.00   0.00   28.01    3.52  27.3   6.3  28.1  28.9  30.6    47
 -12   7.90   0.43   0.00   0.00   16.74    2.10  25.6   6.4  26.4  27.4  29.3    57
  -9   7.73   0.52   0.00   0.00   20.26    2.61  22.3   6.3  23.2  24.4  27.0    61
  -6   7.38   0.54   0.05   0.22   13.49    1.81  21.3   5.8  22.1  23.2  25.4    84
  -3   7.12   0.53   0.08   0.25    9.59    1.34  22.5   6.1  23.3  24.3  26.5   144
   0   7.06   0.52   0.07   0.26   17.37    2.46  21.0   6.4  22.0  23.3  26.1   128
   3   7.29   0.56   0.08   0.26   23.32    3.18  19.8   6.0  20.7  21.9  24.5    76
   6   7.62   0.59   0.07   0.25   25.87    3.41  21.3   6.3  22.2  23.4  25.9    76
   9   7.86   0.53   0.06   0.25   58.40    7.37  20.7   6.0  21.6  22.7  25.1    66
  12   8.00   0.53   0.07   0.25   68.06    8.55  22.5   6.8  23.5  24.9  27.8    40
  15   8.06   0.55   0.11   0.26   82.21   10.28  25.0   7.3  26.0  27.4  30.4    24
  18   7.92   0.79   0.16   0.28   80.11   10.47  28.3   7.3  29.3  30.4  32.7    33
  21   7.33   1.29   0.24   0.31   83.08   11.95  32.1   8.0  33.1  34.2  36.5    60
  24   6.75   1.57   0.32   0.35   70.66   11.38  35.4   8.2  36.4  37.4  39.6    84
  27   6.47   1.66   0.41   0.40   68.10   11.10  37.0   8.3  37.9  38.9  41.1    79
  30   5.32   2.05   0.48   0.44   60.55   12.42  40.6   8.9  41.6  42.6  44.8   133
  33   4.49   2.04   0.49   0.46   38.57    9.34  43.7   8.9  44.6  45.5  47.4   178
  36   4.22   1.98   0.45   0.44   35.40    9.28  44.2   9.6  45.2  46.3  48.6   177
  40   2.61   1.78   0.00   0.00   26.86   10.13  45.5  10.2  46.6  47.8  50.1   250
  50   1.18   1.26   0.00   0.00    9.45    6.44  50.9  12.6  52.5  53.9  56.8   262
  60   0.32   0.78   0.00   0.00    4.50    4.61  53.9  15.5  56.1  58.0  62.0   234
  70  -0.24   0.53   0.00   0.00    0.41    3.69  53.9  16.1  56.2  58.3  62.6   265
  80  -0.49   0.42   0.00   0.00   -0.57    1.77  52.8  17.3  55.6  57.9  63.0   337
  90  -0.49   0.38   0.00   0.00   -0.39    0.83  49.0  18.0  52.2  55.0  60.9   283


  29   200 mm

 -70   0.68   0.66   0.00   0.00    1.93    2.77  36.2  14.7  39.1  41.8  47.8   233
 -65   0.90   0.77   0.00   0.00    2.90    3.46  36.1  14.0  38.8  41.3  46.9   222
 -60   1.24   0.92   0.00   0.00    4.53    4.16  35.8  13.7  38.3  40.8  46.2   205
 -55   1.60   1.05   0.00   0.00    6.87    5.17  35.5  13.3  37.9  40.3  45.4   184
 -50   2.01   1.21   0.00   0.00    9.48    5.82  34.9  12.4  37.0  39.1  43.7   196
 -45   2.74   1.38   0.00   0.00   13.94    6.43  33.9  12.1  36.0  38.0  42.5   167
 -40   3.59   1.53   0.00   0.00   18.07    6.33  32.3  11.4  34.2  36.2  40.5   110
 -35   4.60   1.62   0.00   0.00   25.91    7.02  30.5  10.8  32.4  34.4  38.7   108
 -30   5.82   1.47   0.00   0.00   30.98    6.24  28.0  10.1  29.7  31.6  35.8    78
 -25   6.66   1.27   0.00   0.00   39.48    6.72  25.3   9.3  27.0  28.7  32.5    51
 -20   7.20   1.03   0.00   0.00   48.83    7.42  22.6   8.8  24.2  26.2  30.7    34
 -15   7.47   0.87   0.00   0.00   50.91    7.16  20.1   8.1  21.7  23.7  28.4    45
 -10   7.51   0.72   0.00   0.00   40.09    5.45  17.9   7.4  19.4  21.4  26.2    44
  -5   7.30   0.76   0.11   0.39   32.11    4.58  17.6   7.1  19.0  20.8  25.0    44
   0   7.23   0.75   0.08   0.39   33.98    4.90  17.7   7.2  19.1  21.0  25.4    44
   5   7.17   0.92  -0.02   0.41   36.27    5.39  18.8   7.9  20.4  22.5  27.5    54
  10   7.32   0.94  -0.03   0.38   41.17    6.09  19.2   8.3  20.9  23.4  29.4    58
  14   7.16   1.12   0.07   0.37   44.26    6.66  21.3   9.4  23.3  26.1  32.6    89
  20   6.65   1.41   0.19   0.40   33.50    5.81  23.9   9.4  25.7  27.7  32.2    51
  25   5.83   1.67   0.27   0.44   28.24    5.69  26.8  10.2  28.6  30.6  35.1    65
  30   5.11   1.83   0.39   0.47   23.57    5.81  28.8  10.5  30.7  32.5  36.6    86
  35   4.34   1.89   0.46   0.52   17.91    5.05  31.0  10.9  32.8  34.8  39.0   105
  40   3.55   1.86   0.00   0.00   14.10    4.76  32.9  11.3  34.8  36.7  40.8   115
  45   2.63   1.65   0.00   0.00   10.57    4.83  34.4  12.1  36.4  38.4  42.8   152
  50   2.20   1.51   0.00   0.00    7.61    3.93  35.4  12.4  37.5  39.6  44.1   165
  55   1.81   1.33   0.00   0.00    5.87    3.72  36.2  12.7  38.4  40.5  45.1   175
  60   1.30   1.15   0.00   0.00    3.27    2.76  36.9  13.3  39.2  41.5  46.3   185
  65   0.86   0.97   0.00   0.00    1.97    2.33  37.5  13.9  40.0  42.4  47.5   190
  70   0.66   0.81   0.00   0.00    1.32    1.89  37.9  13.9  40.4  42.7  47.8   192

	
  30   300 mm

 -70   1.40   1.07   0.00   0.00    1.27    1.12  27.8  12.0  30.3  32.8  38.5   216
 -65   1.81   1.26   0.00   0.00    2.43    1.75  27.5  12.0  30.0  32.6  38.3   177
 -60   2.26   1.46   0.00   0.00    2.83    1.67  26.8  11.8  29.3  31.8  37.6   180
 -55   2.62   1.51   0.00   0.00    3.79    1.86  26.0  11.3  28.4  30.8  36.3   163
 -50   3.16   1.58   0.00   0.00    5.31    2.20  25.9  10.8  28.1  30.3  35.2   133
 -45   3.68   1.69   0.00   0.00    5.82    2.02  24.8  10.4  26.9  29.2  34.2   124
 -40   3.78   1.73   0.00   0.00    6.34    2.24  22.6   9.7  24.6  26.7  31.4   106
 -35   3.98   1.69   0.00   0.00    6.42    2.04  23.6   9.6  25.5  27.5  31.8   123
 -30   4.64   1.77   0.00   0.00    7.95    2.05  22.2   9.4  24.1  26.1  30.6   104
 -25   4.27   1.71   0.00   0.00    6.97    1.97  23.3   9.8  25.3  27.5  32.4   135
 -20   4.56   1.65   0.00   0.00    9.21    2.43  22.3   9.4  24.2  26.3  31.1   137
 -15   4.56   1.63   0.00   0.00    7.95    2.05  22.2   9.0  23.9  25.8  30.0   125
 -10   4.76   1.69   0.00   0.00    8.42    2.11  22.2   9.8  24.2  26.5  31.8    88
  -5   4.72   1.63  -0.02   0.51    8.32    2.03  22.1   9.5  24.1  26.2  30.9   121
   0   4.81   1.65  -0.01   0.49    8.85    2.14  21.2   9.1  23.1  25.1  29.8   104
   5   4.82   1.68   0.00   0.48    8.37    2.04  22.1   9.4  24.0  26.1  30.7   102
  10   4.57   1.72   0.03   0.47    7.56    1.94  22.7   9.3  24.5  26.5  31.0   137
  15   4.68   1.70   0.14   0.46    7.59    1.86  23.2   9.4  25.0  27.0  31.5   133
  20   4.70   1.76   0.25   0.47    8.20    2.09  22.3   9.6  24.2  26.4  31.2   101
  25   4.48   1.77   0.37   0.50    6.62    1.74  23.0   9.6  24.9  27.0  31.6   129
  30   4.24   1.79   0.46   0.53    5.21    1.48  23.9   9.5  25.7  27.6  31.8   153
  35   4.10   1.80   0.51   0.57    5.55    1.69  23.0   9.2  24.8  26.7  30.8   134
  40   3.78   1.82   0.00   0.00    4.31    1.44  23.6   9.7  25.5  27.6  32.2   142
  45   3.64   1.72   0.00   0.00    4.68    1.59  24.0  10.3  26.1  28.3  33.4   126
  50   3.46   1.75   0.00   0.00    2.59    0.94  23.5   9.8  25.5  27.5  31.9   136
  55   3.40   1.72   0.00   0.00    2.78    1.01  24.0   9.9  25.9  27.9  32.5   139
  60   2.90   1.66   0.00   0.00    2.00    0.88  24.4  10.1  26.4  28.5  33.2   176
  65   2.62   1.60   0.00   0.00    1.84    0.93  24.8  10.4  26.9  29.0  33.9   175
  70   2.20   1.41   0.00   0.00    1.35    0.75  24.8  10.3  26.9  29.0  33.7   199
  75   1.73   1.34   0.00   0.00    0.87    0.63  25.0  10.4  27.1  29.2  33.9   191


  11   400 mm

 -50   2.51   1.31   0.00   0.00    1.26    0.63  24.1  10.7  26.4  28.7  34.0   125
 -40   2.51   1.29   0.00   0.00    1.37    0.69  24.1  10.5  26.3  28.6  33.7   127
 -30   2.77   1.41   0.00   0.00    1.71    0.77  23.4  10.4  25.6  27.9  33.2   120
 -20   2.62   1.34   0.00   0.00    1.34    0.63  22.9  10.3  25.1  27.4  32.6   132
 -10   2.63   1.29   0.31   0.60    1.21    0.56  22.8   9.9  24.9  27.0  32.0   122
   0   2.76   1.39  -0.20   0.59    1.29    0.57  22.7  10.2  24.8  27.1  32.3   133
  10   2.82   1.41   0.04   0.58    1.11    0.48  22.8  10.0  24.9  27.1  32.1   142
  20   2.95   1.46   0.28   0.59    1.23    0.52  22.9  10.1  25.1  27.3  32.3   133
  30   2.67   1.37   0.46   0.63    0.95    0.45  23.0  10.1  25.1  27.3  32.2   128
  40   2.56   1.34   0.00   0.00    0.80    0.38  23.0  10.0  25.1  27.3  32.2   127
  50   2.40   1.31   0.00   0.00    0.79    0.41  22.9  10.1  25.1  27.3  32.3   165




Liquid Mass Flow Rate at the different Profiles
===============================================

 x (mm)     ml (g/s)
  0.0       0.831
 25.0       0.755
 50.0       0.553
100.0       0.398
200.0       0.220
300.0       0.069
400.0       0.00923


