#        Time  inlet outlet
       0.0001 -0.000452778  0.000455533
       0.0002 -0.000452778   0.00062918
       0.0003 -0.000452778   0.00066875
       0.0004 -0.000452778   0.00065357
       0.0005 -0.000452778  0.000632616
       0.0006 -0.000452778   0.00061845
       0.0007 -0.000452778  0.000610498
       0.0008 -0.000452778  0.000606192
       0.0009 -0.000452778  0.000603787
        0.001 -0.000452778  0.000602224
       0.0011 -0.000452778   0.00060116
       0.0012 -0.000452778  0.000600302
       0.0013 -0.000452778  0.000599545
       0.0014 -0.000452778  0.000598779
