/*--------------------------------*- C++ -*----------------------------------*\
| =========                 |                                                 |
| \\      /  F ield         | OpenFOAM: The Open Source CFD Toolbox           |
|  \\    /   O peration     | Version:  1.7.x                                 |
|   \\  /    A nd           | Web:      www.OpenFOAM.com                      |
|    \\/     M anipulation  |                                                 |
\*---------------------------------------------------------------------------*/
FoamFile
{
    version     2.0;
    format      ascii;
    class       volScalarField;
    location    "3800";
    object      alphat;
}
// * * * * * * * * * * * * * * * * * * * * * * * * * * * * * * * * * * * * * //

dimensions      [1 -1 -1 0 0 0 0];

internalField   nonuniform List<scalar> 
5460
(
0.00102546
0.0010252
0.00102496
0.00102474
0.00102456
0.00102445
0.0010244
0.00102442
0.00102451
0.00102465
0.00102487
0.00102515
0.0010255
0.00102593
0.00102644
0.00102707
0.00102783
0.00102876
0.00102992
0.00103139
0.00103324
0.0010356
0.00103864
0.00104254
0.00104758
0.00105405
0.00106238
0.00107307
0.00108677
0.00110429
0.00112664
0.00115505
0.00119101
0.00123624
0.0012926
0.00136192
0.00144572
0.00154491
0.00165958
0.00178881
0.00193077
0.00208292
0.0022423
0.00240583
0.00257063
0.00273412
0.00289419
0.00304921
0.003198
0.00333974
0.003474
0.00360051
0.00371934
0.0038308
0.0039349
0.00403182
0.00412224
0.00420624
0.00428393
0.00435554
0.00442138
0.00448194
0.00453768
0.00458905
0.00463626
0.00467939
0.00471842
0.0047534
0.00478447
0.00481202
0.00483646
0.00485825
0.0048777
0.00489493
0.00491034
0.00492347
0.00493483
0.00494436
0.00495219
0.00495851
0.0049635
0.00496729
0.00496997
0.0049716
0.00497218
0.00497175
0.0049703
0.00496787
0.00496449
0.00496023
0.00495514
0.00494928
0.00494272
0.00493549
0.00492766
0.00491926
0.00491031
0.00490086
0.00489095
0.00488061
0.00486986
0.00485874
0.00484727
0.00483544
0.0048233
0.00481081
0.00479799
0.00478482
0.00477132
0.00475747
0.00474327
0.00472872
0.00471385
0.0046987
0.00468331
0.00466773
0.00465203
0.00463625
0.0046205
0.00460483
0.00458928
0.00457392
0.00455879
0.00454387
0.00452921
0.00451476
0.00450053
0.00448642
0.00447332
0.00446486
0.00101118
0.0010112
0.00101121
0.00101122
0.00101126
0.00101133
0.00101146
0.00101163
0.00101184
0.00101211
0.00101242
0.0010128
0.00101324
0.00101374
0.00101434
0.00101506
0.00101592
0.00101697
0.00101828
0.00101993
0.00102201
0.00102465
0.00102803
0.00103237
0.00103791
0.00104502
0.00105413
0.00106582
0.0010808
0.00110001
0.00112457
0.00115587
0.00119549
0.00124514
0.00130651
0.00138107
0.00146985
0.00157322
0.00169084
0.0018216
0.00196372
0.00211486
0.00227241
0.00243363
0.0025959
0.00275687
0.00291454
0.00306737
0.00321418
0.00335415
0.00348686
0.00361199
0.00372963
0.00383986
0.00394298
0.0040392
0.00412889
0.00421222
0.00428931
0.00436039
0.00442576
0.00448589
0.00454125
0.00459227
0.00463917
0.00468202
0.0047208
0.00475556
0.00478644
0.00481381
0.0048381
0.00485975
0.00487907
0.00489618
0.00491135
0.00492449
0.00493576
0.0049452
0.00495295
0.0049592
0.00496412
0.00496784
0.00497047
0.00497203
0.00497257
0.00497209
0.0049706
0.00496813
0.00496471
0.00496042
0.0049553
0.00494942
0.00494283
0.00493558
0.00492773
0.00491931
0.00491034
0.00490088
0.00489095
0.0048806
0.00486985
0.00485871
0.00484723
0.0048354
0.00482324
0.00481075
0.00479792
0.00478475
0.00477124
0.0047574
0.00474319
0.00472864
0.00471378
0.00469862
0.00468324
0.00466765
0.00465195
0.00463617
0.00462042
0.00460475
0.00458919
0.00457383
0.00455869
0.00454376
0.00452908
0.00451462
0.00450038
0.00448627
0.00447316
0.00446469
0.00098597
0.000986072
0.000986192
0.000986356
0.000986563
0.00098681
0.0009871
0.000987432
0.000987798
0.000988202
0.000988655
0.000989162
0.000989736
0.000990394
0.000991159
0.000992069
0.000993169
0.000994521
0.000996204
0.000998322
0.001001
0.00100442
0.00100878
0.00101437
0.00102152
0.00103072
0.0010426
0.00105795
0.00107776
0.00110322
0.00113565
0.00117648
0.00122707
0.00128862
0.001362
0.0014477
0.00154574
0.00165575
0.00177695
0.00190821
0.00204808
0.00219484
0.00234656
0.00250116
0.0026566
0.00281094
0.00296243
0.00310968
0.00325153
0.00338713
0.00351604
0.00363785
0.00375268
0.00386028
0.00396108
0.00405544
0.00414347
0.0042253
0.00430106
0.00437095
0.00443527
0.00449446
0.00454898
0.00459924
0.00464546
0.0046877
0.00472594
0.00476022
0.00479067
0.00481767
0.00484162
0.00486296
0.004882
0.00489887
0.0049137
0.00492668
0.00493775
0.00494701
0.00495459
0.00496068
0.00496545
0.00496903
0.00497153
0.00497297
0.0049734
0.00497281
0.00497123
0.00496867
0.00496519
0.00496082
0.00495564
0.00494971
0.00494307
0.00493577
0.00492788
0.00491942
0.00491041
0.00490092
0.00489097
0.00488058
0.00486981
0.00485864
0.00484714
0.00483529
0.00482312
0.00481061
0.00479778
0.00478459
0.00477108
0.00475722
0.00474301
0.00472846
0.00471361
0.00469845
0.00468306
0.00466748
0.00465178
0.004636
0.00462024
0.00460456
0.00458899
0.00457363
0.00455847
0.00454352
0.00452882
0.00451434
0.00450007
0.00448594
0.00447282
0.00446432
0.000953429
0.000953639
0.000953937
0.000954329
0.000954786
0.000955268
0.000955774
0.000956304
0.000956855
0.000957433
0.000958057
0.000958743
0.000959515
0.000960403
0.000961449
0.000962711
0.000964261
0.000966194
0.000968633
0.000971744
0.000975708
0.000980866
0.000987599
0.000996307
0.00100759
0.00102224
0.00104125
0.00106573
0.00109684
0.00113575
0.00118349
0.00124084
0.00130829
0.00138597
0.00147371
0.00157108
0.0016775
0.00179225
0.00191453
0.00204349
0.00217815
0.00231742
0.00246007
0.00260472
0.00274993
0.00289427
0.00303632
0.00317494
0.00330908
0.00343778
0.00356068
0.00367727
0.00378757
0.00389125
0.00398851
0.00407987
0.00416529
0.00424482
0.00431854
0.00438663
0.00444936
0.00450713
0.00456039
0.00460952
0.00465473
0.00469606
0.0047335
0.00476707
0.00479689
0.00482333
0.00484678
0.00486768
0.00488629
0.00490282
0.00491724
0.00492988
0.00494067
0.00494965
0.00495699
0.00496285
0.00496739
0.00497077
0.00497308
0.00497435
0.00497461
0.00497387
0.00497215
0.00496947
0.00496587
0.0049614
0.00495613
0.00495012
0.0049434
0.00493604
0.00492808
0.00491957
0.00491051
0.00490096
0.00489097
0.00488055
0.00486973
0.00485854
0.00484701
0.00483513
0.00482294
0.00481041
0.00479755
0.00478435
0.00477083
0.00475696
0.00474274
0.00472818
0.00471333
0.00469818
0.00468279
0.00466722
0.00465151
0.00463573
0.00461996
0.00460427
0.0045887
0.00457332
0.00455813
0.00454316
0.00452843
0.00451392
0.00449961
0.00448545
0.00447232
0.00446378
0.000915583
0.000915913
0.000916398
0.000916989
0.000917645
0.000918329
0.000919038
0.000919775
0.000920534
0.000921323
0.000922174
0.00092312
0.000924206
0.000925491
0.000927058
0.000929013
0.000931494
0.000934685
0.00093883
0.000944255
0.000951242
0.000960593
0.000973166
0.000989403
0.00101018
0.00103658
0.00106966
0.00111034
0.00115933
0.00121704
0.00128358
0.00135877
0.00144222
0.00153335
0.00163154
0.00173612
0.00184648
0.00196201
0.00208216
0.00220639
0.00233409
0.00246461
0.00259717
0.00273087
0.00286478
0.00299786
0.00312903
0.00325749
0.00338236
0.00350263
0.00361796
0.00372804
0.00383248
0.00393104
0.00402385
0.00411133
0.00419334
0.00426986
0.00434093
0.00440669
0.00446736
0.00452331
0.00457495
0.00462262
0.00466654
0.00470671
0.00474312
0.00477577
0.0048048
0.00483053
0.00485334
0.00487366
0.00489172
0.00490782
0.00492177
0.00493396
0.00494437
0.00495301
0.00496002
0.00496559
0.00496986
0.00497298
0.00497504
0.00497609
0.00497614
0.00497521
0.00497331
0.00497047
0.00496673
0.00496213
0.00495675
0.00495063
0.00494381
0.00493636
0.00492832
0.00491973
0.00491061
0.004901
0.00489095
0.00488048
0.00486961
0.00485838
0.00484681
0.00483489
0.00482267
0.00481011
0.00479723
0.00478402
0.00477047
0.00475659
0.00474237
0.00472781
0.00471296
0.00469781
0.00468242
0.00466685
0.00465114
0.00463536
0.00461958
0.00460388
0.00458829
0.00457289
0.00455767
0.00454267
0.0045279
0.00451335
0.004499
0.0044848
0.00447164
0.00446306
0.000870228
0.000871036
0.000871923
0.000872807
0.000873684
0.00087457
0.000875477
0.000876417
0.000877398
0.000878444
0.000879618
0.000880997
0.000882681
0.000884805
0.000887554
0.00089117
0.00089597
0.000902365
0.000910877
0.000922148
0.000936791
0.000955747
0.000980329
0.00101116
0.00104861
0.0010933
0.00114565
0.00120577
0.00127351
0.00134852
0.00143027
0.00151814
0.00161151
0.00170976
0.00181234
0.00191878
0.00202866
0.00214161
0.00225732
0.00237548
0.0024957
0.00261755
0.00274051
0.00286397
0.00298726
0.00310965
0.00323028
0.00334864
0.00346408
0.00357578
0.00368316
0.00378602
0.00388401
0.00397686
0.00406475
0.00414782
0.00422591
0.00429896
0.00436698
0.00443003
0.00448832
0.00454215
0.00459191
0.00463788
0.00468029
0.00471911
0.00475431
0.0047859
0.004814
0.0048389
0.00486097
0.00488063
0.00489802
0.00491354
0.00492703
0.00493871
0.00494868
0.00495691
0.00496355
0.00496877
0.00497273
0.00497555
0.00497732
0.0049781
0.0049779
0.00497675
0.00497464
0.00497162
0.00496771
0.00496296
0.00495744
0.00495119
0.00494425
0.0049367
0.00492857
0.00491989
0.00491068
0.00490101
0.00489089
0.00488035
0.00486943
0.00485814
0.00484653
0.00483457
0.00482231
0.00480972
0.00479681
0.00478357
0.00477001
0.00475612
0.00474189
0.00472732
0.00471247
0.00469733
0.00468194
0.00466637
0.00465066
0.00463488
0.00461909
0.00460338
0.00458777
0.00457234
0.00455709
0.00454206
0.00452723
0.00451263
0.00449824
0.00448398
0.00447079
0.00446216
0.000815071
0.000816035
0.000817109
0.000818176
0.00081922
0.000820254
0.000821313
0.000822448
0.000823714
0.000825206
0.000827081
0.000829539
0.000832841
0.000837332
0.000843454
0.00085175
0.000862861
0.000877514
0.000896481
0.000920534
0.000950351
0.000986347
0.00102909
0.00107906
0.00113605
0.00119967
0.00126949
0.00134509
0.00142596
0.00151161
0.00160149
0.00169508
0.00179194
0.00189166
0.00199391
0.00209843
0.00220502
0.0023135
0.00242371
0.00253545
0.00264848
0.00276245
0.00287698
0.00299157
0.00310573
0.00321889
0.00333053
0.00343996
0.00354669
0.00365041
0.00375038
0.00384623
0.00393795
0.00402522
0.00410814
0.0041867
0.00426074
0.00433019
0.00439499
0.00445519
0.00451094
0.00456251
0.00461025
0.00465441
0.00469519
0.00473255
0.00476645
0.0047969
0.004824
0.004848
0.00486928
0.0048882
0.00490491
0.00491972
0.00493271
0.00494387
0.00495337
0.00496116
0.0049674
0.00497224
0.00497585
0.00497834
0.0049798
0.00498028
0.00497981
0.0049784
0.00497607
0.00497284
0.00496874
0.00496382
0.00495814
0.00495175
0.00494469
0.00493702
0.00492877
0.00492
0.00491071
0.00490095
0.00489076
0.00488015
0.00486916
0.00485782
0.00484615
0.00483415
0.00482184
0.00480921
0.00479627
0.00478301
0.00476942
0.00475552
0.00474128
0.00472671
0.00471186
0.00469672
0.00468133
0.00466577
0.00465006
0.00463428
0.00461848
0.00460277
0.00458713
0.00457166
0.00455638
0.0045413
0.00452643
0.00451176
0.00449733
0.004483
0.00446976
0.00446108
0.000743072
0.000744402
0.000745747
0.000747015
0.000748237
0.000749471
0.00075085
0.000752566
0.000754849
0.000758012
0.000762469
0.000768716
0.000777356
0.00078908
0.000804621
0.000824705
0.000849981
0.000880971
0.000918022
0.000961291
0.00101076
0.00106618
0.00112711
0.00119345
0.00126503
0.00134113
0.00142118
0.00150476
0.0015915
0.00168105
0.00177305
0.00186722
0.00196329
0.00206107
0.00216037
0.00226111
0.00236322
0.00246661
0.00257122
0.00267693
0.00278353
0.00289072
0.00299818
0.00310546
0.00321216
0.00331782
0.0034221
0.00352422
0.00362368
0.00372051
0.00381407
0.00390396
0.00399014
0.00407239
0.00415071
0.00422506
0.00429529
0.0043613
0.00442302
0.00448045
0.00453373
0.00458308
0.00462882
0.00467118
0.00471033
0.00474621
0.00477881
0.00480811
0.00483419
0.0048573
0.00487777
0.00489595
0.00491202
0.0049261
0.00493849
0.00494917
0.00495818
0.00496551
0.00497134
0.0049758
0.00497904
0.00498119
0.00498232
0.00498249
0.00498174
0.00498006
0.00497749
0.00497404
0.00496974
0.00496464
0.00495879
0.00495225
0.00494505
0.00493726
0.0049289
0.00492002
0.00491063
0.00490078
0.00489051
0.00487983
0.00486878
0.00485737
0.00484564
0.00483359
0.00482124
0.00480857
0.0047956
0.00478231
0.0047687
0.00475478
0.00474053
0.00472597
0.00471111
0.00469598
0.0046806
0.00466504
0.00464933
0.00463356
0.00461776
0.00460202
0.00458635
0.00457085
0.00455553
0.00454039
0.00452547
0.00451073
0.00449625
0.00448185
0.00446856
0.00445983
0.000650015
0.000651088
0.00065215
0.000653271
0.000654724
0.000656808
0.000659946
0.000664656
0.000671575
0.000681435
0.000694931
0.000712715
0.000735433
0.000763599
0.000797513
0.000837256
0.00088271
0.000933601
0.000989553
0.00105016
0.00111501
0.00118366
0.00125575
0.00133107
0.00140943
0.00149049
0.00157394
0.00165951
0.00174701
0.00183621
0.00192689
0.00201892
0.00211218
0.00220657
0.00230201
0.00239851
0.00249605
0.00259461
0.00269418
0.00279466
0.00289586
0.0029975
0.00309927
0.00320076
0.00330163
0.00340142
0.00349982
0.00359621
0.00369016
0.00378161
0.00387005
0.00395515
0.00403682
0.00411488
0.00418932
0.00426008
0.00432702
0.00439004
0.00444903
0.004504
0.00455506
0.00460241
0.00464633
0.00468704
0.00472467
0.00475918
0.00479057
0.0048188
0.00484393
0.00486619
0.00488591
0.00490335
0.00491883
0.00493229
0.00494407
0.00495427
0.0049628
0.0049697
0.00497512
0.00497921
0.0049821
0.00498391
0.00498472
0.00498458
0.00498354
0.0049816
0.00497878
0.00497511
0.00497061
0.00496533
0.00495931
0.00495262
0.00494529
0.00493736
0.00492888
0.0049199
0.00491041
0.00490047
0.00489012
0.00487937
0.00486824
0.00485678
0.00484498
0.00483288
0.00482047
0.00480777
0.00479476
0.00478145
0.00476781
0.00475388
0.00473962
0.00472506
0.00471022
0.00469509
0.00467973
0.00466417
0.00464847
0.0046327
0.00461689
0.00460113
0.00458544
0.0045699
0.00455453
0.00453934
0.00452435
0.00450955
0.00449499
0.00448051
0.00446717
0.00445839
0.000523093
0.000524684
0.000526859
0.000530362
0.000536045
0.000544674
0.000557012
0.000573701
0.000595502
0.000623214
0.00065682
0.000695887
0.000740194
0.000789403
0.000843044
0.000900627
0.000961702
0.00102588
0.00109283
0.00116238
0.00123422
0.00130807
0.00138393
0.00146177
0.00154153
0.00162303
0.00170612
0.00179066
0.00187655
0.00196363
0.00205168
0.00214073
0.00223074
0.00232165
0.00241341
0.00250609
0.00259969
0.00269418
0.00278962
0.00288593
0.00298287
0.00308022
0.00317763
0.00327475
0.00337126
0.00346673
0.00356079
0.00365297
0.00374291
0.00383042
0.0039151
0.00399664
0.00407493
0.00414982
0.00422129
0.00428927
0.00435364
0.00441429
0.00447112
0.00452411
0.00457336
0.00461907
0.00466149
0.00470081
0.00473716
0.00477051
0.00480087
0.00482818
0.0048525
0.00487404
0.00489309
0.00490989
0.00492481
0.00493781
0.00494905
0.0049588
0.00496691
0.00497342
0.00497848
0.00498223
0.0049848
0.00498629
0.0049868
0.00498639
0.00498507
0.00498288
0.00497983
0.00497594
0.00497125
0.0049658
0.00495962
0.00495278
0.00494531
0.00493727
0.00492867
0.00491958
0.00491
0.00489997
0.00488953
0.00487871
0.00486752
0.00485599
0.00484414
0.00483199
0.00481953
0.00480678
0.00479374
0.00478041
0.00476675
0.00475279
0.00473854
0.00472399
0.00470915
0.00469403
0.00467869
0.00466314
0.00464745
0.00463168
0.00461587
0.00460009
0.00458438
0.00456881
0.00455338
0.00453813
0.00452308
0.00450819
0.00449356
0.004479
0.0044656
0.00445676
0.000359859
0.000367324
0.000379328
0.000396406
0.000419193
0.000448069
0.000483037
0.00052366
0.000569496
0.000620052
0.000674529
0.000732138
0.000792261
0.00085447
0.000918489
0.000984181
0.00105148
0.00112033
0.00119068
0.00126273
0.00133611
0.00141052
0.00148637
0.00156374
0.00164261
0.00172286
0.0018044
0.00188712
0.00197106
0.0020559
0.0021414
0.0022278
0.00231508
0.00240317
0.00249206
0.00258185
0.00267249
0.00276393
0.00285634
0.00294961
0.0030435
0.00313778
0.00323211
0.00332615
0.00341963
0.00351213
0.00360328
0.00369265
0.00377988
0.00386479
0.00394699
0.00402618
0.00410223
0.00417501
0.00424448
0.00431059
0.00437321
0.00443223
0.00448755
0.00453917
0.00458717
0.00463171
0.00467304
0.00471135
0.00474675
0.00477924
0.00480882
0.00483545
0.00485917
0.00488017
0.00489868
0.00491507
0.00492951
0.00494211
0.00495298
0.00496238
0.00497015
0.00497635
0.00498112
0.00498458
0.00498689
0.00498812
0.00498837
0.00498771
0.00498616
0.00498374
0.00498048
0.00497641
0.00497154
0.00496593
0.00495961
0.00495264
0.00494505
0.00493689
0.0049282
0.004919
0.00490934
0.00489923
0.00488871
0.00487782
0.00486656
0.00485498
0.00484307
0.00483087
0.00481837
0.00480558
0.00479251
0.00477915
0.00476548
0.00475151
0.00473727
0.00472272
0.00470789
0.00469278
0.00467747
0.00466193
0.00464625
0.0046305
0.00461468
0.0045989
0.00458316
0.00456754
0.00455206
0.00453676
0.00452163
0.00450666
0.00449195
0.0044773
0.00446384
0.00445494
0.000159757
0.000195154
0.000236404
0.000284099
0.000337934
0.000396628
0.000458487
0.000521946
0.000586037
0.000650145
0.000714383
0.000779158
0.000844467
0.000910388
0.000977017
0.00104452
0.00111305
0.00118266
0.00125337
0.0013252
0.00139816
0.00147236
0.00154781
0.00162453
0.00170253
0.00178175
0.00186213
0.00194359
0.00202629
0.00210969
0.00219352
0.00227827
0.00236386
0.00245021
0.00253733
0.00262542
0.00271427
0.00280376
0.00289426
0.00298564
0.00307763
0.00317006
0.0032625
0.00335461
0.00344625
0.003537
0.00362648
0.00371425
0.00379996
0.00388346
0.00396433
0.0040423
0.0041172
0.00418888
0.00425733
0.00432248
0.0043842
0.00444238
0.00449693
0.00454784
0.00459519
0.00463912
0.00467986
0.00471761
0.00475246
0.00478445
0.0048136
0.00483983
0.00486322
0.00488391
0.00490209
0.00491831
0.00493247
0.00494473
0.00495543
0.00496461
0.00497215
0.00497814
0.00498271
0.00498599
0.00498811
0.00498915
0.00498921
0.00498835
0.00498661
0.00498402
0.00498059
0.00497636
0.00497136
0.00496561
0.00495918
0.00495209
0.00494441
0.00493616
0.00492738
0.0049181
0.00490836
0.00489818
0.0048876
0.00487665
0.00486533
0.0048537
0.00484174
0.0048295
0.00481696
0.00480414
0.00479104
0.00477766
0.00476398
0.00475001
0.00473578
0.00472124
0.00470643
0.00469134
0.00467604
0.00466054
0.00464488
0.00462913
0.00461332
0.00459752
0.00458176
0.0045661
0.00455058
0.00453521
0.00452001
0.00450495
0.00449015
0.00447542
0.00446187
0.00445292
6.63922e-05
0.000131693
0.000205164
0.000277791
0.000346614
0.000411516
0.000473806
0.000534687
0.000595059
0.000656295
0.000719048
0.000783368
0.000849002
0.000915771
0.000983635
0.00105255
0.00112241
0.00119316
0.00126485
0.00133725
0.0014108
0.00148595
0.00156221
0.00163949
0.00171786
0.00179727
0.00187773
0.00195916
0.00204146
0.00212449
0.00220832
0.00229286
0.00237805
0.00246388
0.00255041
0.00263798
0.00272616
0.00281483
0.00290454
0.0029951
0.00308624
0.00317792
0.00326953
0.00336071
0.00345153
0.00354156
0.00363045
0.00371767
0.00380286
0.00388595
0.00396652
0.00404428
0.00411899
0.0041905
0.00425885
0.0043239
0.00438554
0.00444367
0.00449818
0.00454907
0.00459641
0.00464032
0.00468102
0.00471869
0.00475345
0.00478535
0.00481443
0.0048406
0.00486398
0.00488465
0.00490287
0.00491907
0.00493313
0.00494529
0.00495599
0.00496509
0.00497255
0.00497846
0.00498296
0.00498616
0.00498818
0.00498912
0.00498907
0.00498809
0.00498623
0.00498351
0.00497997
0.00497563
0.00497052
0.00496469
0.00495816
0.004951
0.00494324
0.00493492
0.00492608
0.00491673
0.00490694
0.0048967
0.00488607
0.00487507
0.00486371
0.00485204
0.00484004
0.00482776
0.00481519
0.00480234
0.00478923
0.00477584
0.00476215
0.00474819
0.00473396
0.00471945
0.00470465
0.0046896
0.00467433
0.00465886
0.00464323
0.00462749
0.00461169
0.00459588
0.0045801
0.0045644
0.00454882
0.0045334
0.00451811
0.00450296
0.00448806
0.00447324
0.00445962
0.0044506
3.05171e-06
1.36221e-05
3.77771e-05
7.83244e-05
0.000135303
0.000205707
0.000284383
0.000366264
0.000447603
0.000526845
0.000604041
0.000679847
0.000754873
0.000829565
0.000904424
0.000979237
0.00105408
0.00112945
0.00120538
0.00128189
0.00135935
0.00143785
0.00151713
0.00159718
0.00167803
0.00175965
0.00184214
0.00192544
0.00200912
0.0020936
0.00217916
0.00226513
0.00235145
0.00243823
0.0025256
0.00261364
0.00270234
0.00279191
0.00288225
0.00297324
0.00306472
0.0031568
0.0032487
0.00334007
0.0034312
0.00352161
0.00361106
0.00369884
0.00378452
0.00386828
0.00394963
0.00402829
0.00410389
0.00417624
0.00424548
0.00431145
0.00437397
0.00443295
0.00448831
0.00454002
0.00458815
0.00463278
0.00467414
0.00471239
0.00474765
0.00477998
0.0048095
0.00483608
0.00485987
0.00488095
0.0048997
0.00491614
0.00493027
0.00494274
0.00495366
0.00496291
0.0049705
0.00497653
0.00498113
0.00498441
0.00498648
0.00498745
0.00498741
0.00498641
0.00498452
0.00498177
0.00497819
0.00497381
0.00496866
0.00496279
0.00495623
0.00494904
0.00494125
0.00493289
0.00492401
0.00491464
0.00490482
0.00489455
0.00488389
0.00487286
0.00486148
0.00484978
0.00483775
0.00482545
0.00481287
0.0048
0.00478688
0.00477348
0.00475981
0.00474586
0.00473165
0.00471717
0.00470241
0.0046874
0.00467217
0.00465674
0.00464114
0.00462543
0.00460965
0.00459384
0.00457804
0.00456231
0.00454667
0.00453118
0.00451581
0.00450056
0.00448557
0.00447064
0.00445693
0.00444784
2.12466e-07
4.16757e-07
1.55735e-06
5.39158e-06
1.52833e-05
3.57656e-05
7.08069e-05
0.000121957
0.000188047
0.000265833
0.000350737
0.000439159
0.000528683
0.000618021
0.000706729
0.000794533
0.000881529
0.000967895
0.00105369
0.0011392
0.0012249
0.00131071
0.00139653
0.00148244
0.00156871
0.0016554
0.00174266
0.00183043
0.00191845
0.00200688
0.00209581
0.00218496
0.0022743
0.00236387
0.00245389
0.00254409
0.00263508
0.00272719
0.0028197
0.00291257
0.00300578
0.00309921
0.00319259
0.00328592
0.00337879
0.00347085
0.0035621
0.00365162
0.00373903
0.00382467
0.003908
0.00398886
0.00406657
0.00414089
0.0042122
0.00428023
0.00434478
0.00440572
0.004463
0.00451657
0.00456647
0.00461279
0.00465571
0.00469539
0.00473196
0.00476539
0.00479602
0.00482371
0.00484849
0.00487071
0.0048904
0.00490743
0.0049222
0.0049354
0.00494689
0.00495662
0.00496465
0.00497108
0.00497605
0.00497965
0.00498199
0.00498319
0.00498334
0.0049825
0.00498073
0.00497809
0.00497459
0.00497029
0.00496521
0.0049594
0.0049529
0.00494575
0.00493799
0.00492967
0.00492082
0.00491147
0.00490166
0.00489141
0.00488076
0.00486974
0.00485837
0.00484667
0.00483465
0.00482235
0.00480977
0.00479691
0.00478379
0.00477041
0.00475677
0.00474285
0.00472867
0.00471423
0.00469953
0.00468458
0.0046694
0.00465403
0.00463848
0.00462281
0.00460706
0.00459126
0.00457546
0.0045597
0.00454402
0.00452845
0.00451301
0.00449766
0.00448257
0.00446753
0.00445374
0.00444456
3.28682e-07
3.02131e-07
2.55476e-07
2.65133e-07
5.05307e-07
1.44234e-06
4.35477e-06
1.18288e-05
2.77171e-05
5.61794e-05
0.000100071
0.00015993
0.000233836
0.000318319
0.000409529
0.000504735
0.000601771
0.000699297
0.000796913
0.000894258
0.000991167
0.00108775
0.00118404
0.00127998
0.00137556
0.00147089
0.00156626
0.00166158
0.00175672
0.00185168
0.00194646
0.00204124
0.00213594
0.00223057
0.00232546
0.00242043
0.00251584
0.00261183
0.00270806
0.00280451
0.00290115
0.00299749
0.00309404
0.00319092
0.00328703
0.00338216
0.00347612
0.0035686
0.00365959
0.00374862
0.00383531
0.00391967
0.00400079
0.00407844
0.00415314
0.00422454
0.00429241
0.0043566
0.00441706
0.00447371
0.00452659
0.00457575
0.00462134
0.00466351
0.0047024
0.00473792
0.00477055
0.00480041
0.00482701
0.00485086
0.00487198
0.00489028
0.00490651
0.00492098
0.00493355
0.00494424
0.00495315
0.00496039
0.0049661
0.00497037
0.00497331
0.00497505
0.00497566
0.00497522
0.00497382
0.00497149
0.00496827
0.00496422
0.00495937
0.00495377
0.00494746
0.00494048
0.00493287
0.00492469
0.00491596
0.00490672
0.00489701
0.00488685
0.00487628
0.00486533
0.00485402
0.00484237
0.0048304
0.00481815
0.00480562
0.00479279
0.00477972
0.00476639
0.00475279
0.00473894
0.00472481
0.00471045
0.00469582
0.00468094
0.00466585
0.00465055
0.00463507
0.00461947
0.00460376
0.00458799
0.00457221
0.00455644
0.00454072
0.00452509
0.00450958
0.00449415
0.00447896
0.00446381
0.00444995
0.00444069
3.31583e-07
3.23239e-07
3.14938e-07
3.04961e-07
2.88724e-07
2.62704e-07
2.61931e-07
4.00746e-07
9.62123e-07
2.74001e-06
7.5441e-06
1.85006e-05
3.96743e-05
7.48098e-05
0.000126008
0.000193063
0.000273586
0.000364208
0.000461795
0.000563535
0.000667289
0.00077255
0.000878521
0.000984515
0.00109037
0.00119599
0.00130148
0.0014065
0.00151104
0.00161543
0.00171924
0.0018225
0.00192522
0.00202752
0.00212978
0.00223172
0.00233359
0.00243553
0.00253761
0.00263972
0.00274174
0.00284343
0.00294514
0.00304674
0.00314756
0.00324736
0.00334557
0.00344271
0.00353889
0.00363283
0.00372431
0.00381311
0.00389895
0.00398194
0.00406168
0.00413793
0.00421055
0.00427943
0.00434447
0.00440561
0.00446284
0.00451619
0.00456577
0.00461172
0.00465416
0.00469331
0.00472911
0.00476185
0.0047912
0.00481736
0.00484083
0.00486153
0.00488005
0.0048965
0.00491083
0.00492312
0.00493352
0.00494213
0.0049491
0.00495452
0.00495853
0.00496121
0.00496268
0.00496301
0.0049623
0.0049606
0.00495795
0.00495441
0.00495003
0.00494486
0.00493894
0.00493231
0.00492503
0.00491714
0.00490868
0.00489968
0.0048902
0.00488023
0.00486985
0.00485906
0.0048479
0.00483639
0.00482455
0.00481241
0.00479998
0.00478727
0.00477429
0.00476105
0.00474756
0.00473379
0.00471978
0.00470551
0.004691
0.00467623
0.00466125
0.00464606
0.00463068
0.00461518
0.00459954
0.00458383
0.00456808
0.00455232
0.0045366
0.00452094
0.00450537
0.00448987
0.0044746
0.00445935
0.00444544
0.00443611
3.30924e-07
3.22692e-07
3.15367e-07
3.08853e-07
3.02985e-07
2.97415e-07
2.91279e-07
2.82527e-07
2.675e-07
2.54242e-07
3.0308e-07
5.68584e-07
1.47248e-06
4.10102e-06
1.06647e-05
2.46118e-05
5.00489e-05
9.04674e-05
0.000147479
0.000220443
0.000306842
0.000403511
0.000507129
0.00061504
0.000725693
0.000838326
0.000951855
0.00106561
0.0011795
0.0012933
0.00140674
0.00151972
0.00163202
0.00174387
0.00185547
0.00196664
0.00207734
0.00218785
0.00229819
0.00240817
0.00251764
0.00262665
0.00273543
0.00284371
0.00295117
0.00305751
0.00316238
0.00326613
0.00336858
0.00346887
0.00356675
0.00366155
0.0037539
0.00384394
0.00393033
0.00401301
0.00409197
0.00416711
0.00423832
0.00430552
0.00436866
0.00442773
0.00448282
0.00453402
0.00458146
0.00462566
0.00466593
0.00470243
0.00473571
0.00476572
0.00479281
0.00481704
0.00483879
0.00485813
0.0048751
0.00488986
0.00490253
0.00491326
0.00492218
0.00492942
0.00493508
0.00493929
0.00494215
0.00494376
0.0049442
0.00494355
0.00494187
0.00493921
0.00493564
0.00493122
0.00492598
0.00491998
0.00491328
0.00490592
0.00489794
0.00488938
0.0048803
0.00487071
0.00486066
0.00485019
0.00483931
0.00482806
0.00481646
0.00480454
0.00479231
0.00477979
0.00476699
0.00475392
0.00474059
0.00472699
0.00471314
0.00469904
0.00468468
0.00467008
0.00465526
0.00464023
0.00462499
0.00460962
0.0045941
0.00457849
0.00456281
0.00454711
0.00453141
0.00451575
0.00450016
0.00448461
0.00446929
0.00445396
0.00444003
0.00443062
3.30637e-07
3.22296e-07
3.14994e-07
3.08552e-07
3.02837e-07
2.97715e-07
2.93141e-07
2.89004e-07
2.85109e-07
2.81136e-07
2.76258e-07
2.68471e-07
2.56307e-07
2.58005e-07
3.50119e-07
7.27893e-07
1.92841e-06
5.24999e-06
1.31611e-05
2.93211e-05
5.79138e-05
0.000102254
0.000163712
0.000241475
0.00033295
0.000435003
0.000544311
0.000658419
0.000775504
0.00089442
0.00101474
0.00113566
0.0012566
0.00137774
0.00149866
0.00161917
0.00173955
0.00185985
0.00197969
0.00209898
0.00221801
0.0023366
0.00245463
0.00257184
0.00268807
0.00280284
0.00291623
0.0030284
0.003139
0.00324747
0.00335357
0.00345687
0.00355772
0.00365588
0.00375042
0.00384123
0.00392828
0.00401144
0.00409057
0.00416555
0.00423632
0.00430284
0.00436513
0.00442328
0.00447735
0.00452772
0.00457394
0.00461623
0.00465505
0.00469042
0.00472255
0.00475155
0.00477769
0.00480109
0.00482183
0.00484011
0.00485608
0.00486988
0.00488166
0.00489155
0.00489967
0.00490616
0.00491112
0.00491466
0.00491688
0.00491787
0.00491769
0.00491643
0.00491414
0.0049109
0.00490675
0.00490176
0.00489598
0.00488948
0.00488229
0.00487446
0.00486604
0.00485706
0.00484758
0.00483763
0.00482723
0.00481642
0.00480523
0.00479369
0.0047818
0.00476961
0.00475711
0.00474433
0.00473127
0.00471793
0.00470434
0.00469047
0.00467636
0.004662
0.00464741
0.00463259
0.00461756
0.00460239
0.00458705
0.0045716
0.00455605
0.00454045
0.00452482
0.00450921
0.00449364
0.00447809
0.00446275
0.0044474
0.00443347
0.004424
3.30521e-07
3.22164e-07
3.14892e-07
3.08475e-07
3.02754e-07
2.97659e-07
2.93087e-07
2.88933e-07
2.8514e-07
2.81665e-07
2.78446e-07
2.75503e-07
2.72626e-07
2.69605e-07
2.65668e-07
2.59088e-07
2.50518e-07
2.6378e-07
3.84354e-07
8.35803e-07
2.22795e-06
5.97599e-06
1.4677e-05
3.21233e-05
6.25329e-05
0.000109271
0.000173703
0.000255045
0.000350543
0.000456878
0.000571213
0.000690668
0.000813608
0.000938865
0.00106549
0.00119334
0.001322
0.00145088
0.00157967
0.00170848
0.00183732
0.00196567
0.00209364
0.00222111
0.00234749
0.00247269
0.00259667
0.00271928
0.00284014
0.00295875
0.00307495
0.00318863
0.00329979
0.00340791
0.00351244
0.00361327
0.00371032
0.0038034
0.00389232
0.00397697
0.00405726
0.00413309
0.00420446
0.00427141
0.00433396
0.00439232
0.00444635
0.00449628
0.00454238
0.00458471
0.00462344
0.00465868
0.00469065
0.00471952
0.00474541
0.00476853
0.00478904
0.0048071
0.00482286
0.00483647
0.00484807
0.0048578
0.00486576
0.0048721
0.0048769
0.0048803
0.00488234
0.00488314
0.00488276
0.00488129
0.00487879
0.00487532
0.00487095
0.00486575
0.00485977
0.00485306
0.00484567
0.00483766
0.00482906
0.00481993
0.00481028
0.00480017
0.00478963
0.00477869
0.00476736
0.00475568
0.00474367
0.00473133
0.00471871
0.00470578
0.00469257
0.00467907
0.00466531
0.00465129
0.00463703
0.00462253
0.00460781
0.00459292
0.00457784
0.00456262
0.00454728
0.00453186
0.00451639
0.00450089
0.00448541
0.00446993
0.00445463
0.00443929
0.00442543
0.00441592
3.30461e-07
3.22098e-07
3.14815e-07
3.084e-07
3.02691e-07
2.97589e-07
2.9298e-07
2.88799e-07
2.84989e-07
2.81513e-07
2.78355e-07
2.75424e-07
2.72677e-07
2.7016e-07
2.67753e-07
2.65508e-07
2.63348e-07
2.60906e-07
2.57635e-07
2.52444e-07
2.46835e-07
2.65737e-07
3.95929e-07
8.68447e-07
2.30539e-06
6.13546e-06
1.4963e-05
3.25725e-05
6.32622e-05
0.000110587
0.00017623
0.000259306
0.000357571
0.000467609
0.000586152
0.000710938
0.000839913
0.0009719
0.00110588
0.00124117
0.00137743
0.00151416
0.00165135
0.00178857
0.00192499
0.00206067
0.00219558
0.00232923
0.00246134
0.00259181
0.00272025
0.00284624
0.00296965
0.00308971
0.0032062
0.0033191
0.00342824
0.00353324
0.00363394
0.00373027
0.00382209
0.00390924
0.00399169
0.00406943
0.00414248
0.00421095
0.00427482
0.00433429
0.00438952
0.00444062
0.00448772
0.00453093
0.00457045
0.00460646
0.00463911
0.00466863
0.00469518
0.00471893
0.00474005
0.0047587
0.00477502
0.00478917
0.00480128
0.00481149
0.00481991
0.00482667
0.00483186
0.00483558
0.00483793
0.004839
0.00483887
0.00483761
0.00483529
0.004832
0.00482779
0.00482273
0.00481688
0.00481029
0.00480302
0.00479511
0.0047866
0.00477756
0.00476799
0.00475797
0.00474749
0.0047366
0.00472533
0.00471368
0.0047017
0.00468938
0.00467674
0.00466379
0.00465056
0.00463705
0.00462326
0.00460921
0.00459493
0.00458044
0.00456574
0.00455088
0.00453586
0.00452072
0.0045055
0.00449022
0.00447492
0.0044596
0.00444443
0.00442918
0.00441546
0.00440594
3.30416e-07
3.22046e-07
3.14779e-07
3.08382e-07
3.02693e-07
2.97587e-07
2.92979e-07
2.88803e-07
2.84996e-07
2.81523e-07
2.78315e-07
2.75328e-07
2.72572e-07
2.69994e-07
2.67585e-07
2.65371e-07
2.63252e-07
2.61234e-07
2.59394e-07
2.57672e-07
2.55913e-07
2.53929e-07
2.51343e-07
2.47415e-07
2.43653e-07
2.61955e-07
3.81959e-07
8.1706e-07
2.14155e-06
5.68505e-06
1.393e-05
3.05476e-05
5.98854e-05
0.000105876
0.000170685
0.00025416
0.000354169
0.000467654
0.000591012
0.000721095
0.000856125
0.00099493
0.00113634
0.00127939
0.00142333
0.00156773
0.00171204
0.00185576
0.00199892
0.00214096
0.00228144
0.00242003
0.00255632
0.00269006
0.00282067
0.00294777
0.00307113
0.00319002
0.00330457
0.00341474
0.00352031
0.0036209
0.00371653
0.00380723
0.00389296
0.00397375
0.00404959
0.00412069
0.00418713
0.00424903
0.00430649
0.00435964
0.00440866
0.00445372
0.00449501
0.00453273
0.00456707
0.0045982
0.0046263
0.00465155
0.0046741
0.00469412
0.00471175
0.00472714
0.00474044
0.00475177
0.00476125
0.00476899
0.00477511
0.0047797
0.00478287
0.00478469
0.00478526
0.00478466
0.00478297
0.00478025
0.0047766
0.00477205
0.00476668
0.00476055
0.00475371
0.0047462
0.00473808
0.00472939
0.00472017
0.00471045
0.00470026
0.00468963
0.00467861
0.00466719
0.0046554
0.00464326
0.00463078
0.00461799
0.00460489
0.00459149
0.00457782
0.00456391
0.00454977
0.0045354
0.00452086
0.00450616
0.00449133
0.0044764
0.00446142
0.00444637
0.00443146
0.00441642
0.00440293
0.00439346
3.30401e-07
3.22007e-07
3.14718e-07
3.08314e-07
3.02647e-07
2.97584e-07
2.93019e-07
2.88875e-07
2.85088e-07
2.81608e-07
2.7838e-07
2.75385e-07
2.72604e-07
2.70006e-07
2.67593e-07
2.65311e-07
2.63143e-07
2.61147e-07
2.59286e-07
2.57477e-07
2.55724e-07
2.54059e-07
2.52545e-07
2.51132e-07
2.4969e-07
2.48112e-07
2.46096e-07
2.43112e-07
2.40195e-07
2.53355e-07
3.47428e-07
6.99804e-07
1.78847e-06
4.76106e-06
1.18532e-05
2.65752e-05
5.33749e-05
9.65522e-05
0.000159007
0.000241485
0.000342265
0.000458246
0.000585623
0.000721102
0.000862509
0.0010082
0.00115618
0.0013056
0.00145628
0.00160728
0.00175826
0.00190826
0.0020567
0.00220337
0.0023476
0.00248897
0.00262711
0.00276183
0.00289254
0.00301885
0.00314039
0.00325651
0.00336756
0.00347355
0.0035743
0.00366969
0.00375979
0.00384479
0.00392471
0.00399963
0.00406967
0.00413495
0.00419564
0.00425191
0.00430392
0.00435189
0.00439601
0.00443646
0.00447343
0.00450709
0.00453763
0.00456521
0.00459001
0.00461217
0.00463186
0.00464922
0.00466438
0.00467747
0.00468863
0.00469795
0.00470558
0.00471158
0.00471608
0.00471917
0.00472094
0.00472148
0.00472086
0.00471917
0.00471647
0.00471283
0.00470833
0.00470301
0.00469693
0.00469016
0.00468273
0.00467468
0.00466607
0.00465691
0.00464726
0.00463714
0.00462657
0.00461558
0.00460419
0.00459243
0.0045803
0.00456782
0.00455503
0.00454194
0.00452856
0.00451494
0.00450108
0.00448702
0.00447277
0.00445838
0.00444389
0.00442928
0.00441479
0.0044001
0.004387
0.00437767
3.3039e-07
3.22011e-07
3.14753e-07
3.08382e-07
3.02717e-07
2.97643e-07
2.93057e-07
2.88887e-07
2.85074e-07
2.81562e-07
2.78322e-07
2.7532e-07
2.72536e-07
2.69948e-07
2.67521e-07
2.65231e-07
2.63091e-07
2.61083e-07
2.59147e-07
2.5729e-07
2.55535e-07
2.53909e-07
2.52388e-07
2.50905e-07
2.49451e-07
2.48036e-07
2.46689e-07
2.45466e-07
2.44306e-07
2.43081e-07
2.41568e-07
2.39411e-07
2.36897e-07
2.435e-07
3.05785e-07
5.58747e-07
1.3709e-06
3.66644e-06
9.35812e-06
2.16893e-05
4.5055e-05
8.42125e-05
0.000142926
0.000222696
0.000322648
0.000440053
0.000570448
0.000710405
0.000856859
0.00100784
0.00116211
0.00131808
0.00147505
0.00163181
0.00178741
0.00194145
0.00209326
0.00224256
0.00238875
0.00253124
0.00266961
0.00280358
0.00293255
0.00305628
0.00317439
0.00328664
0.0033934
0.00349477
0.00359063
0.00368098
0.00376598
0.00384579
0.00392055
0.00399035
0.0040554
0.00411589
0.00417202
0.00422398
0.00427193
0.00431609
0.00435662
0.00439373
0.00442758
0.00445835
0.00448621
0.00451131
0.00453381
0.00455384
0.00457156
0.0045871
0.00460058
0.00461212
0.00462184
0.00462986
0.00463626
0.00464117
0.00464466
0.00464683
0.00464777
0.00464756
0.00464627
0.00464397
0.00464072
0.00463661
0.00463167
0.00462597
0.00461956
0.00461247
0.00460477
0.00459647
0.00458762
0.00457825
0.0045684
0.00455808
0.00454732
0.00453614
0.00452457
0.00451264
0.00450036
0.00448776
0.00447488
0.00446172
0.00444832
0.00443472
0.00442096
0.00440704
0.00439316
0.00437904
0.0043665
0.00435745
3.30378e-07
3.22002e-07
3.14746e-07
3.08375e-07
3.02721e-07
2.97658e-07
2.93086e-07
2.88927e-07
2.85122e-07
2.81623e-07
2.78395e-07
2.75411e-07
2.72633e-07
2.70028e-07
2.67575e-07
2.65273e-07
2.63114e-07
2.61052e-07
2.59093e-07
2.57249e-07
2.55517e-07
2.53878e-07
2.52296e-07
2.5075e-07
2.4926e-07
2.47843e-07
2.46531e-07
2.453e-07
2.44085e-07
2.42888e-07
2.41724e-07
2.40575e-07
2.39459e-07
2.3836e-07
2.37224e-07
2.35826e-07
2.34082e-07
2.36364e-07
2.71298e-07
4.34349e-07
9.89027e-07
2.63158e-06
6.91967e-06
1.66836e-05
3.60982e-05
7.01284e-05
0.000123221
0.000198195
0.000295075
0.000411475
0.000543409
0.000686682
0.000837972
0.000994151
0.00115353
0.00131424
0.001475
0.00163528
0.00179424
0.00195101
0.00210484
0.00225521
0.00240146
0.00254308
0.00267983
0.00281148
0.00293753
0.00305791
0.0031722
0.00328039
0.00338291
0.00347988
0.00357128
0.00365714
0.0037377
0.0038132
0.0038838
0.00394966
0.00401095
0.00406791
0.00412071
0.00416955
0.00421462
0.00425609
0.00429415
0.00432897
0.00436072
0.00438956
0.00441564
0.00443912
0.00446013
0.00447882
0.00449531
0.00450974
0.00452221
0.00453285
0.00454177
0.00454907
0.00455485
0.0045592
0.00456222
0.00456399
0.00456457
0.00456407
0.00456253
0.00456003
0.00455664
0.0045524
0.00454737
0.0045416
0.00453513
0.00452802
0.00452028
0.00451196
0.0045031
0.00449372
0.00448385
0.00447352
0.00446276
0.0044516
0.00444007
0.00442819
0.004416
0.00440352
0.00439081
0.00437787
0.00436491
0.00435164
0.00433992
0.00433134
3.30376e-07
3.21991e-07
3.14731e-07
3.0837e-07
3.02729e-07
2.97679e-07
2.9312e-07
2.88973e-07
2.8518e-07
2.81693e-07
2.78461e-07
2.75457e-07
2.72657e-07
2.7004e-07
2.67588e-07
2.65282e-07
2.63099e-07
2.61032e-07
2.59086e-07
2.5725e-07
2.55501e-07
2.53815e-07
2.52185e-07
2.50627e-07
2.49154e-07
2.47769e-07
2.46448e-07
2.45156e-07
2.43893e-07
2.42654e-07
2.41447e-07
2.40292e-07
2.39228e-07
2.38243e-07
2.37299e-07
2.36361e-07
2.35394e-07
2.34404e-07
2.33377e-07
2.32241e-07
2.30952e-07
2.31208e-07
2.47773e-07
3.41571e-07
6.89267e-07
1.77344e-06
4.75964e-06
1.1967e-05
2.71425e-05
5.52093e-05
0.000101284
0.00016925
0.00026048
0.000373527
0.000504899
0.000649503
0.000803168
0.000962441
0.00112491
0.00128877
0.00145262
0.00161533
0.00177587
0.00193333
0.00208708
0.00223662
0.00238138
0.002521
0.00265532
0.00278409
0.00290697
0.0030239
0.00313455
0.00323901
0.00333774
0.00343097
0.00351874
0.00360108
0.00367826
0.00375055
0.00381813
0.00388117
0.00393984
0.00399435
0.0040449
0.00409169
0.00413488
0.00417464
0.00421115
0.00424456
0.00427505
0.00430276
0.00432784
0.00435044
0.00437067
0.00438869
0.00440461
0.00441855
0.00443062
0.00444094
0.00444961
0.00445673
0.00446238
0.00446667
0.00446966
0.00447145
0.0044721
0.00447169
0.00447028
0.00446793
0.00446469
0.00446063
0.00445578
0.0044502
0.00444392
0.00443699
0.00442944
0.00442131
0.00441264
0.00440345
0.00439379
0.00438368
0.00437315
0.00436225
0.00435102
0.00433947
0.00432782
0.00431576
0.00430522
0.00429742
3.30374e-07
3.21998e-07
3.14745e-07
3.08385e-07
3.02746e-07
2.97696e-07
2.93134e-07
2.88987e-07
2.85189e-07
2.81696e-07
2.78476e-07
2.75489e-07
2.72698e-07
2.70083e-07
2.67627e-07
2.65319e-07
2.63139e-07
2.61079e-07
2.59127e-07
2.57265e-07
2.55481e-07
2.53777e-07
2.5215e-07
2.50607e-07
2.49141e-07
2.47732e-07
2.46363e-07
2.45034e-07
2.43737e-07
2.42486e-07
2.41288e-07
2.40164e-07
2.391e-07
2.38062e-07
2.37027e-07
2.36001e-07
2.35e-07
2.34032e-07
2.33098e-07
2.32178e-07
2.31288e-07
2.30439e-07
2.29664e-07
2.289e-07
2.28102e-07
2.27834e-07
2.34227e-07
2.80361e-07
4.75512e-07
1.12719e-06
3.036e-06
7.95297e-06
1.90062e-05
4.07458e-05
7.85179e-05
0.000137134
0.000219544
0.000325646
0.000452552
0.000595593
0.000749695
0.000910442
0.0010745
0.00123956
0.00140408
0.00156694
0.00172713
0.00188379
0.00203628
0.0021841
0.00232675
0.00246391
0.00259555
0.00272147
0.00284138
0.00295527
0.00306296
0.00316441
0.0032602
0.0033506
0.00343576
0.00351565
0.00359051
0.00366063
0.00372623
0.00378748
0.00384454
0.0038976
0.00394684
0.00399247
0.00403464
0.00407353
0.00410929
0.00414207
0.00417204
0.00419934
0.00422411
0.00424647
0.00426657
0.00428452
0.00430045
0.00431447
0.00432668
0.00433719
0.0043461
0.00435349
0.00435947
0.0043641
0.00436747
0.00436966
0.00437072
0.00437074
0.00436975
0.00436783
0.00436503
0.0043614
0.00435698
0.00435182
0.00434596
0.00433945
0.00433232
0.00432462
0.00431636
0.00430762
0.00429843
0.00428881
0.00427896
0.00426861
0.00425975
0.00425317
3.3037e-07
3.21992e-07
3.14741e-07
3.08379e-07
3.02741e-07
2.97701e-07
2.93151e-07
2.89015e-07
2.85229e-07
2.81737e-07
2.78498e-07
2.75489e-07
2.72695e-07
2.70093e-07
2.67654e-07
2.65351e-07
2.63173e-07
2.61113e-07
2.59156e-07
2.57289e-07
2.55507e-07
2.53808e-07
2.5219e-07
2.50644e-07
2.49155e-07
2.47716e-07
2.46322e-07
2.44972e-07
2.43671e-07
2.42432e-07
2.41253e-07
2.40121e-07
2.39007e-07
2.37911e-07
2.36841e-07
2.358e-07
2.34792e-07
2.33818e-07
2.32862e-07
2.31937e-07
2.31077e-07
2.30274e-07
2.29498e-07
2.28695e-07
2.27877e-07
2.27065e-07
2.2627e-07
2.255e-07
2.24794e-07
2.24429e-07
2.2657e-07
2.45636e-07
3.41591e-07
6.94099e-07
1.79713e-06
4.8419e-06
1.22003e-05
2.77267e-05
5.65351e-05
0.000104039
0.000174455
0.000269412
0.00038739
0.000524305
0.000674845
0.000833822
0.000997006
0.00116138
0.00132502
0.00148667
0.00164536
0.0018003
0.00195089
0.00209662
0.002237
0.00237176
0.00250091
0.00262439
0.00274193
0.00285353
0.00295922
0.00305859
0.00315239
0.00324093
0.00332441
0.00340288
0.00347646
0.0035454
0.00360996
0.00367033
0.00372668
0.00377915
0.00382793
0.0038732
0.00391514
0.0039539
0.00398963
0.00402249
0.00405261
0.00408013
0.00410521
0.00412795
0.00414848
0.00416692
0.00418338
0.00419798
0.00421081
0.00422196
0.00423154
0.00423962
0.00424631
0.00425165
0.00425574
0.00425865
0.00426043
0.00426117
0.0042609
0.00425968
0.00425757
0.00425462
0.00425089
0.0042464
0.00424121
0.00423537
0.00422894
0.00422193
0.00421454
0.00420654
0.00420004
0.00419521
3.3037e-07
3.21975e-07
3.14712e-07
3.08351e-07
3.02719e-07
2.97682e-07
2.93141e-07
2.89022e-07
2.85266e-07
2.81824e-07
2.78648e-07
2.75693e-07
2.72923e-07
2.70313e-07
2.67852e-07
2.65532e-07
2.63342e-07
2.61266e-07
2.59294e-07
2.57416e-07
2.55624e-07
2.53915e-07
2.52279e-07
2.50708e-07
2.49193e-07
2.47732e-07
2.46327e-07
2.44976e-07
2.43684e-07
2.42447e-07
2.41246e-07
2.40074e-07
2.3893e-07
2.37818e-07
2.36738e-07
2.35692e-07
2.34673e-07
2.3368e-07
2.32718e-07
2.31812e-07
2.30951e-07
2.30101e-07
2.29244e-07
2.28391e-07
2.27551e-07
2.26733e-07
2.25937e-07
2.25167e-07
2.24421e-07
2.23698e-07
2.22997e-07
2.22299e-07
2.21704e-07
2.21369e-07
2.22015e-07
2.28735e-07
2.6831e-07
4.35155e-07
1.00071e-06
2.67818e-06
7.05437e-06
1.70261e-05
3.69307e-05
7.20592e-05
0.000127493
0.000206611
0.000309935
0.000434929
0.000576864
0.000730207
0.000889836
0.00105176
0.0012133
0.00137281
0.00152927
0.00168193
0.00183029
0.0019739
0.00211226
0.00224506
0.00237221
0.00249394
0.00260988
0.00272004
0.00282451
0.00292301
0.00301583
0.00310346
0.00318617
0.00326414
0.00333737
0.00340605
0.00347044
0.00353075
0.00358717
0.00363986
0.00368895
0.00373462
0.00377702
0.00381634
0.00385272
0.00388628
0.00391717
0.00394552
0.00397147
0.00399512
0.00401661
0.00403604
0.00405352
0.00406914
0.00408301
0.00409522
0.00410586
0.00411501
0.00412274
0.00412915
0.00413429
0.00413822
0.00414103
0.00414276
0.00414348
0.00414324
0.0041421
0.00414011
0.00413734
0.00413383
0.00412974
0.00412488
0.0041213
0.00411883
3.30371e-07
3.21984e-07
3.14723e-07
3.08363e-07
3.02731e-07
2.97699e-07
2.93165e-07
2.89045e-07
2.85271e-07
2.81792e-07
2.78568e-07
2.75575e-07
2.72792e-07
2.70198e-07
2.67766e-07
2.65475e-07
2.63307e-07
2.61246e-07
2.59278e-07
2.57402e-07
2.55614e-07
2.53908e-07
2.52272e-07
2.507e-07
2.49191e-07
2.47739e-07
2.46341e-07
2.44997e-07
2.43704e-07
2.42449e-07
2.41229e-07
2.40044e-07
2.38892e-07
2.37775e-07
2.36686e-07
2.35627e-07
2.34601e-07
2.33609e-07
2.3266e-07
2.31747e-07
2.30839e-07
2.2994e-07
2.29057e-07
2.28192e-07
2.27347e-07
2.26524e-07
2.25724e-07
2.24945e-07
2.24186e-07
2.23446e-07
2.22703e-07
2.21979e-07
2.21312e-07
2.20649e-07
2.19981e-07
2.19326e-07
2.18713e-07
2.18238e-07
2.18282e-07
2.20547e-07
2.34204e-07
2.99904e-07
5.47952e-07
1.34033e-06
3.57409e-06
9.10671e-06
2.11079e-05
4.40379e-05
8.30217e-05
0.000142662
0.000225671
0.000331941
0.000458533
0.000600582
0.000752591
0.000909567
0.0010677
0.00122448
0.00137842
0.00152866
0.00167471
0.00181632
0.00195304
0.00208448
0.00221044
0.00233107
0.00244623
0.0025558
0.00265987
0.00275854
0.0028514
0.00293904
0.00302185
0.00310004
0.00317379
0.00324309
0.00330816
0.0033692
0.00342643
0.00348004
0.00353015
0.00357691
0.00362047
0.00366098
0.00369861
0.00373347
0.00376571
0.00379544
0.00382278
0.00384786
0.00387078
0.00389165
0.00391058
0.00392765
0.00394297
0.00395662
0.00396869
0.00397925
0.00398838
0.00399616
0.00400266
0.00400794
0.00401207
0.0040151
0.00401713
0.00401819
0.00401845
0.00401774
0.00401775
0.00401839
3.30369e-07
3.21992e-07
3.14742e-07
3.08386e-07
3.02754e-07
2.97714e-07
2.93167e-07
2.89038e-07
2.85263e-07
2.81797e-07
2.78598e-07
2.75627e-07
2.72851e-07
2.70245e-07
2.67789e-07
2.65468e-07
2.63273e-07
2.61197e-07
2.59236e-07
2.57375e-07
2.55599e-07
2.53899e-07
2.52271e-07
2.50708e-07
2.49203e-07
2.47754e-07
2.46362e-07
2.45019e-07
2.43718e-07
2.42456e-07
2.41231e-07
2.40041e-07
2.38885e-07
2.3776e-07
2.36671e-07
2.35615e-07
2.34594e-07
2.33609e-07
2.32652e-07
2.31708e-07
2.30777e-07
2.29864e-07
2.2897e-07
2.28097e-07
2.27244e-07
2.26412e-07
2.25601e-07
2.2481e-07
2.24037e-07
2.23269e-07
2.22513e-07
2.21804e-07
2.21115e-07
2.20422e-07
2.19732e-07
2.19048e-07
2.18375e-07
2.17716e-07
2.17071e-07
2.16444e-07
2.15847e-07
2.15327e-07
2.15065e-07
2.15716e-07
2.19986e-07
2.40659e-07
3.28116e-07
6.3504e-07
1.57046e-06
4.09807e-06
1.01178e-05
2.27426e-05
4.62155e-05
8.52993e-05
0.000144202
0.000225381
0.000328726
0.000451529
0.000589227
0.000736547
0.000888596
0.00104157
0.00119286
0.00134093
0.00148502
0.00162482
0.00176012
0.00189062
0.00201605
0.00213624
0.00225144
0.0023613
0.0024658
0.00256506
0.00265923
0.00274788
0.00283165
0.00291088
0.00298577
0.00305648
0.00312302
0.00318558
0.00324435
0.00329955
0.00335132
0.00339983
0.00344518
0.00348752
0.00352697
0.00356368
0.00359778
0.0036294
0.00365864
0.00368561
0.00371043
0.00373318
0.00375397
0.0037729
0.00379005
0.00380552
0.00381937
0.00383169
0.00384257
0.00385207
0.00386026
0.00386723
0.00387312
0.00387781
0.00388263
0.00388739
3.30369e-07
3.21985e-07
3.14732e-07
3.0838e-07
3.02756e-07
2.97728e-07
2.93196e-07
2.8908e-07
2.85317e-07
2.81854e-07
2.78648e-07
2.75668e-07
2.72891e-07
2.70298e-07
2.67867e-07
2.6558e-07
2.63421e-07
2.61371e-07
2.59417e-07
2.57551e-07
2.55766e-07
2.54054e-07
2.52407e-07
2.50823e-07
2.49304e-07
2.47847e-07
2.46442e-07
2.45084e-07
2.4377e-07
2.42498e-07
2.41265e-07
2.40068e-07
2.38911e-07
2.37789e-07
2.36701e-07
2.35647e-07
2.34624e-07
2.33624e-07
2.32643e-07
2.3168e-07
2.30736e-07
2.29814e-07
2.28914e-07
2.28036e-07
2.2718e-07
2.26343e-07
2.25526e-07
2.24727e-07
2.23937e-07
2.2316e-07
2.22419e-07
2.21708e-07
2.20993e-07
2.20277e-07
2.19566e-07
2.18866e-07
2.18179e-07
2.17505e-07
2.16844e-07
2.16196e-07
2.1556e-07
2.14935e-07
2.14321e-07
2.13719e-07
2.13135e-07
2.12588e-07
2.12152e-07
2.12084e-07
2.13259e-07
2.18917e-07
2.42626e-07
3.34212e-07
6.40207e-07
1.5419e-06
3.91275e-06
9.44307e-06
2.08813e-05
4.19893e-05
7.70686e-05
0.000130091
0.000203676
0.000298301
0.000412072
0.000541174
0.00068079
0.000826129
0.000973157
0.00111893
0.00126159
0.0014002
0.00153451
0.00166434
0.00178953
0.00190995
0.00202547
0.00213636
0.00224218
0.00234289
0.00243862
0.00252951
0.00261523
0.0026963
0.00277306
0.00284573
0.00291446
0.00297932
0.00304039
0.00309786
0.00315191
0.00320272
0.00325042
0.00329516
0.00333702
0.00337613
0.00341262
0.0034466
0.0034782
0.00350753
0.00353467
0.00355974
0.00358281
0.00360399
0.00362336
0.00364102
0.00365704
0.00367151
0.00368457
0.00369615
0.0037073
0.00371747
3.30369e-07
3.21983e-07
3.14726e-07
3.08368e-07
3.02737e-07
2.97704e-07
2.93167e-07
2.89049e-07
2.85285e-07
2.81824e-07
2.78628e-07
2.75661e-07
2.72891e-07
2.70295e-07
2.67854e-07
2.65551e-07
2.6337e-07
2.613e-07
2.59331e-07
2.57452e-07
2.55659e-07
2.53947e-07
2.52316e-07
2.50756e-07
2.49258e-07
2.47814e-07
2.4642e-07
2.45071e-07
2.43764e-07
2.42498e-07
2.41273e-07
2.40086e-07
2.38933e-07
2.37814e-07
2.36727e-07
2.35669e-07
2.34635e-07
2.33623e-07
2.32634e-07
2.31668e-07
2.30723e-07
2.29801e-07
2.28901e-07
2.28022e-07
2.27162e-07
2.2632e-07
2.25497e-07
2.24685e-07
2.23888e-07
2.23121e-07
2.22378e-07
2.21636e-07
2.20897e-07
2.20166e-07
2.19446e-07
2.1874e-07
2.18046e-07
2.17367e-07
2.16699e-07
2.16044e-07
2.15399e-07
2.14764e-07
2.1414e-07
2.13523e-07
2.12915e-07
2.12315e-07
2.11723e-07
2.11139e-07
2.10567e-07
2.10012e-07
2.09501e-07
2.09116e-07
2.09137e-07
2.10445e-07
2.15958e-07
2.36497e-07
3.10225e-07
5.4896e-07
1.24004e-06
3.04106e-06
7.24374e-06
1.60066e-05
3.24046e-05
6.01621e-05
0.000103044
0.000164036
0.000244563
0.000344027
0.000459871
0.000588136
0.000724344
0.000864242
0.00100435
0.00114221
0.00127638
0.00140629
0.00153172
0.00165261
0.00176896
0.00188077
0.0019883
0.00209121
0.00218934
0.00228273
0.0023715
0.00245555
0.00253498
0.00261026
0.00268166
0.00274933
0.0028134
0.0028739
0.00293092
0.00298464
0.00303522
0.00308283
0.00312761
0.00316965
0.00320905
0.00324592
0.00328035
0.00331246
0.00334236
0.00337016
0.00339594
0.0034198
0.00344185
0.00346208
0.00348127
0.00349843
3.30369e-07
3.21986e-07
3.14733e-07
3.08381e-07
3.02758e-07
2.97732e-07
2.93203e-07
2.89089e-07
2.8533e-07
2.81874e-07
2.78679e-07
2.75711e-07
2.72943e-07
2.7035e-07
2.67909e-07
2.65607e-07
2.63431e-07
2.61373e-07
2.59422e-07
2.57567e-07
2.55798e-07
2.54104e-07
2.52475e-07
2.50906e-07
2.49393e-07
2.47933e-07
2.46525e-07
2.45166e-07
2.43852e-07
2.42581e-07
2.41347e-07
2.40149e-07
2.38989e-07
2.37864e-07
2.36769e-07
2.357e-07
2.34659e-07
2.33642e-07
2.32651e-07
2.31683e-07
2.30739e-07
2.29816e-07
2.28914e-07
2.28032e-07
2.27169e-07
2.26321e-07
2.25489e-07
2.24674e-07
2.23883e-07
2.23113e-07
2.22349e-07
2.21591e-07
2.20843e-07
2.20107e-07
2.19384e-07
2.18674e-07
2.17977e-07
2.17292e-07
2.16618e-07
2.15956e-07
2.15305e-07
2.14663e-07
2.1403e-07
2.13406e-07
2.12791e-07
2.12183e-07
2.11583e-07
2.1099e-07
2.10405e-07
2.09828e-07
2.09258e-07
2.08695e-07
2.0814e-07
2.07596e-07
2.0707e-07
2.06584e-07
2.06208e-07
2.06167e-07
2.07138e-07
2.11132e-07
2.24665e-07
2.69672e-07
4.11977e-07
8.22907e-07
1.90319e-06
4.47679e-06
1.00054e-05
2.07259e-05
3.95947e-05
6.99654e-05
0.000115029
0.000177136
0.000257196
0.000354371
0.000466189
0.000589055
0.000718908
0.000851868
0.000984722
0.00111517
0.00124193
0.00136435
0.00148221
0.00159556
0.00170453
0.00180942
0.00191024
0.00200674
0.00209886
0.00218662
0.0022701
0.00234901
0.00242375
0.0024947
0.00256207
0.00262603
0.00268669
0.00274405
0.00279821
0.00284929
0.00289746
0.00294285
0.00298559
0.0030258
0.00306356
0.00309897
0.00313212
0.00316304
0.00319225
0.00321826
3.30369e-07
3.2199e-07
3.1474e-07
3.08388e-07
3.0276e-07
2.97728e-07
2.93191e-07
2.8907e-07
2.85302e-07
2.81838e-07
2.78636e-07
2.75663e-07
2.72891e-07
2.70298e-07
2.67863e-07
2.65569e-07
2.63399e-07
2.61341e-07
2.59383e-07
2.57516e-07
2.55732e-07
2.54027e-07
2.52396e-07
2.5083e-07
2.49324e-07
2.47873e-07
2.46472e-07
2.45116e-07
2.43805e-07
2.42537e-07
2.41315e-07
2.40133e-07
2.38983e-07
2.37864e-07
2.36774e-07
2.3571e-07
2.34672e-07
2.33659e-07
2.3267e-07
2.31704e-07
2.3076e-07
2.29837e-07
2.28934e-07
2.2805e-07
2.27181e-07
2.26331e-07
2.255e-07
2.24689e-07
2.23896e-07
2.23111e-07
2.22335e-07
2.21571e-07
2.2082e-07
2.20081e-07
2.19357e-07
2.18645e-07
2.17946e-07
2.17258e-07
2.16582e-07
2.15916e-07
2.1526e-07
2.14615e-07
2.13978e-07
2.13351e-07
2.12732e-07
2.12122e-07
2.1152e-07
2.10927e-07
2.10343e-07
2.09767e-07
2.09199e-07
2.08641e-07
2.08091e-07
2.0755e-07
2.07018e-07
2.06496e-07
2.05984e-07
2.05483e-07
2.04994e-07
2.04524e-07
2.04087e-07
2.03728e-07
2.03583e-07
2.04045e-07
2.06209e-07
2.13172e-07
2.34362e-07
2.98467e-07
4.83849e-07
9.81153e-07
2.20833e-06
4.97355e-06
1.06412e-05
2.12243e-05
3.93209e-05
6.78482e-05
0.000109594
0.000166675
0.000240047
0.00032922
0.0004323
0.000546298
0.000667638
0.000792723
0.000918407
0.00104233
0.00116295
0.00127937
0.00139127
0.00149867
0.00160177
0.00170108
0.00179652
0.00188802
0.00197554
0.00205908
0.00213869
0.00221402
0.00228544
0.00235328
0.00241775
0.00247904
0.00253726
0.00259247
0.0026447
0.00269406
0.00274067
0.00278456
0.00282605
0.00286312
3.30369e-07
3.21986e-07
3.14731e-07
3.08376e-07
3.02748e-07
2.97718e-07
2.93184e-07
2.89068e-07
2.85307e-07
2.8185e-07
2.78656e-07
2.7569e-07
2.72926e-07
2.7034e-07
2.67911e-07
2.65622e-07
2.63456e-07
2.61401e-07
2.59445e-07
2.5758e-07
2.55797e-07
2.54092e-07
2.52455e-07
2.50882e-07
2.49371e-07
2.4792e-07
2.46526e-07
2.45183e-07
2.43887e-07
2.42631e-07
2.41409e-07
2.40219e-07
2.39061e-07
2.37933e-07
2.36834e-07
2.35764e-07
2.3472e-07
2.33703e-07
2.3271e-07
2.31742e-07
2.30795e-07
2.29868e-07
2.28961e-07
2.28075e-07
2.27208e-07
2.26359e-07
2.25528e-07
2.24714e-07
2.23912e-07
2.23123e-07
2.22346e-07
2.21582e-07
2.20831e-07
2.20094e-07
2.19369e-07
2.18658e-07
2.17959e-07
2.17272e-07
2.16597e-07
2.15934e-07
2.15283e-07
2.14643e-07
2.14014e-07
2.13397e-07
2.12792e-07
2.12199e-07
2.11618e-07
2.1105e-07
2.10496e-07
2.09955e-07
2.09429e-07
2.08919e-07
2.08425e-07
2.07948e-07
2.0749e-07
2.07052e-07
2.06635e-07
2.06241e-07
2.05869e-07
2.05523e-07
2.05204e-07
2.04913e-07
2.04653e-07
2.04426e-07
2.04238e-07
2.04096e-07
2.04025e-07
2.04085e-07
2.04449e-07
2.05586e-07
2.08717e-07
2.17098e-07
2.39894e-07
3.03092e-07
4.7448e-07
9.13408e-07
1.95923e-06
4.25676e-06
8.88903e-06
1.74652e-05
3.21032e-05
5.52651e-05
8.94424e-05
0.000136745
0.000198486
0.000274876
0.000364912
0.000466486
0.000576713
0.00069237
0.000810349
0.000928074
0.00104356
0.00115549
0.00126315
0.00136635
0.0014652
0.00156024
0.00165154
0.00173914
0.00182312
0.00190352
0.00198034
0.00205335
0.00212262
0.00218841
0.00225093
0.00231029
0.00236665
0.00241746
3.30369e-07
3.21982e-07
3.14726e-07
3.08373e-07
3.02751e-07
2.97729e-07
2.93205e-07
2.891e-07
2.8535e-07
2.81902e-07
2.78715e-07
2.75755e-07
2.72993e-07
2.70404e-07
2.67969e-07
2.65671e-07
2.63498e-07
2.61441e-07
2.59488e-07
2.57631e-07
2.55859e-07
2.54164e-07
2.5254e-07
2.5098e-07
2.49477e-07
2.48026e-07
2.46623e-07
2.45265e-07
2.43949e-07
2.42674e-07
2.41438e-07
2.4024e-07
2.39076e-07
2.37946e-07
2.36848e-07
2.35779e-07
2.34738e-07
2.33723e-07
2.32732e-07
2.31765e-07
2.30821e-07
2.29899e-07
2.28997e-07
2.28113e-07
2.27247e-07
2.26401e-07
2.25572e-07
2.24759e-07
2.2396e-07
2.23176e-07
2.22408e-07
2.21655e-07
2.20918e-07
2.20198e-07
2.19496e-07
2.18809e-07
2.1814e-07
2.17489e-07
2.16856e-07
2.16242e-07
2.15649e-07
2.15077e-07
2.14529e-07
2.14005e-07
2.13507e-07
2.13039e-07
2.12601e-07
2.12198e-07
2.1183e-07
2.11502e-07
2.11216e-07
2.10976e-07
2.10785e-07
2.10647e-07
2.10567e-07
2.10547e-07
2.10594e-07
2.1071e-07
2.109e-07
2.11169e-07
2.11522e-07
2.11963e-07
2.12497e-07
2.1313e-07
2.13866e-07
2.14711e-07
2.15669e-07
2.16745e-07
2.17946e-07
2.19276e-07
2.20744e-07
2.22362e-07
2.24155e-07
2.26181e-07
2.2859e-07
2.31768e-07
2.36664e-07
2.45643e-07
2.64886e-07
3.11107e-07
4.27562e-07
7.158e-07
1.39218e-06
2.87472e-06
5.88782e-06
1.15544e-05
2.14337e-05
3.74636e-05
6.17889e-05
9.6487e-05
0.00014324
0.00020303
0.00027591
0.000360927
0.000456216
0.000559265
0.000667264
0.000777524
0.000887658
0.000995771
0.00110055
0.00120127
0.00129766
0.00138997
0.00147843
0.00156315
0.00164433
0.00172206
0.00179646
0.00186467
3.30369e-07
3.21989e-07
3.14737e-07
3.08382e-07
3.02752e-07
2.97719e-07
2.9318e-07
2.89059e-07
2.85292e-07
2.81829e-07
2.7863e-07
2.75661e-07
2.72894e-07
2.70306e-07
2.67876e-07
2.65588e-07
2.63425e-07
2.61373e-07
2.59421e-07
2.57561e-07
2.55785e-07
2.54085e-07
2.52457e-07
2.50894e-07
2.49391e-07
2.47945e-07
2.4655e-07
2.45202e-07
2.439e-07
2.42639e-07
2.41417e-07
2.40232e-07
2.39081e-07
2.37962e-07
2.36875e-07
2.35816e-07
2.34787e-07
2.33784e-07
2.32807e-07
2.31853e-07
2.30919e-07
2.3001e-07
2.29125e-07
2.28269e-07
2.2744e-07
2.26634e-07
2.25852e-07
2.25095e-07
2.24364e-07
2.23662e-07
2.22991e-07
2.22353e-07
2.21752e-07
2.21191e-07
2.20671e-07
2.20198e-07
2.19776e-07
2.19409e-07
2.19103e-07
2.18863e-07
2.18695e-07
2.18607e-07
2.18607e-07
2.18701e-07
2.18899e-07
2.19209e-07
2.19641e-07
2.20205e-07
2.20911e-07
2.2177e-07
2.22793e-07
2.23992e-07
2.25378e-07
2.26964e-07
2.28763e-07
2.30787e-07
2.33048e-07
2.35559e-07
2.38334e-07
2.41385e-07
2.44724e-07
2.48366e-07
2.52321e-07
2.56603e-07
2.61223e-07
2.66194e-07
2.71528e-07
2.77235e-07
2.83326e-07
2.89811e-07
2.96701e-07
3.04005e-07
3.11732e-07
3.1989e-07
3.28487e-07
3.3753e-07
3.47029e-07
3.56993e-07
3.67438e-07
3.78398e-07
3.89956e-07
4.02308e-07
4.15924e-07
4.31904e-07
4.52936e-07
4.86076e-07
5.5038e-07
6.9417e-07
1.02563e-06
1.7603e-06
3.29036e-06
6.26679e-06
1.16684e-05
2.0827e-05
3.53805e-05
5.71423e-05
8.78946e-05
0.000129144
0.000181872
0.000246334
0.000321963
0.000407404
0.000500675
0.000599448
0.000701304
0.00080395
0.000905452
0.00100435
0.00109978
0.00118901
3.30369e-07
3.21987e-07
3.14736e-07
3.08384e-07
3.0276e-07
2.97733e-07
2.93203e-07
2.8909e-07
2.85332e-07
2.81878e-07
2.78686e-07
2.75723e-07
2.72961e-07
2.70375e-07
2.67945e-07
2.65655e-07
2.6349e-07
2.61438e-07
2.59489e-07
2.57632e-07
2.5586e-07
2.54165e-07
2.52542e-07
2.50984e-07
2.49488e-07
2.4805e-07
2.46667e-07
2.45335e-07
2.44051e-07
2.42812e-07
2.41617e-07
2.40467e-07
2.39359e-07
2.38296e-07
2.37277e-07
2.36304e-07
2.35376e-07
2.34499e-07
2.33677e-07
2.32914e-07
2.32215e-07
2.3158e-07
2.31013e-07
2.30519e-07
2.30105e-07
2.2978e-07
2.29554e-07
2.29438e-07
2.29445e-07
2.29587e-07
2.29879e-07
2.30335e-07
2.30972e-07
2.31807e-07
2.32859e-07
2.34148e-07
2.35697e-07
2.37527e-07
2.39665e-07
2.42135e-07
2.44966e-07
2.48186e-07
2.51824e-07
2.55913e-07
2.60485e-07
2.65573e-07
2.71211e-07
2.77434e-07
2.84277e-07
2.91778e-07
2.99971e-07
3.08894e-07
3.18583e-07
3.29073e-07
3.40401e-07
3.526e-07
3.65704e-07
3.79745e-07
3.94753e-07
4.10756e-07
4.27782e-07
4.45855e-07
4.64995e-07
4.85224e-07
5.06558e-07
5.2901e-07
5.52593e-07
5.77314e-07
6.0318e-07
6.30192e-07
6.58351e-07
6.87654e-07
7.18095e-07
7.49666e-07
7.82357e-07
8.16153e-07
8.51041e-07
8.87002e-07
9.24017e-07
9.62066e-07
1.00113e-06
1.04117e-06
1.08218e-06
1.12412e-06
1.16698e-06
1.21072e-06
1.25533e-06
1.30083e-06
1.34728e-06
1.39487e-06
1.44409e-06
1.49618e-06
1.55482e-06
1.63116e-06
1.7576e-06
2.01661e-06
2.58138e-06
3.75798e-06
6.03631e-06
1.01495e-05
1.71113e-05
2.82035e-05
4.49022e-05
6.87455e-05
0.000101157
0.000143249
0.000195645
0.00025837
0.00033086
0.000410865
3.3037e-07
3.21983e-07
3.14726e-07
3.08371e-07
3.02748e-07
2.97725e-07
2.93201e-07
2.89097e-07
2.8535e-07
2.81909e-07
2.78734e-07
2.75789e-07
2.7305e-07
2.70493e-07
2.681e-07
2.65856e-07
2.63751e-07
2.61774e-07
2.59918e-07
2.58178e-07
2.5655e-07
2.55033e-07
2.53626e-07
2.5233e-07
2.51147e-07
2.50083e-07
2.49144e-07
2.48346e-07
2.47699e-07
2.47211e-07
2.46891e-07
2.46755e-07
2.46817e-07
2.47097e-07
2.47618e-07
2.48404e-07
2.49479e-07
2.50852e-07
2.52562e-07
2.54649e-07
2.57151e-07
2.60108e-07
2.63568e-07
2.67581e-07
2.72202e-07
2.77483e-07
2.83485e-07
2.9027e-07
2.97904e-07
3.06457e-07
3.16004e-07
3.26624e-07
3.38402e-07
3.51424e-07
3.65782e-07
3.81571e-07
3.9889e-07
4.1784e-07
4.38523e-07
4.61044e-07
4.85507e-07
5.12016e-07
5.40676e-07
5.71586e-07
6.04844e-07
6.40542e-07
6.78768e-07
7.19601e-07
7.63115e-07
8.09373e-07
8.5843e-07
9.10331e-07
9.6511e-07
1.02279e-06
1.08339e-06
1.1469e-06
1.21331e-06
1.28261e-06
1.35475e-06
1.42969e-06
1.50738e-06
1.58775e-06
1.67073e-06
1.75624e-06
1.84419e-06
1.93449e-06
2.02703e-06
2.12171e-06
2.21843e-06
2.31707e-06
2.41752e-06
2.51966e-06
2.62337e-06
2.72854e-06
2.83505e-06
2.94279e-06
3.05164e-06
3.16148e-06
3.27221e-06
3.38371e-06
3.49588e-06
3.60862e-06
3.72181e-06
3.83537e-06
3.94921e-06
4.06322e-06
4.17732e-06
4.29144e-06
4.40548e-06
4.51936e-06
4.633e-06
4.74633e-06
4.85928e-06
4.97178e-06
5.08373e-06
5.19503e-06
5.30557e-06
5.41515e-06
5.52359e-06
5.63088e-06
5.73855e-06
5.85401e-06
6.00368e-06
6.26542e-06
6.82426e-06
8.02244e-06
1.03734e-05
1.45711e-05
2.15178e-05
3.2251e-05
3.30483e-07
3.22281e-07
3.15292e-07
3.09305e-07
3.04167e-07
2.99772e-07
2.96042e-07
2.92925e-07
2.90389e-07
2.88413e-07
2.86992e-07
2.86127e-07
2.85832e-07
2.86125e-07
2.87035e-07
2.88595e-07
2.90847e-07
2.93836e-07
2.97619e-07
3.02258e-07
3.07821e-07
3.14386e-07
3.2204e-07
3.30879e-07
3.41008e-07
3.52546e-07
3.6558e-07
3.80107e-07
3.96336e-07
4.14465e-07
4.34667e-07
4.57113e-07
4.81987e-07
5.09482e-07
5.39804e-07
5.73168e-07
6.09797e-07
6.49929e-07
6.93835e-07
7.41788e-07
7.94045e-07
8.50851e-07
9.12444e-07
9.79068e-07
1.05096e-06
1.12836e-06
1.2115e-06
1.3006e-06
1.39587e-06
1.49751e-06
1.60568e-06
1.72054e-06
1.84221e-06
1.97079e-06
2.10635e-06
2.24894e-06
2.39856e-06
2.55517e-06
2.71872e-06
2.88911e-06
3.0662e-06
3.24984e-06
3.43981e-06
3.6359e-06
3.83783e-06
4.04531e-06
4.25804e-06
4.47566e-06
4.69782e-06
4.92413e-06
5.1542e-06
5.38762e-06
5.62399e-06
5.86289e-06
6.1039e-06
6.34659e-06
6.59055e-06
6.83538e-06
7.08067e-06
7.32603e-06
7.57109e-06
7.81549e-06
8.05888e-06
8.30093e-06
8.54134e-06
8.77981e-06
9.01608e-06
9.24989e-06
9.48101e-06
9.70923e-06
9.93435e-06
1.01562e-05
1.03746e-05
1.05895e-05
1.08006e-05
1.10079e-05
1.12113e-05
1.14107e-05
1.1606e-05
1.17971e-05
1.19841e-05
1.21669e-05
1.23454e-05
1.25196e-05
1.26896e-05
1.28552e-05
1.30166e-05
1.31736e-05
1.33264e-05
1.34749e-05
1.36192e-05
1.37592e-05
1.38951e-05
1.40268e-05
1.41543e-05
1.42778e-05
1.43971e-05
1.45125e-05
1.46238e-05
1.47312e-05
1.48346e-05
1.4934e-05
1.50294e-05
1.51207e-05
1.52076e-05
1.52896e-05
1.53654e-05
1.54335e-05
1.5492e-05
1.55406e-05
3.63326e-05
3.63003e-05
3.6267e-05
3.62329e-05
3.6198e-05
3.61624e-05
3.61259e-05
3.60887e-05
3.60508e-05
3.60122e-05
3.59728e-05
3.59326e-05
3.58918e-05
3.58502e-05
3.58079e-05
3.57649e-05
3.57211e-05
3.56767e-05
3.56314e-05
3.55854e-05
3.55387e-05
3.54912e-05
3.5443e-05
3.5394e-05
3.53442e-05
3.52936e-05
3.52423e-05
3.51901e-05
3.51372e-05
3.50834e-05
3.50289e-05
3.49735e-05
3.49173e-05
3.48603e-05
3.48024e-05
3.47437e-05
3.46841e-05
3.46237e-05
3.45624e-05
3.45003e-05
3.44373e-05
3.43733e-05
3.43085e-05
3.42428e-05
3.41761e-05
3.41085e-05
3.404e-05
3.39706e-05
3.39003e-05
3.3829e-05
3.37567e-05
3.36835e-05
3.36093e-05
3.35342e-05
3.3458e-05
3.33809e-05
3.33028e-05
3.32237e-05
3.31436e-05
3.30625e-05
3.29804e-05
3.28972e-05
3.2813e-05
3.27278e-05
3.26416e-05
3.25543e-05
3.2466e-05
3.23766e-05
3.22862e-05
3.21947e-05
3.21021e-05
3.20085e-05
3.19137e-05
3.1818e-05
3.17211e-05
3.16231e-05
3.15241e-05
3.14239e-05
3.13227e-05
3.12204e-05
3.11169e-05
3.10124e-05
3.09068e-05
3.08e-05
3.06922e-05
3.05832e-05
3.04731e-05
3.03619e-05
3.02496e-05
3.01362e-05
3.00217e-05
2.99061e-05
2.97894e-05
2.96716e-05
2.95526e-05
2.94326e-05
2.93115e-05
2.91892e-05
2.90659e-05
2.89415e-05
2.8816e-05
2.86895e-05
2.85618e-05
2.84331e-05
2.83033e-05
2.81725e-05
2.80406e-05
2.79076e-05
2.77737e-05
2.76386e-05
2.75026e-05
2.73656e-05
2.72275e-05
2.70885e-05
2.69485e-05
2.68075e-05
2.66655e-05
2.65226e-05
2.63787e-05
2.62339e-05
2.60882e-05
2.59416e-05
2.57941e-05
2.56458e-05
2.54966e-05
2.53465e-05
2.51956e-05
2.5044e-05
2.48917e-05
2.4739e-05
)
;

boundaryField
{
    nozzle
    {
        type            calculated;
        value           nonuniform List<scalar> 
12
(
0.00102571
0.00101128
0.000985995
0.000953293
0.000915416
0.000869775
0.000814604
0.000742144
0.000649504
0.000522301
0.000358152
0.000132185
)
;
    }
    coflow
    {
        type            calculated;
        value           nonuniform List<scalar> 
30
(
3.40094e-07
3.40102e-07
3.40106e-07
3.40109e-07
3.40111e-07
3.40112e-07
3.40114e-07
3.40114e-07
3.40115e-07
3.40116e-07
3.40116e-07
3.40117e-07
3.40117e-07
3.40117e-07
3.40118e-07
3.40118e-07
3.40118e-07
3.40119e-07
3.40119e-07
3.40119e-07
3.40119e-07
3.40119e-07
3.40119e-07
3.4012e-07
3.4012e-07
3.4012e-07
3.4012e-07
3.4012e-07
3.4012e-07
3.4012e-07
)
;
    }
    walls
    {
        type            alphatWallFunction;
        Prt             0.85;
        value           uniform 0;
    }
    back
    {
        type            wedge;
    }
    front
    {
        type            wedge;
    }
    outlet
    {
        type            calculated;
        value           nonuniform List<scalar> 
42
(
0.00446486
0.00446469
0.00446432
0.00446378
0.00446306
0.00446216
0.00446108
0.00445983
0.00445839
0.00445676
0.00445494
0.00445292
0.0044506
0.00444784
0.00444456
0.00444069
0.00443611
0.00443062
0.004424
0.00441592
0.00440594
0.00439346
0.00437767
0.00435745
0.00433134
0.00429742
0.00425317
0.00419521
0.00411883
0.00401839
0.00388739
0.00371747
0.00349843
0.00321826
0.00286312
0.00241746
0.00186467
0.00118901
0.000410865
3.2251e-05
1.55406e-05
2.4739e-05
)
;
    }
    defaultFaces
    {
        type            empty;
    }
}


// ************************************************************************* //
