2.148389258092478493e-01
1.179903495278558090e+00
7.909521002997569328e-01
1.219947442974739671e+00
1.807032920255851327e-01
1.015970040105430527e+01
5.041481289277638211e+02
3.721054563798386283e+00
5.759023659427704445e+01
2.840051570267647918e+01
5.193259435346647024e+02
-1.100100575303220585e-01
-1.819705088054745590e-03
-1.404211729652465046e-01
-8.031455096418918527e-02
-2.128058860827259161e-02
4.403381671488829419e+00
2.628528360300461664e-01
-9.555061136054680826e-02
-6.838226803927379693e-01
-5.908860104082521936e+00
1.744840664114352957e-01
-4.763393899411528132e+00
1.483878433525159801e-01
3.891238689370356274e-02
6.369599631029188025e-02
-8.058645814393644580e-02
-1.283967726296828815e-01
5.889907603739591435e-02
-1.056117657687784817e-01
1.838921702692632035e-03
1.875146856045384336e-01
1.714554593698401283e-02
-8.188574609264583082e-02
-1.042108379506677951e-01
-4.717826315710371698e-01
5.423658673960617627e+00
-2.453572769951728461e-01
1.377789425521971145e+00
-5.906407340873738587e-02
4.011832763769073829e+00
