#        Time  nozzle coflow outlet walls
         2501  -3.3287e-05 -0.000854075   0.00101416 -0.000126805
         2502  -3.3287e-05 -0.000854075   0.00101401 -0.000126654
         2503  -3.3287e-05 -0.000854075   0.00101386 -0.000126503
         2504  -3.3287e-05 -0.000854075   0.00101374 -0.000126377
         2505  -3.3287e-05 -0.000854075   0.00101364  -0.00012628
         2506  -3.3287e-05 -0.000854075   0.00101358 -0.000126213
         2507  -3.3287e-05 -0.000854075   0.00101354 -0.000126183
         2508  -3.3287e-05 -0.000854075   0.00101353 -0.000126173
         2509  -3.3287e-05 -0.000854075   0.00101354 -0.000126176
         2510  -3.3287e-05 -0.000854075   0.00101354 -0.000126179
         2511  -3.3287e-05 -0.000854075   0.00101355 -0.000126187
         2512  -3.3287e-05 -0.000854075   0.00101355 -0.000126191
         2513  -3.3287e-05 -0.000854075   0.00101356   -0.0001262
         2514  -3.3287e-05 -0.000854075   0.00101357 -0.000126206
         2515  -3.3287e-05 -0.000854075   0.00101357 -0.000126212
         2516  -3.3287e-05 -0.000854075   0.00101358 -0.000126216
         2517  -3.3287e-05 -0.000854075   0.00101358 -0.000126218
         2518  -3.3287e-05 -0.000854075   0.00101358 -0.000126222
         2519  -3.3287e-05 -0.000854075   0.00101359 -0.000126225
         2520  -3.3287e-05 -0.000854075   0.00101359 -0.000126227
         2521  -3.3287e-05 -0.000854075   0.00101359  -0.00012623
         2522  -3.3287e-05 -0.000854075   0.00101359 -0.000126231
         2523  -3.3287e-05 -0.000854075   0.00101359 -0.000126232
         2524  -3.3287e-05 -0.000854075   0.00101359 -0.000126233
         2525  -3.3287e-05 -0.000854075    0.0010136 -0.000126234
         2526  -3.3287e-05 -0.000854075    0.0010136 -0.000126235
         2527  -3.3287e-05 -0.000854075    0.0010136 -0.000126235
         2528  -3.3287e-05 -0.000854075    0.0010136 -0.000126236
         2529  -3.3287e-05 -0.000854075    0.0010136 -0.000126237
         2530  -3.3287e-05 -0.000854075    0.0010136 -0.000126238
         2531  -3.3287e-05 -0.000854075    0.0010136 -0.000126239
         2532  -3.3287e-05 -0.000854075    0.0010136  -0.00012624
         2533  -3.3287e-05 -0.000854075    0.0010136 -0.000126241
         2534  -3.3287e-05 -0.000854075    0.0010136 -0.000126241
         2535  -3.3287e-05 -0.000854075    0.0010136 -0.000126242
         2536  -3.3287e-05 -0.000854075   0.00101361 -0.000126243
         2537  -3.3287e-05 -0.000854075   0.00101361 -0.000126244
         2538  -3.3287e-05 -0.000854075   0.00101361 -0.000126245
         2539  -3.3287e-05 -0.000854075   0.00101361 -0.000126246
         2540  -3.3287e-05 -0.000854075   0.00101361 -0.000126247
         2541  -3.3287e-05 -0.000854075   0.00101361 -0.000126248
         2542  -3.3287e-05 -0.000854075   0.00101361 -0.000126249
         2543  -3.3287e-05 -0.000854075   0.00101361  -0.00012625
         2544  -3.3287e-05 -0.000854075   0.00101361 -0.000126251
         2545  -3.3287e-05 -0.000854075   0.00101361 -0.000126252
         2546  -3.3287e-05 -0.000854075   0.00101361 -0.000126253
         2547  -3.3287e-05 -0.000854075   0.00101362 -0.000126254
         2548  -3.3287e-05 -0.000854075   0.00101362 -0.000126255
         2549  -3.3287e-05 -0.000854075   0.00101362 -0.000126255
         2550  -3.3287e-05 -0.000854075   0.00101362 -0.000126256
         2551  -3.3287e-05 -0.000854075   0.00101362 -0.000126257
         2552  -3.3287e-05 -0.000854075   0.00101362 -0.000126258
         2553  -3.3287e-05 -0.000854075   0.00101362 -0.000126258
         2554  -3.3287e-05 -0.000854075   0.00101362 -0.000126259
         2555  -3.3287e-05 -0.000854075   0.00101362  -0.00012626
         2556  -3.3287e-05 -0.000854075   0.00101362  -0.00012626
         2557  -3.3287e-05 -0.000854075   0.00101362  -0.00012626
         2558  -3.3287e-05 -0.000854075   0.00101362  -0.00012626
         2559  -3.3287e-05 -0.000854075   0.00101362 -0.000126261
         2560  -3.3287e-05 -0.000854075   0.00101362 -0.000126261
         2561  -3.3287e-05 -0.000854075   0.00101362 -0.000126261
         2562  -3.3287e-05 -0.000854075   0.00101362 -0.000126261
         2563  -3.3287e-05 -0.000854075   0.00101362  -0.00012626
         2564  -3.3287e-05 -0.000854075   0.00101362  -0.00012626
         2565  -3.3287e-05 -0.000854075   0.00101362  -0.00012626
         2566  -3.3287e-05 -0.000854075   0.00101362  -0.00012626
         2567  -3.3287e-05 -0.000854075   0.00101362  -0.00012626
         2568  -3.3287e-05 -0.000854075   0.00101362  -0.00012626
         2569  -3.3287e-05 -0.000854075   0.00101362  -0.00012626
         2570  -3.3287e-05 -0.000854075   0.00101362 -0.000126259
         2571  -3.3287e-05 -0.000854075   0.00101362 -0.000126259
         2572  -3.3287e-05 -0.000854075   0.00101362 -0.000126259
         2573  -3.3287e-05 -0.000854075   0.00101362 -0.000126259
         2574  -3.3287e-05 -0.000854075   0.00101362 -0.000126259
         2575  -3.3287e-05 -0.000854075   0.00101362 -0.000126258
         2576  -3.3287e-05 -0.000854075   0.00101362 -0.000126258
         2577  -3.3287e-05 -0.000854075   0.00101362 -0.000126258
         2578  -3.3287e-05 -0.000854075   0.00101362 -0.000126257
         2579  -3.3287e-05 -0.000854075   0.00101362 -0.000126257
         2580  -3.3287e-05 -0.000854075   0.00101362 -0.000126256
         2581  -3.3287e-05 -0.000854075   0.00101362 -0.000126256
         2582  -3.3287e-05 -0.000854075   0.00101362 -0.000126255
         2583  -3.3287e-05 -0.000854075   0.00101362 -0.000126255
         2584  -3.3287e-05 -0.000854075   0.00101362 -0.000126254
         2585  -3.3287e-05 -0.000854075   0.00101362 -0.000126254
         2586  -3.3287e-05 -0.000854075   0.00101362 -0.000126253
         2587  -3.3287e-05 -0.000854075   0.00101361 -0.000126253
         2588  -3.3287e-05 -0.000854075   0.00101361 -0.000126252
         2589  -3.3287e-05 -0.000854075   0.00101361 -0.000126252
         2590  -3.3287e-05 -0.000854075   0.00101361 -0.000126251
         2591  -3.3287e-05 -0.000854075   0.00101361 -0.000126251
         2592  -3.3287e-05 -0.000854075   0.00101361 -0.000126251
         2593  -3.3287e-05 -0.000854075   0.00101361 -0.000126251
         2594  -3.3287e-05 -0.000854075   0.00101361  -0.00012625
         2595  -3.3287e-05 -0.000854075   0.00101361  -0.00012625
         2596  -3.3287e-05 -0.000854075   0.00101361  -0.00012625
         2597  -3.3287e-05 -0.000854075   0.00101361  -0.00012625
         2598  -3.3287e-05 -0.000854075   0.00101361 -0.000126251
         2599  -3.3287e-05 -0.000854075   0.00101361 -0.000126251
         2600  -3.3287e-05 -0.000854075   0.00101361 -0.000126251
         2601  -3.3287e-05 -0.000854075   0.00101361 -0.000126251
         2602  -3.3287e-05 -0.000854075   0.00101361 -0.000126252
         2603  -3.3287e-05 -0.000854075   0.00101361 -0.000126253
         2604  -3.3287e-05 -0.000854075   0.00101362 -0.000126253
         2605  -3.3287e-05 -0.000854075   0.00101362 -0.000126254
         2606  -3.3287e-05 -0.000854075   0.00101362 -0.000126254
         2607  -3.3287e-05 -0.000854075   0.00101362 -0.000126255
         2608  -3.3287e-05 -0.000854075   0.00101362 -0.000126256
         2609  -3.3287e-05 -0.000854075   0.00101362 -0.000126256
         2610  -3.3287e-05 -0.000854075   0.00101362 -0.000126257
         2611  -3.3287e-05 -0.000854075   0.00101362 -0.000126258
         2612  -3.3287e-05 -0.000854075   0.00101362 -0.000126258
         2613  -3.3287e-05 -0.000854075   0.00101362 -0.000126259
         2614  -3.3287e-05 -0.000854075   0.00101362 -0.000126259
         2615  -3.3287e-05 -0.000854075   0.00101362 -0.000126259
         2616  -3.3287e-05 -0.000854075   0.00101362  -0.00012626
         2617  -3.3287e-05 -0.000854075   0.00101362  -0.00012626
         2618  -3.3287e-05 -0.000854075   0.00101362  -0.00012626
         2619  -3.3287e-05 -0.000854075   0.00101362  -0.00012626
         2620  -3.3287e-05 -0.000854075   0.00101362  -0.00012626
         2621  -3.3287e-05 -0.000854075   0.00101362  -0.00012626
         2622  -3.3287e-05 -0.000854075   0.00101362  -0.00012626
         2623  -3.3287e-05 -0.000854075   0.00101362  -0.00012626
         2624  -3.3287e-05 -0.000854075   0.00101362  -0.00012626
         2625  -3.3287e-05 -0.000854075   0.00101362  -0.00012626
         2626  -3.3287e-05 -0.000854075   0.00101362  -0.00012626
         2627  -3.3287e-05 -0.000854075   0.00101362  -0.00012626
         2628  -3.3287e-05 -0.000854075   0.00101362 -0.000126259
         2629  -3.3287e-05 -0.000854075   0.00101362 -0.000126259
         2630  -3.3287e-05 -0.000854075   0.00101362 -0.000126259
         2631  -3.3287e-05 -0.000854075   0.00101362 -0.000126259
         2632  -3.3287e-05 -0.000854075   0.00101362 -0.000126259
         2633  -3.3287e-05 -0.000854075   0.00101362 -0.000126259
         2634  -3.3287e-05 -0.000854075   0.00101362 -0.000126259
         2635  -3.3287e-05 -0.000854075   0.00101362 -0.000126259
         2636  -3.3287e-05 -0.000854075   0.00101362 -0.000126259
         2637  -3.3287e-05 -0.000854075   0.00101362 -0.000126259
         2638  -3.3287e-05 -0.000854075   0.00101362 -0.000126259
         2639  -3.3287e-05 -0.000854075   0.00101362 -0.000126259
         2640  -3.3287e-05 -0.000854075   0.00101362 -0.000126259
         2641  -3.3287e-05 -0.000854075   0.00101362 -0.000126259
         2642  -3.3287e-05 -0.000854075   0.00101362 -0.000126259
         2643  -3.3287e-05 -0.000854075   0.00101362 -0.000126259
         2644  -3.3287e-05 -0.000854075   0.00101362  -0.00012626
         2645  -3.3287e-05 -0.000854075   0.00101362  -0.00012626
         2646  -3.3287e-05 -0.000854075   0.00101362  -0.00012626
         2647  -3.3287e-05 -0.000854075   0.00101362  -0.00012626
         2648  -3.3287e-05 -0.000854075   0.00101362  -0.00012626
         2649  -3.3287e-05 -0.000854075   0.00101362  -0.00012626
         2650  -3.3287e-05 -0.000854075   0.00101362  -0.00012626
         2651  -3.3287e-05 -0.000854075   0.00101362 -0.000126261
         2652  -3.3287e-05 -0.000854075   0.00101362 -0.000126261
         2653  -3.3287e-05 -0.000854075   0.00101362 -0.000126261
         2654  -3.3287e-05 -0.000854075   0.00101362 -0.000126261
         2655  -3.3287e-05 -0.000854075   0.00101362 -0.000126261
         2656  -3.3287e-05 -0.000854075   0.00101362 -0.000126262
         2657  -3.3287e-05 -0.000854075   0.00101362 -0.000126262
         2658  -3.3287e-05 -0.000854075   0.00101362 -0.000126262
         2659  -3.3287e-05 -0.000854075   0.00101362 -0.000126262
         2660  -3.3287e-05 -0.000854075   0.00101362 -0.000126263
         2661  -3.3287e-05 -0.000854075   0.00101363 -0.000126263
         2662  -3.3287e-05 -0.000854075   0.00101363 -0.000126263
         2663  -3.3287e-05 -0.000854075   0.00101363 -0.000126264
         2664  -3.3287e-05 -0.000854075   0.00101363 -0.000126264
         2665  -3.3287e-05 -0.000854075   0.00101363 -0.000126264
         2666  -3.3287e-05 -0.000854075   0.00101363 -0.000126264
         2667  -3.3287e-05 -0.000854075   0.00101363 -0.000126265
         2668  -3.3287e-05 -0.000854075   0.00101363 -0.000126265
         2669  -3.3287e-05 -0.000854075   0.00101363 -0.000126265
         2670  -3.3287e-05 -0.000854075   0.00101363 -0.000126266
         2671  -3.3287e-05 -0.000854075   0.00101363 -0.000126266
         2672  -3.3287e-05 -0.000854075   0.00101363 -0.000126266
         2673  -3.3287e-05 -0.000854075   0.00101363 -0.000126267
         2674  -3.3287e-05 -0.000854075   0.00101363 -0.000126267
         2675  -3.3287e-05 -0.000854075   0.00101363 -0.000126267
         2676  -3.3287e-05 -0.000854075   0.00101363 -0.000126267
         2677  -3.3287e-05 -0.000854075   0.00101363 -0.000126268
         2678  -3.3287e-05 -0.000854075   0.00101363 -0.000126268
         2679  -3.3287e-05 -0.000854075   0.00101363 -0.000126268
         2680  -3.3287e-05 -0.000854075   0.00101363 -0.000126268
         2681  -3.3287e-05 -0.000854075   0.00101363 -0.000126269
         2682  -3.3287e-05 -0.000854075   0.00101363 -0.000126269
         2683  -3.3287e-05 -0.000854075   0.00101363 -0.000126269
         2684  -3.3287e-05 -0.000854075   0.00101363 -0.000126269
         2685  -3.3287e-05 -0.000854075   0.00101363 -0.000126269
         2686  -3.3287e-05 -0.000854075   0.00101363  -0.00012627
         2687  -3.3287e-05 -0.000854075   0.00101363  -0.00012627
         2688  -3.3287e-05 -0.000854075   0.00101363  -0.00012627
         2689  -3.3287e-05 -0.000854075   0.00101363  -0.00012627
         2690  -3.3287e-05 -0.000854075   0.00101363  -0.00012627
         2691  -3.3287e-05 -0.000854075   0.00101363 -0.000126271
         2692  -3.3287e-05 -0.000854075   0.00101363 -0.000126271
         2693  -3.3287e-05 -0.000854075   0.00101363 -0.000126271
         2694  -3.3287e-05 -0.000854075   0.00101363 -0.000126271
         2695  -3.3287e-05 -0.000854075   0.00101363 -0.000126271
         2696  -3.3287e-05 -0.000854075   0.00101363 -0.000126271
         2697  -3.3287e-05 -0.000854075   0.00101363 -0.000126271
         2698  -3.3287e-05 -0.000854075   0.00101363 -0.000126272
         2699  -3.3287e-05 -0.000854075   0.00101363 -0.000126272
         2700  -3.3287e-05 -0.000854075   0.00101363 -0.000126272
         2701  -3.3287e-05 -0.000854075   0.00101363 -0.000126272
         2702  -3.3287e-05 -0.000854075   0.00101363 -0.000126272
         2703  -3.3287e-05 -0.000854075   0.00101363 -0.000126272
         2704  -3.3287e-05 -0.000854075   0.00101363 -0.000126272
         2705  -3.3287e-05 -0.000854075   0.00101363 -0.000126272
         2706  -3.3287e-05 -0.000854075   0.00101363 -0.000126272
         2707  -3.3287e-05 -0.000854075   0.00101363 -0.000126273
         2708  -3.3287e-05 -0.000854075   0.00101363 -0.000126273
         2709  -3.3287e-05 -0.000854075   0.00101364 -0.000126273
         2710  -3.3287e-05 -0.000854075   0.00101364 -0.000126273
         2711  -3.3287e-05 -0.000854075   0.00101364 -0.000126273
         2712  -3.3287e-05 -0.000854075   0.00101364 -0.000126273
         2713  -3.3287e-05 -0.000854075   0.00101364 -0.000126273
         2714  -3.3287e-05 -0.000854075   0.00101364 -0.000126273
         2715  -3.3287e-05 -0.000854075   0.00101364 -0.000126273
         2716  -3.3287e-05 -0.000854075   0.00101364 -0.000126273
         2717  -3.3287e-05 -0.000854075   0.00101364 -0.000126273
         2718  -3.3287e-05 -0.000854075   0.00101364 -0.000126273
         2719  -3.3287e-05 -0.000854075   0.00101364 -0.000126274
         2720  -3.3287e-05 -0.000854075   0.00101364 -0.000126274
         2721  -3.3287e-05 -0.000854075   0.00101364 -0.000126274
         2722  -3.3287e-05 -0.000854075   0.00101364 -0.000126274
         2723  -3.3287e-05 -0.000854075   0.00101364 -0.000126274
         2724  -3.3287e-05 -0.000854075   0.00101364 -0.000126274
         2725  -3.3287e-05 -0.000854075   0.00101364 -0.000126274
         2726  -3.3287e-05 -0.000854075   0.00101364 -0.000126274
         2727  -3.3287e-05 -0.000854075   0.00101364 -0.000126274
         2728  -3.3287e-05 -0.000854075   0.00101364 -0.000126274
         2729  -3.3287e-05 -0.000854075   0.00101364 -0.000126274
         2730  -3.3287e-05 -0.000854075   0.00101364 -0.000126274
         2731  -3.3287e-05 -0.000854075   0.00101364 -0.000126274
         2732  -3.3287e-05 -0.000854075   0.00101364 -0.000126274
         2733  -3.3287e-05 -0.000854075   0.00101364 -0.000126275
         2734  -3.3287e-05 -0.000854075   0.00101364 -0.000126275
         2735  -3.3287e-05 -0.000854075   0.00101364 -0.000126275
         2736  -3.3287e-05 -0.000854075   0.00101364 -0.000126275
         2737  -3.3287e-05 -0.000854075   0.00101364 -0.000126275
         2738  -3.3287e-05 -0.000854075   0.00101364 -0.000126275
         2739  -3.3287e-05 -0.000854075   0.00101364 -0.000126275
         2740  -3.3287e-05 -0.000854075   0.00101364 -0.000126275
         2741  -3.3287e-05 -0.000854075   0.00101364 -0.000126275
         2742  -3.3287e-05 -0.000854075   0.00101364 -0.000126275
         2743  -3.3287e-05 -0.000854075   0.00101364 -0.000126275
         2744  -3.3287e-05 -0.000854075   0.00101364 -0.000126275
         2745  -3.3287e-05 -0.000854075   0.00101364 -0.000126275
         2746  -3.3287e-05 -0.000854075   0.00101364 -0.000126275
         2747  -3.3287e-05 -0.000854075   0.00101364 -0.000126275
         2748  -3.3287e-05 -0.000854075   0.00101364 -0.000126275
         2749  -3.3287e-05 -0.000854075   0.00101364 -0.000126275
         2750  -3.3287e-05 -0.000854075   0.00101364 -0.000126275
         2751  -3.3287e-05 -0.000854075   0.00101364 -0.000126276
         2752  -3.3287e-05 -0.000854075   0.00101364 -0.000126276
         2753  -3.3287e-05 -0.000854075   0.00101364 -0.000126276
         2754  -3.3287e-05 -0.000854075   0.00101364 -0.000126276
         2755  -3.3287e-05 -0.000854075   0.00101364 -0.000126276
         2756  -3.3287e-05 -0.000854075   0.00101364 -0.000126276
         2757  -3.3287e-05 -0.000854075   0.00101364 -0.000126276
         2758  -3.3287e-05 -0.000854075   0.00101364 -0.000126276
         2759  -3.3287e-05 -0.000854075   0.00101364 -0.000126276
         2760  -3.3287e-05 -0.000854075   0.00101364 -0.000126276
         2761  -3.3287e-05 -0.000854075   0.00101364 -0.000126276
         2762  -3.3287e-05 -0.000854075   0.00101364 -0.000126276
         2763  -3.3287e-05 -0.000854075   0.00101364 -0.000126276
         2764  -3.3287e-05 -0.000854075   0.00101364 -0.000126276
         2765  -3.3287e-05 -0.000854075   0.00101364 -0.000126276
         2766  -3.3287e-05 -0.000854075   0.00101364 -0.000126276
         2767  -3.3287e-05 -0.000854075   0.00101364 -0.000126276
         2768  -3.3287e-05 -0.000854075   0.00101364 -0.000126276
         2769  -3.3287e-05 -0.000854075   0.00101364 -0.000126276
         2770  -3.3287e-05 -0.000854075   0.00101364 -0.000126276
         2771  -3.3287e-05 -0.000854075   0.00101364 -0.000126276
         2772  -3.3287e-05 -0.000854075   0.00101364 -0.000126276
         2773  -3.3287e-05 -0.000854075   0.00101364 -0.000126276
         2774  -3.3287e-05 -0.000854075   0.00101364 -0.000126276
         2775  -3.3287e-05 -0.000854075   0.00101364 -0.000126276
         2776  -3.3287e-05 -0.000854075   0.00101364 -0.000126277
         2777  -3.3287e-05 -0.000854075   0.00101364 -0.000126277
         2778  -3.3287e-05 -0.000854075   0.00101364 -0.000126277
         2779  -3.3287e-05 -0.000854075   0.00101364 -0.000126277
         2780  -3.3287e-05 -0.000854075   0.00101364 -0.000126277
         2781  -3.3287e-05 -0.000854075   0.00101364 -0.000126277
         2782  -3.3287e-05 -0.000854075   0.00101364 -0.000126277
         2783  -3.3287e-05 -0.000854075   0.00101364 -0.000126277
         2784  -3.3287e-05 -0.000854075   0.00101364 -0.000126277
         2785  -3.3287e-05 -0.000854075   0.00101364 -0.000126277
         2786  -3.3287e-05 -0.000854075   0.00101364 -0.000126277
         2787  -3.3287e-05 -0.000854075   0.00101364 -0.000126277
         2788  -3.3287e-05 -0.000854075   0.00101364 -0.000126277
         2789  -3.3287e-05 -0.000854075   0.00101364 -0.000126277
         2790  -3.3287e-05 -0.000854075   0.00101364 -0.000126277
         2791  -3.3287e-05 -0.000854075   0.00101364 -0.000126277
         2792  -3.3287e-05 -0.000854075   0.00101364 -0.000126277
         2793  -3.3287e-05 -0.000854075   0.00101364 -0.000126277
         2794  -3.3287e-05 -0.000854075   0.00101364 -0.000126277
         2795  -3.3287e-05 -0.000854075   0.00101364 -0.000126277
         2796  -3.3287e-05 -0.000854075   0.00101364 -0.000126277
         2797  -3.3287e-05 -0.000854075   0.00101364 -0.000126277
         2798  -3.3287e-05 -0.000854075   0.00101364 -0.000126277
         2799  -3.3287e-05 -0.000854075   0.00101364 -0.000126277
         2800  -3.3287e-05 -0.000854075   0.00101364 -0.000126277
         2801  -3.3287e-05 -0.000854075   0.00101364 -0.000126277
         2802  -3.3287e-05 -0.000854075   0.00101364 -0.000126277
         2803  -3.3287e-05 -0.000854075   0.00101364 -0.000126277
         2804  -3.3287e-05 -0.000854075   0.00101364 -0.000126277
         2805  -3.3287e-05 -0.000854075   0.00101364 -0.000126277
         2806  -3.3287e-05 -0.000854075   0.00101364 -0.000126277
         2807  -3.3287e-05 -0.000854075   0.00101364 -0.000126277
         2808  -3.3287e-05 -0.000854075   0.00101364 -0.000126277
         2809  -3.3287e-05 -0.000854075   0.00101364 -0.000126278
         2810  -3.3287e-05 -0.000854075   0.00101364 -0.000126278
         2811  -3.3287e-05 -0.000854075   0.00101364 -0.000126278
         2812  -3.3287e-05 -0.000854075   0.00101364 -0.000126278
         2813  -3.3287e-05 -0.000854075   0.00101364 -0.000126278
         2814  -3.3287e-05 -0.000854075   0.00101364 -0.000126278
         2815  -3.3287e-05 -0.000854075   0.00101364 -0.000126278
         2816  -3.3287e-05 -0.000854075   0.00101364 -0.000126278
         2817  -3.3287e-05 -0.000854075   0.00101364 -0.000126278
         2818  -3.3287e-05 -0.000854075   0.00101364 -0.000126278
         2819  -3.3287e-05 -0.000854075   0.00101364 -0.000126278
         2820  -3.3287e-05 -0.000854075   0.00101364 -0.000126278
         2821  -3.3287e-05 -0.000854075   0.00101364 -0.000126278
         2822  -3.3287e-05 -0.000854075   0.00101364 -0.000126278
         2823  -3.3287e-05 -0.000854075   0.00101364 -0.000126278
         2824  -3.3287e-05 -0.000854075   0.00101364 -0.000126278
         2825  -3.3287e-05 -0.000854075   0.00101364 -0.000126278
         2826  -3.3287e-05 -0.000854075   0.00101364 -0.000126278
         2827  -3.3287e-05 -0.000854075   0.00101364 -0.000126278
         2828  -3.3287e-05 -0.000854075   0.00101364 -0.000126278
         2829  -3.3287e-05 -0.000854075   0.00101364 -0.000126278
         2830  -3.3287e-05 -0.000854075   0.00101364 -0.000126278
         2831  -3.3287e-05 -0.000854075   0.00101364 -0.000126278
         2832  -3.3287e-05 -0.000854075   0.00101364 -0.000126278
         2833  -3.3287e-05 -0.000854075   0.00101364 -0.000126278
         2834  -3.3287e-05 -0.000854075   0.00101364 -0.000126278
         2835  -3.3287e-05 -0.000854075   0.00101364 -0.000126278
         2836  -3.3287e-05 -0.000854075   0.00101364 -0.000126278
         2837  -3.3287e-05 -0.000854075   0.00101364 -0.000126278
         2838  -3.3287e-05 -0.000854075   0.00101364 -0.000126278
         2839  -3.3287e-05 -0.000854075   0.00101364 -0.000126278
         2840  -3.3287e-05 -0.000854075   0.00101364 -0.000126278
         2841  -3.3287e-05 -0.000854075   0.00101364 -0.000126278
         2842  -3.3287e-05 -0.000854075   0.00101364 -0.000126278
         2843  -3.3287e-05 -0.000854075   0.00101364 -0.000126278
         2844  -3.3287e-05 -0.000854075   0.00101364 -0.000126278
         2845  -3.3287e-05 -0.000854075   0.00101364 -0.000126278
         2846  -3.3287e-05 -0.000854075   0.00101364 -0.000126278
         2847  -3.3287e-05 -0.000854075   0.00101364 -0.000126278
         2848  -3.3287e-05 -0.000854075   0.00101364 -0.000126278
         2849  -3.3287e-05 -0.000854075   0.00101364 -0.000126278
         2850  -3.3287e-05 -0.000854075   0.00101364 -0.000126278
         2851  -3.3287e-05 -0.000854075   0.00101364 -0.000126278
         2852  -3.3287e-05 -0.000854075   0.00101364 -0.000126278
         2853  -3.3287e-05 -0.000854075   0.00101364 -0.000126278
         2854  -3.3287e-05 -0.000854075   0.00101364 -0.000126278
         2855  -3.3287e-05 -0.000854075   0.00101364 -0.000126278
         2856  -3.3287e-05 -0.000854075   0.00101364 -0.000126278
         2857  -3.3287e-05 -0.000854075   0.00101364 -0.000126279
         2858  -3.3287e-05 -0.000854075   0.00101364 -0.000126279
         2859  -3.3287e-05 -0.000854075   0.00101364 -0.000126279
         2860  -3.3287e-05 -0.000854075   0.00101364 -0.000126279
         2861  -3.3287e-05 -0.000854075   0.00101364 -0.000126279
         2862  -3.3287e-05 -0.000854075   0.00101364 -0.000126279
         2863  -3.3287e-05 -0.000854075   0.00101364 -0.000126279
         2864  -3.3287e-05 -0.000854075   0.00101364 -0.000126279
         2865  -3.3287e-05 -0.000854075   0.00101364 -0.000126279
         2866  -3.3287e-05 -0.000854075   0.00101364 -0.000126279
         2867  -3.3287e-05 -0.000854075   0.00101364 -0.000126279
         2868  -3.3287e-05 -0.000854075   0.00101364 -0.000126279
         2869  -3.3287e-05 -0.000854075   0.00101364 -0.000126279
         2870  -3.3287e-05 -0.000854075   0.00101364 -0.000126279
         2871  -3.3287e-05 -0.000854075   0.00101364 -0.000126279
         2872  -3.3287e-05 -0.000854075   0.00101364 -0.000126279
         2873  -3.3287e-05 -0.000854075   0.00101364 -0.000126279
         2874  -3.3287e-05 -0.000854075   0.00101364 -0.000126279
         2875  -3.3287e-05 -0.000854075   0.00101364 -0.000126279
         2876  -3.3287e-05 -0.000854075   0.00101364 -0.000126279
         2877  -3.3287e-05 -0.000854075   0.00101364 -0.000126279
         2878  -3.3287e-05 -0.000854075   0.00101364 -0.000126279
         2879  -3.3287e-05 -0.000854075   0.00101364 -0.000126279
         2880  -3.3287e-05 -0.000854075   0.00101364 -0.000126279
         2881  -3.3287e-05 -0.000854075   0.00101364 -0.000126279
         2882  -3.3287e-05 -0.000854075   0.00101364 -0.000126279
         2883  -3.3287e-05 -0.000854075   0.00101364 -0.000126279
         2884  -3.3287e-05 -0.000854075   0.00101364 -0.000126279
         2885  -3.3287e-05 -0.000854075   0.00101364 -0.000126279
         2886  -3.3287e-05 -0.000854075   0.00101364 -0.000126279
         2887  -3.3287e-05 -0.000854075   0.00101364 -0.000126279
         2888  -3.3287e-05 -0.000854075   0.00101364 -0.000126279
         2889  -3.3287e-05 -0.000854075   0.00101364 -0.000126279
         2890  -3.3287e-05 -0.000854075   0.00101364 -0.000126279
         2891  -3.3287e-05 -0.000854075   0.00101364 -0.000126279
         2892  -3.3287e-05 -0.000854075   0.00101364 -0.000126279
         2893  -3.3287e-05 -0.000854075   0.00101364 -0.000126279
         2894  -3.3287e-05 -0.000854075   0.00101364 -0.000126279
         2895  -3.3287e-05 -0.000854075   0.00101364 -0.000126279
         2896  -3.3287e-05 -0.000854075   0.00101364 -0.000126279
         2897  -3.3287e-05 -0.000854075   0.00101364 -0.000126279
         2898  -3.3287e-05 -0.000854075   0.00101364 -0.000126279
         2899  -3.3287e-05 -0.000854075   0.00101364 -0.000126279
         2900  -3.3287e-05 -0.000854075   0.00101364 -0.000126279
         2901  -3.3287e-05 -0.000854075   0.00101364 -0.000126279
         2902  -3.3287e-05 -0.000854075   0.00101364 -0.000126279
         2903  -3.3287e-05 -0.000854075   0.00101364 -0.000126279
         2904  -3.3287e-05 -0.000854075   0.00101364 -0.000126279
         2905  -3.3287e-05 -0.000854075   0.00101364 -0.000126279
         2906  -3.3287e-05 -0.000854075   0.00101364 -0.000126279
         2907  -3.3287e-05 -0.000854075   0.00101364 -0.000126279
         2908  -3.3287e-05 -0.000854075   0.00101364 -0.000126279
         2909  -3.3287e-05 -0.000854075   0.00101364 -0.000126279
         2910  -3.3287e-05 -0.000854075   0.00101364 -0.000126279
         2911  -3.3287e-05 -0.000854075   0.00101364 -0.000126279
         2912  -3.3287e-05 -0.000854075   0.00101364 -0.000126279
         2913  -3.3287e-05 -0.000854075   0.00101364 -0.000126279
         2914  -3.3287e-05 -0.000854075   0.00101364 -0.000126279
         2915  -3.3287e-05 -0.000854075   0.00101364 -0.000126279
         2916  -3.3287e-05 -0.000854075   0.00101364 -0.000126279
         2917  -3.3287e-05 -0.000854075   0.00101364 -0.000126279
         2918  -3.3287e-05 -0.000854075   0.00101364 -0.000126279
         2919  -3.3287e-05 -0.000854075   0.00101364 -0.000126279
         2920  -3.3287e-05 -0.000854075   0.00101364 -0.000126279
         2921  -3.3287e-05 -0.000854075   0.00101364 -0.000126279
         2922  -3.3287e-05 -0.000854075   0.00101364 -0.000126279
         2923  -3.3287e-05 -0.000854075   0.00101364 -0.000126279
         2924  -3.3287e-05 -0.000854075   0.00101364 -0.000126279
         2925  -3.3287e-05 -0.000854075   0.00101364 -0.000126279
         2926  -3.3287e-05 -0.000854075   0.00101364 -0.000126279
         2927  -3.3287e-05 -0.000854075   0.00101364 -0.000126279
         2928  -3.3287e-05 -0.000854075   0.00101364 -0.000126279
         2929  -3.3287e-05 -0.000854075   0.00101364 -0.000126279
         2930  -3.3287e-05 -0.000854075   0.00101364  -0.00012628
         2931  -3.3287e-05 -0.000854075   0.00101364  -0.00012628
         2932  -3.3287e-05 -0.000854075   0.00101364  -0.00012628
         2933  -3.3287e-05 -0.000854075   0.00101364  -0.00012628
         2934  -3.3287e-05 -0.000854075   0.00101364  -0.00012628
         2935  -3.3287e-05 -0.000854075   0.00101364  -0.00012628
         2936  -3.3287e-05 -0.000854075   0.00101364  -0.00012628
         2937  -3.3287e-05 -0.000854075   0.00101364  -0.00012628
         2938  -3.3287e-05 -0.000854075   0.00101364  -0.00012628
         2939  -3.3287e-05 -0.000854075   0.00101364  -0.00012628
         2940  -3.3287e-05 -0.000854075   0.00101364  -0.00012628
         2941  -3.3287e-05 -0.000854075   0.00101364  -0.00012628
         2942  -3.3287e-05 -0.000854075   0.00101364  -0.00012628
         2943  -3.3287e-05 -0.000854075   0.00101364  -0.00012628
         2944  -3.3287e-05 -0.000854075   0.00101364  -0.00012628
         2945  -3.3287e-05 -0.000854075   0.00101364  -0.00012628
         2946  -3.3287e-05 -0.000854075   0.00101364  -0.00012628
         2947  -3.3287e-05 -0.000854075   0.00101364  -0.00012628
         2948  -3.3287e-05 -0.000854075   0.00101364  -0.00012628
         2949  -3.3287e-05 -0.000854075   0.00101364  -0.00012628
         2950  -3.3287e-05 -0.000854075   0.00101364  -0.00012628
         2951  -3.3287e-05 -0.000854075   0.00101364  -0.00012628
         2952  -3.3287e-05 -0.000854075   0.00101364  -0.00012628
         2953  -3.3287e-05 -0.000854075   0.00101364  -0.00012628
         2954  -3.3287e-05 -0.000854075   0.00101364  -0.00012628
         2955  -3.3287e-05 -0.000854075   0.00101364  -0.00012628
         2956  -3.3287e-05 -0.000854075   0.00101364  -0.00012628
         2957  -3.3287e-05 -0.000854075   0.00101364  -0.00012628
         2958  -3.3287e-05 -0.000854075   0.00101364  -0.00012628
         2959  -3.3287e-05 -0.000854075   0.00101364  -0.00012628
         2960  -3.3287e-05 -0.000854075   0.00101364  -0.00012628
         2961  -3.3287e-05 -0.000854075   0.00101364  -0.00012628
         2962  -3.3287e-05 -0.000854075   0.00101364  -0.00012628
         2963  -3.3287e-05 -0.000854075   0.00101364  -0.00012628
         2964  -3.3287e-05 -0.000854075   0.00101364  -0.00012628
         2965  -3.3287e-05 -0.000854075   0.00101364  -0.00012628
         2966  -3.3287e-05 -0.000854075   0.00101364  -0.00012628
         2967  -3.3287e-05 -0.000854075   0.00101364  -0.00012628
         2968  -3.3287e-05 -0.000854075   0.00101364  -0.00012628
         2969  -3.3287e-05 -0.000854075   0.00101364  -0.00012628
         2970  -3.3287e-05 -0.000854075   0.00101364  -0.00012628
         2971  -3.3287e-05 -0.000854075   0.00101364  -0.00012628
         2972  -3.3287e-05 -0.000854075   0.00101364  -0.00012628
         2973  -3.3287e-05 -0.000854075   0.00101364  -0.00012628
         2974  -3.3287e-05 -0.000854075   0.00101364  -0.00012628
         2975  -3.3287e-05 -0.000854075   0.00101364  -0.00012628
         2976  -3.3287e-05 -0.000854075   0.00101364  -0.00012628
         2977  -3.3287e-05 -0.000854075   0.00101364  -0.00012628
         2978  -3.3287e-05 -0.000854075   0.00101364  -0.00012628
         2979  -3.3287e-05 -0.000854075   0.00101364  -0.00012628
         2980  -3.3287e-05 -0.000854075   0.00101364  -0.00012628
         2981  -3.3287e-05 -0.000854075   0.00101364  -0.00012628
         2982  -3.3287e-05 -0.000854075   0.00101364  -0.00012628
         2983  -3.3287e-05 -0.000854075   0.00101364  -0.00012628
         2984  -3.3287e-05 -0.000854075   0.00101364  -0.00012628
         2985  -3.3287e-05 -0.000854075   0.00101364  -0.00012628
         2986  -3.3287e-05 -0.000854075   0.00101364  -0.00012628
         2987  -3.3287e-05 -0.000854075   0.00101364  -0.00012628
         2988  -3.3287e-05 -0.000854075   0.00101364  -0.00012628
         2989  -3.3287e-05 -0.000854075   0.00101364  -0.00012628
         2990  -3.3287e-05 -0.000854075   0.00101364  -0.00012628
         2991  -3.3287e-05 -0.000854075   0.00101364  -0.00012628
         2992  -3.3287e-05 -0.000854075   0.00101364  -0.00012628
         2993  -3.3287e-05 -0.000854075   0.00101364  -0.00012628
         2994  -3.3287e-05 -0.000854075   0.00101364  -0.00012628
         2995  -3.3287e-05 -0.000854075   0.00101364  -0.00012628
         2996  -3.3287e-05 -0.000854075   0.00101364  -0.00012628
         2997  -3.3287e-05 -0.000854075   0.00101364  -0.00012628
         2998  -3.3287e-05 -0.000854075   0.00101364  -0.00012628
         2999  -3.3287e-05 -0.000854075   0.00101364  -0.00012628
         3000  -3.3287e-05 -0.000854075   0.00101364  -0.00012628
         3001  -3.3287e-05 -0.000854075   0.00101364  -0.00012628
         3002  -3.3287e-05 -0.000854075   0.00101364  -0.00012628
         3003  -3.3287e-05 -0.000854075   0.00101364  -0.00012628
         3004  -3.3287e-05 -0.000854075   0.00101364  -0.00012628
         3005  -3.3287e-05 -0.000854075   0.00101364  -0.00012628
         3006  -3.3287e-05 -0.000854075   0.00101364  -0.00012628
         3007  -3.3287e-05 -0.000854075   0.00101364  -0.00012628
         3008  -3.3287e-05 -0.000854075   0.00101364  -0.00012628
         3009  -3.3287e-05 -0.000854075   0.00101364  -0.00012628
         3010  -3.3287e-05 -0.000854075   0.00101364  -0.00012628
         3011  -3.3287e-05 -0.000854075   0.00101364  -0.00012628
         3012  -3.3287e-05 -0.000854075   0.00101364  -0.00012628
         3013  -3.3287e-05 -0.000854075   0.00101364  -0.00012628
         3014  -3.3287e-05 -0.000854075   0.00101364  -0.00012628
         3015  -3.3287e-05 -0.000854075   0.00101364  -0.00012628
         3016  -3.3287e-05 -0.000854075   0.00101364  -0.00012628
         3017  -3.3287e-05 -0.000854075   0.00101364  -0.00012628
         3018  -3.3287e-05 -0.000854075   0.00101364  -0.00012628
         3019  -3.3287e-05 -0.000854075   0.00101364  -0.00012628
         3020  -3.3287e-05 -0.000854075   0.00101364  -0.00012628
         3021  -3.3287e-05 -0.000854075   0.00101364  -0.00012628
         3022  -3.3287e-05 -0.000854075   0.00101364  -0.00012628
         3023  -3.3287e-05 -0.000854075   0.00101364  -0.00012628
         3024  -3.3287e-05 -0.000854075   0.00101364  -0.00012628
         3025  -3.3287e-05 -0.000854075   0.00101364  -0.00012628
         3026  -3.3287e-05 -0.000854075   0.00101364  -0.00012628
         3027  -3.3287e-05 -0.000854075   0.00101364  -0.00012628
         3028  -3.3287e-05 -0.000854075   0.00101364  -0.00012628
         3029  -3.3287e-05 -0.000854075   0.00101364  -0.00012628
         3030  -3.3287e-05 -0.000854075   0.00101364  -0.00012628
         3031  -3.3287e-05 -0.000854075   0.00101364  -0.00012628
         3032  -3.3287e-05 -0.000854075   0.00101364  -0.00012628
         3033  -3.3287e-05 -0.000854075   0.00101364  -0.00012628
         3034  -3.3287e-05 -0.000854075   0.00101364  -0.00012628
         3035  -3.3287e-05 -0.000854075   0.00101364  -0.00012628
         3036  -3.3287e-05 -0.000854075   0.00101364  -0.00012628
         3037  -3.3287e-05 -0.000854075   0.00101364  -0.00012628
         3038  -3.3287e-05 -0.000854075   0.00101364  -0.00012628
         3039  -3.3287e-05 -0.000854075   0.00101364  -0.00012628
         3040  -3.3287e-05 -0.000854075   0.00101364  -0.00012628
         3041  -3.3287e-05 -0.000854075   0.00101364  -0.00012628
         3042  -3.3287e-05 -0.000854075   0.00101364  -0.00012628
         3043  -3.3287e-05 -0.000854075   0.00101364  -0.00012628
         3044  -3.3287e-05 -0.000854075   0.00101364  -0.00012628
         3045  -3.3287e-05 -0.000854075   0.00101364  -0.00012628
         3046  -3.3287e-05 -0.000854075   0.00101364  -0.00012628
         3047  -3.3287e-05 -0.000854075   0.00101364  -0.00012628
         3048  -3.3287e-05 -0.000854075   0.00101364  -0.00012628
         3049  -3.3287e-05 -0.000854075   0.00101364  -0.00012628
         3050  -3.3287e-05 -0.000854075   0.00101364  -0.00012628
         3051  -3.3287e-05 -0.000854075   0.00101364  -0.00012628
         3052  -3.3287e-05 -0.000854075   0.00101364  -0.00012628
         3053  -3.3287e-05 -0.000854075   0.00101364  -0.00012628
         3054  -3.3287e-05 -0.000854075   0.00101364  -0.00012628
         3055  -3.3287e-05 -0.000854075   0.00101364  -0.00012628
         3056  -3.3287e-05 -0.000854075   0.00101364  -0.00012628
         3057  -3.3287e-05 -0.000854075   0.00101364  -0.00012628
         3058  -3.3287e-05 -0.000854075   0.00101364  -0.00012628
         3059  -3.3287e-05 -0.000854075   0.00101364  -0.00012628
         3060  -3.3287e-05 -0.000854075   0.00101364  -0.00012628
         3061  -3.3287e-05 -0.000854075   0.00101364  -0.00012628
         3062  -3.3287e-05 -0.000854075   0.00101364  -0.00012628
         3063  -3.3287e-05 -0.000854075   0.00101364  -0.00012628
         3064  -3.3287e-05 -0.000854075   0.00101364  -0.00012628
         3065  -3.3287e-05 -0.000854075   0.00101364  -0.00012628
         3066  -3.3287e-05 -0.000854075   0.00101364  -0.00012628
         3067  -3.3287e-05 -0.000854075   0.00101364  -0.00012628
         3068  -3.3287e-05 -0.000854075   0.00101364  -0.00012628
         3069  -3.3287e-05 -0.000854075   0.00101364  -0.00012628
         3070  -3.3287e-05 -0.000854075   0.00101364  -0.00012628
         3071  -3.3287e-05 -0.000854075   0.00101364  -0.00012628
         3072  -3.3287e-05 -0.000854075   0.00101364  -0.00012628
         3073  -3.3287e-05 -0.000854075   0.00101364  -0.00012628
         3074  -3.3287e-05 -0.000854075   0.00101364 -0.000126281
         3075  -3.3287e-05 -0.000854075   0.00101364  -0.00012628
         3076  -3.3287e-05 -0.000854075   0.00101364 -0.000126281
         3077  -3.3287e-05 -0.000854075   0.00101364 -0.000126281
         3078  -3.3287e-05 -0.000854075   0.00101364 -0.000126281
         3079  -3.3287e-05 -0.000854075   0.00101364 -0.000126281
         3080  -3.3287e-05 -0.000854075   0.00101364 -0.000126281
         3081  -3.3287e-05 -0.000854075   0.00101364 -0.000126281
         3082  -3.3287e-05 -0.000854075   0.00101364 -0.000126281
         3083  -3.3287e-05 -0.000854075   0.00101364 -0.000126281
         3084  -3.3287e-05 -0.000854075   0.00101364 -0.000126281
         3085  -3.3287e-05 -0.000854075   0.00101364 -0.000126281
         3086  -3.3287e-05 -0.000854075   0.00101364 -0.000126281
         3087  -3.3287e-05 -0.000854075   0.00101364 -0.000126281
         3088  -3.3287e-05 -0.000854075   0.00101364 -0.000126281
         3089  -3.3287e-05 -0.000854075   0.00101364 -0.000126281
         3090  -3.3287e-05 -0.000854075   0.00101364 -0.000126281
         3091  -3.3287e-05 -0.000854075   0.00101364 -0.000126281
         3092  -3.3287e-05 -0.000854075   0.00101364 -0.000126281
         3093  -3.3287e-05 -0.000854075   0.00101364 -0.000126281
         3094  -3.3287e-05 -0.000854075   0.00101364 -0.000126281
         3095  -3.3287e-05 -0.000854075   0.00101364 -0.000126281
         3096  -3.3287e-05 -0.000854075   0.00101364 -0.000126281
         3097  -3.3287e-05 -0.000854075   0.00101364 -0.000126281
         3098  -3.3287e-05 -0.000854075   0.00101364 -0.000126281
         3099  -3.3287e-05 -0.000854075   0.00101364 -0.000126281
         3100  -3.3287e-05 -0.000854075   0.00101364 -0.000126281
         3101  -3.3287e-05 -0.000854075   0.00101364 -0.000126281
         3102  -3.3287e-05 -0.000854075   0.00101364 -0.000126281
         3103  -3.3287e-05 -0.000854075   0.00101364 -0.000126281
         3104  -3.3287e-05 -0.000854075   0.00101364 -0.000126281
         3105  -3.3287e-05 -0.000854075   0.00101364 -0.000126281
         3106  -3.3287e-05 -0.000854075   0.00101364 -0.000126281
         3107  -3.3287e-05 -0.000854075   0.00101364 -0.000126281
         3108  -3.3287e-05 -0.000854075   0.00101364 -0.000126281
         3109  -3.3287e-05 -0.000854075   0.00101364 -0.000126281
         3110  -3.3287e-05 -0.000854075   0.00101364 -0.000126281
         3111  -3.3287e-05 -0.000854075   0.00101364 -0.000126281
         3112  -3.3287e-05 -0.000854075   0.00101364 -0.000126281
         3113  -3.3287e-05 -0.000854075   0.00101364 -0.000126281
         3114  -3.3287e-05 -0.000854075   0.00101364 -0.000126281
         3115  -3.3287e-05 -0.000854075   0.00101364 -0.000126281
         3116  -3.3287e-05 -0.000854075   0.00101364 -0.000126281
         3117  -3.3287e-05 -0.000854075   0.00101364 -0.000126281
         3118  -3.3287e-05 -0.000854075   0.00101364 -0.000126281
         3119  -3.3287e-05 -0.000854075   0.00101364 -0.000126281
         3120  -3.3287e-05 -0.000854075   0.00101364 -0.000126281
         3121  -3.3287e-05 -0.000854075   0.00101364 -0.000126281
         3122  -3.3287e-05 -0.000854075   0.00101364 -0.000126281
         3123  -3.3287e-05 -0.000854075   0.00101364 -0.000126281
         3124  -3.3287e-05 -0.000854075   0.00101364 -0.000126281
         3125  -3.3287e-05 -0.000854075   0.00101364 -0.000126281
         3126  -3.3287e-05 -0.000854075   0.00101364 -0.000126281
         3127  -3.3287e-05 -0.000854075   0.00101364 -0.000126281
         3128  -3.3287e-05 -0.000854075   0.00101364 -0.000126281
         3129  -3.3287e-05 -0.000854075   0.00101364 -0.000126281
         3130  -3.3287e-05 -0.000854075   0.00101364 -0.000126281
         3131  -3.3287e-05 -0.000854075   0.00101364 -0.000126281
         3132  -3.3287e-05 -0.000854075   0.00101364 -0.000126281
         3133  -3.3287e-05 -0.000854075   0.00101364 -0.000126281
         3134  -3.3287e-05 -0.000854075   0.00101364 -0.000126281
         3135  -3.3287e-05 -0.000854075   0.00101364 -0.000126281
         3136  -3.3287e-05 -0.000854075   0.00101364 -0.000126281
         3137  -3.3287e-05 -0.000854075   0.00101364 -0.000126281
         3138  -3.3287e-05 -0.000854075   0.00101364 -0.000126281
         3139  -3.3287e-05 -0.000854075   0.00101364 -0.000126281
         3140  -3.3287e-05 -0.000854075   0.00101364 -0.000126281
         3141  -3.3287e-05 -0.000854075   0.00101364 -0.000126281
         3142  -3.3287e-05 -0.000854075   0.00101364 -0.000126281
         3143  -3.3287e-05 -0.000854075   0.00101364 -0.000126281
         3144  -3.3287e-05 -0.000854075   0.00101364 -0.000126281
         3145  -3.3287e-05 -0.000854075   0.00101364 -0.000126281
         3146  -3.3287e-05 -0.000854075   0.00101364 -0.000126281
         3147  -3.3287e-05 -0.000854075   0.00101364 -0.000126281
         3148  -3.3287e-05 -0.000854075   0.00101364 -0.000126281
         3149  -3.3287e-05 -0.000854075   0.00101364 -0.000126281
         3150  -3.3287e-05 -0.000854075   0.00101364 -0.000126281
         3151  -3.3287e-05 -0.000854075   0.00101364 -0.000126281
         3152  -3.3287e-05 -0.000854075   0.00101364 -0.000126281
         3153  -3.3287e-05 -0.000854075   0.00101364 -0.000126281
         3154  -3.3287e-05 -0.000854075   0.00101364 -0.000126281
         3155  -3.3287e-05 -0.000854075   0.00101364 -0.000126281
         3156  -3.3287e-05 -0.000854075   0.00101364 -0.000126281
         3157  -3.3287e-05 -0.000854075   0.00101364 -0.000126281
         3158  -3.3287e-05 -0.000854075   0.00101364 -0.000126281
         3159  -3.3287e-05 -0.000854075   0.00101364 -0.000126281
         3160  -3.3287e-05 -0.000854075   0.00101364 -0.000126281
         3161  -3.3287e-05 -0.000854075   0.00101364 -0.000126281
         3162  -3.3287e-05 -0.000854075   0.00101364 -0.000126281
         3163  -3.3287e-05 -0.000854075   0.00101364 -0.000126281
         3164  -3.3287e-05 -0.000854075   0.00101364 -0.000126281
         3165  -3.3287e-05 -0.000854075   0.00101364 -0.000126281
         3166  -3.3287e-05 -0.000854075   0.00101364 -0.000126281
         3167  -3.3287e-05 -0.000854075   0.00101364 -0.000126281
         3168  -3.3287e-05 -0.000854075   0.00101364 -0.000126281
         3169  -3.3287e-05 -0.000854075   0.00101364 -0.000126281
         3170  -3.3287e-05 -0.000854075   0.00101364 -0.000126281
         3171  -3.3287e-05 -0.000854075   0.00101364 -0.000126281
         3172  -3.3287e-05 -0.000854075   0.00101364 -0.000126281
         3173  -3.3287e-05 -0.000854075   0.00101364 -0.000126281
         3174  -3.3287e-05 -0.000854075   0.00101364 -0.000126281
         3175  -3.3287e-05 -0.000854075   0.00101364 -0.000126281
         3176  -3.3287e-05 -0.000854075   0.00101364 -0.000126281
         3177  -3.3287e-05 -0.000854075   0.00101364 -0.000126281
         3178  -3.3287e-05 -0.000854075   0.00101364 -0.000126281
         3179  -3.3287e-05 -0.000854075   0.00101364 -0.000126281
         3180  -3.3287e-05 -0.000854075   0.00101364 -0.000126281
         3181  -3.3287e-05 -0.000854075   0.00101364 -0.000126281
         3182  -3.3287e-05 -0.000854075   0.00101364 -0.000126281
         3183  -3.3287e-05 -0.000854075   0.00101364 -0.000126281
         3184  -3.3287e-05 -0.000854075   0.00101364 -0.000126281
         3185  -3.3287e-05 -0.000854075   0.00101364 -0.000126281
         3186  -3.3287e-05 -0.000854075   0.00101364 -0.000126281
         3187  -3.3287e-05 -0.000854075   0.00101364 -0.000126281
         3188  -3.3287e-05 -0.000854075   0.00101364 -0.000126281
         3189  -3.3287e-05 -0.000854075   0.00101364 -0.000126281
         3190  -3.3287e-05 -0.000854075   0.00101364 -0.000126281
         3191  -3.3287e-05 -0.000854075   0.00101364 -0.000126281
         3192  -3.3287e-05 -0.000854075   0.00101364 -0.000126281
         3193  -3.3287e-05 -0.000854075   0.00101364 -0.000126281
         3194  -3.3287e-05 -0.000854075   0.00101364 -0.000126281
         3195  -3.3287e-05 -0.000854075   0.00101364 -0.000126281
         3196  -3.3287e-05 -0.000854075   0.00101364 -0.000126281
         3197  -3.3287e-05 -0.000854075   0.00101364 -0.000126281
         3198  -3.3287e-05 -0.000854075   0.00101364 -0.000126281
         3199  -3.3287e-05 -0.000854075   0.00101364 -0.000126281
         3200  -3.3287e-05 -0.000854075   0.00101364 -0.000126281
         3201  -3.3287e-05 -0.000854075   0.00101364 -0.000126281
         3202  -3.3287e-05 -0.000854075   0.00101364 -0.000126281
         3203  -3.3287e-05 -0.000854075   0.00101364 -0.000126281
         3204  -3.3287e-05 -0.000854075   0.00101364 -0.000126281
         3205  -3.3287e-05 -0.000854075   0.00101364 -0.000126281
         3206  -3.3287e-05 -0.000854075   0.00101364 -0.000126281
         3207  -3.3287e-05 -0.000854075   0.00101364 -0.000126281
         3208  -3.3287e-05 -0.000854075   0.00101364 -0.000126281
         3209  -3.3287e-05 -0.000854075   0.00101364 -0.000126281
         3210  -3.3287e-05 -0.000854075   0.00101364 -0.000126281
         3211  -3.3287e-05 -0.000854075   0.00101364 -0.000126281
         3212  -3.3287e-05 -0.000854075   0.00101364 -0.000126281
         3213  -3.3287e-05 -0.000854075   0.00101364 -0.000126281
         3214  -3.3287e-05 -0.000854075   0.00101364 -0.000126281
         3215  -3.3287e-05 -0.000854075   0.00101364 -0.000126281
         3216  -3.3287e-05 -0.000854075   0.00101364 -0.000126281
         3217  -3.3287e-05 -0.000854075   0.00101364 -0.000126281
         3218  -3.3287e-05 -0.000854075   0.00101364 -0.000126281
         3219  -3.3287e-05 -0.000854075   0.00101364 -0.000126281
         3220  -3.3287e-05 -0.000854075   0.00101364 -0.000126281
         3221  -3.3287e-05 -0.000854075   0.00101364 -0.000126281
         3222  -3.3287e-05 -0.000854075   0.00101364 -0.000126281
         3223  -3.3287e-05 -0.000854075   0.00101364 -0.000126281
         3224  -3.3287e-05 -0.000854075   0.00101364 -0.000126281
         3225  -3.3287e-05 -0.000854075   0.00101364 -0.000126281
         3226  -3.3287e-05 -0.000854075   0.00101364 -0.000126281
         3227  -3.3287e-05 -0.000854075   0.00101364 -0.000126281
         3228  -3.3287e-05 -0.000854075   0.00101364 -0.000126281
         3229  -3.3287e-05 -0.000854075   0.00101364 -0.000126281
         3230  -3.3287e-05 -0.000854075   0.00101364 -0.000126281
         3231  -3.3287e-05 -0.000854075   0.00101364 -0.000126281
         3232  -3.3287e-05 -0.000854075   0.00101364 -0.000126281
         3233  -3.3287e-05 -0.000854075   0.00101364 -0.000126281
         3234  -3.3287e-05 -0.000854075   0.00101364 -0.000126281
         3235  -3.3287e-05 -0.000854075   0.00101364 -0.000126281
         3236  -3.3287e-05 -0.000854075   0.00101364 -0.000126281
         3237  -3.3287e-05 -0.000854075   0.00101364 -0.000126281
         3238  -3.3287e-05 -0.000854075   0.00101364 -0.000126281
         3239  -3.3287e-05 -0.000854075   0.00101364 -0.000126281
         3240  -3.3287e-05 -0.000854075   0.00101364 -0.000126281
         3241  -3.3287e-05 -0.000854075   0.00101364 -0.000126281
         3242  -3.3287e-05 -0.000854075   0.00101364 -0.000126281
         3243  -3.3287e-05 -0.000854075   0.00101364 -0.000126281
         3244  -3.3287e-05 -0.000854075   0.00101364 -0.000126281
         3245  -3.3287e-05 -0.000854075   0.00101364 -0.000126281
         3246  -3.3287e-05 -0.000854075   0.00101364 -0.000126281
         3247  -3.3287e-05 -0.000854075   0.00101364 -0.000126281
         3248  -3.3287e-05 -0.000854075   0.00101364 -0.000126281
         3249  -3.3287e-05 -0.000854075   0.00101364 -0.000126281
         3250  -3.3287e-05 -0.000854075   0.00101364 -0.000126281
         3251  -3.3287e-05 -0.000854075   0.00101364 -0.000126281
         3252  -3.3287e-05 -0.000854075   0.00101364 -0.000126281
         3253  -3.3287e-05 -0.000854075   0.00101364 -0.000126281
         3254  -3.3287e-05 -0.000854075   0.00101364 -0.000126281
         3255  -3.3287e-05 -0.000854075   0.00101364 -0.000126281
         3256  -3.3287e-05 -0.000854075   0.00101364 -0.000126281
         3257  -3.3287e-05 -0.000854075   0.00101364 -0.000126281
         3258  -3.3287e-05 -0.000854075   0.00101364 -0.000126281
         3259  -3.3287e-05 -0.000854075   0.00101364 -0.000126281
         3260  -3.3287e-05 -0.000854075   0.00101364 -0.000126281
         3261  -3.3287e-05 -0.000854075   0.00101364 -0.000126281
         3262  -3.3287e-05 -0.000854075   0.00101364 -0.000126281
         3263  -3.3287e-05 -0.000854075   0.00101364 -0.000126281
         3264  -3.3287e-05 -0.000854075   0.00101364 -0.000126281
         3265  -3.3287e-05 -0.000854075   0.00101364 -0.000126281
         3266  -3.3287e-05 -0.000854075   0.00101364 -0.000126281
         3267  -3.3287e-05 -0.000854075   0.00101364 -0.000126281
         3268  -3.3287e-05 -0.000854075   0.00101364 -0.000126281
         3269  -3.3287e-05 -0.000854075   0.00101364 -0.000126281
         3270  -3.3287e-05 -0.000854075   0.00101364 -0.000126281
         3271  -3.3287e-05 -0.000854075   0.00101364 -0.000126281
         3272  -3.3287e-05 -0.000854075   0.00101364 -0.000126281
         3273  -3.3287e-05 -0.000854075   0.00101364 -0.000126281
         3274  -3.3287e-05 -0.000854075   0.00101364 -0.000126281
         3275  -3.3287e-05 -0.000854075   0.00101364 -0.000126281
         3276  -3.3287e-05 -0.000854075   0.00101364 -0.000126281
         3277  -3.3287e-05 -0.000854075   0.00101364 -0.000126281
         3278  -3.3287e-05 -0.000854075   0.00101364 -0.000126281
         3279  -3.3287e-05 -0.000854075   0.00101364 -0.000126281
         3280  -3.3287e-05 -0.000854075   0.00101364 -0.000126281
         3281  -3.3287e-05 -0.000854075   0.00101364 -0.000126281
         3282  -3.3287e-05 -0.000854075   0.00101364 -0.000126281
         3283  -3.3287e-05 -0.000854075   0.00101364 -0.000126281
         3284  -3.3287e-05 -0.000854075   0.00101364 -0.000126281
         3285  -3.3287e-05 -0.000854075   0.00101364 -0.000126281
         3286  -3.3287e-05 -0.000854075   0.00101364 -0.000126281
         3287  -3.3287e-05 -0.000854075   0.00101364 -0.000126281
         3288  -3.3287e-05 -0.000854075   0.00101364 -0.000126281
         3289  -3.3287e-05 -0.000854075   0.00101364 -0.000126281
         3290  -3.3287e-05 -0.000854075   0.00101364 -0.000126281
         3291  -3.3287e-05 -0.000854075   0.00101364 -0.000126281
         3292  -3.3287e-05 -0.000854075   0.00101364 -0.000126281
         3293  -3.3287e-05 -0.000854075   0.00101364 -0.000126281
         3294  -3.3287e-05 -0.000854075   0.00101364 -0.000126281
         3295  -3.3287e-05 -0.000854075   0.00101364 -0.000126281
         3296  -3.3287e-05 -0.000854075   0.00101364 -0.000126281
         3297  -3.3287e-05 -0.000854075   0.00101364 -0.000126281
         3298  -3.3287e-05 -0.000854075   0.00101364 -0.000126281
         3299  -3.3287e-05 -0.000854075   0.00101364 -0.000126281
         3300  -3.3287e-05 -0.000854075   0.00101364 -0.000126281
         3301  -3.3287e-05 -0.000854075   0.00101364 -0.000126281
         3302  -3.3287e-05 -0.000854075   0.00101364 -0.000126281
         3303  -3.3287e-05 -0.000854075   0.00101364 -0.000126281
         3304  -3.3287e-05 -0.000854075   0.00101364 -0.000126281
         3305  -3.3287e-05 -0.000854075   0.00101364 -0.000126281
         3306  -3.3287e-05 -0.000854075   0.00101364 -0.000126281
         3307  -3.3287e-05 -0.000854075   0.00101364 -0.000126281
         3308  -3.3287e-05 -0.000854075   0.00101364 -0.000126281
         3309  -3.3287e-05 -0.000854075   0.00101364 -0.000126281
         3310  -3.3287e-05 -0.000854075   0.00101364 -0.000126281
         3311  -3.3287e-05 -0.000854075   0.00101364 -0.000126281
         3312  -3.3287e-05 -0.000854075   0.00101364 -0.000126281
         3313  -3.3287e-05 -0.000854075   0.00101364 -0.000126281
         3314  -3.3287e-05 -0.000854075   0.00101364 -0.000126281
         3315  -3.3287e-05 -0.000854075   0.00101364 -0.000126281
         3316  -3.3287e-05 -0.000854075   0.00101364 -0.000126281
         3317  -3.3287e-05 -0.000854075   0.00101364 -0.000126281
         3318  -3.3287e-05 -0.000854075   0.00101364 -0.000126281
         3319  -3.3287e-05 -0.000854075   0.00101364 -0.000126281
         3320  -3.3287e-05 -0.000854075   0.00101364 -0.000126281
         3321  -3.3287e-05 -0.000854075   0.00101364 -0.000126281
         3322  -3.3287e-05 -0.000854075   0.00101364 -0.000126281
         3323  -3.3287e-05 -0.000854075   0.00101364 -0.000126281
         3324  -3.3287e-05 -0.000854075   0.00101364 -0.000126281
         3325  -3.3287e-05 -0.000854075   0.00101364 -0.000126281
         3326  -3.3287e-05 -0.000854075   0.00101364 -0.000126281
         3327  -3.3287e-05 -0.000854075   0.00101364 -0.000126281
         3328  -3.3287e-05 -0.000854075   0.00101364 -0.000126281
         3329  -3.3287e-05 -0.000854075   0.00101364 -0.000126281
         3330  -3.3287e-05 -0.000854075   0.00101364 -0.000126281
         3331  -3.3287e-05 -0.000854075   0.00101364 -0.000126281
         3332  -3.3287e-05 -0.000854075   0.00101364 -0.000126281
         3333  -3.3287e-05 -0.000854075   0.00101364 -0.000126281
         3334  -3.3287e-05 -0.000854075   0.00101364 -0.000126281
         3335  -3.3287e-05 -0.000854075   0.00101364 -0.000126281
         3336  -3.3287e-05 -0.000854075   0.00101364 -0.000126281
         3337  -3.3287e-05 -0.000854075   0.00101364 -0.000126281
         3338  -3.3287e-05 -0.000854075   0.00101364 -0.000126281
         3339  -3.3287e-05 -0.000854075   0.00101364 -0.000126281
         3340  -3.3287e-05 -0.000854075   0.00101364 -0.000126281
         3341  -3.3287e-05 -0.000854075   0.00101364 -0.000126281
         3342  -3.3287e-05 -0.000854075   0.00101364 -0.000126281
         3343  -3.3287e-05 -0.000854075   0.00101364 -0.000126281
         3344  -3.3287e-05 -0.000854075   0.00101364 -0.000126281
         3345  -3.3287e-05 -0.000854075   0.00101364 -0.000126281
         3346  -3.3287e-05 -0.000854075   0.00101364 -0.000126281
         3347  -3.3287e-05 -0.000854075   0.00101364 -0.000126281
         3348  -3.3287e-05 -0.000854075   0.00101364 -0.000126281
         3349  -3.3287e-05 -0.000854075   0.00101364 -0.000126281
         3350  -3.3287e-05 -0.000854075   0.00101364 -0.000126281
         3351  -3.3287e-05 -0.000854075   0.00101364 -0.000126281
         3352  -3.3287e-05 -0.000854075   0.00101364 -0.000126281
         3353  -3.3287e-05 -0.000854075   0.00101364 -0.000126281
         3354  -3.3287e-05 -0.000854075   0.00101364 -0.000126281
         3355  -3.3287e-05 -0.000854075   0.00101364 -0.000126281
         3356  -3.3287e-05 -0.000854075   0.00101364 -0.000126281
         3357  -3.3287e-05 -0.000854075   0.00101364 -0.000126281
         3358  -3.3287e-05 -0.000854075   0.00101364 -0.000126281
         3359  -3.3287e-05 -0.000854075   0.00101364 -0.000126281
         3360  -3.3287e-05 -0.000854075   0.00101364 -0.000126281
         3361  -3.3287e-05 -0.000854075   0.00101364 -0.000126281
         3362  -3.3287e-05 -0.000854075   0.00101364 -0.000126281
         3363  -3.3287e-05 -0.000854075   0.00101364 -0.000126281
         3364  -3.3287e-05 -0.000854075   0.00101364 -0.000126281
         3365  -3.3287e-05 -0.000854075   0.00101364 -0.000126281
         3366  -3.3287e-05 -0.000854075   0.00101364 -0.000126281
         3367  -3.3287e-05 -0.000854075   0.00101364 -0.000126281
         3368  -3.3287e-05 -0.000854075   0.00101364 -0.000126281
         3369  -3.3287e-05 -0.000854075   0.00101364 -0.000126281
         3370  -3.3287e-05 -0.000854075   0.00101364 -0.000126281
         3371  -3.3287e-05 -0.000854075   0.00101364 -0.000126281
         3372  -3.3287e-05 -0.000854075   0.00101364 -0.000126281
         3373  -3.3287e-05 -0.000854075   0.00101364 -0.000126281
         3374  -3.3287e-05 -0.000854075   0.00101364 -0.000126281
         3375  -3.3287e-05 -0.000854075   0.00101364 -0.000126281
         3376  -3.3287e-05 -0.000854075   0.00101364 -0.000126281
         3377  -3.3287e-05 -0.000854075   0.00101364 -0.000126281
         3378  -3.3287e-05 -0.000854075   0.00101364 -0.000126281
         3379  -3.3287e-05 -0.000854075   0.00101364 -0.000126281
         3380  -3.3287e-05 -0.000854075   0.00101364 -0.000126281
         3381  -3.3287e-05 -0.000854075   0.00101364 -0.000126281
         3382  -3.3287e-05 -0.000854075   0.00101364 -0.000126281
         3383  -3.3287e-05 -0.000854075   0.00101364 -0.000126281
         3384  -3.3287e-05 -0.000854075   0.00101364 -0.000126281
         3385  -3.3287e-05 -0.000854075   0.00101364 -0.000126281
         3386  -3.3287e-05 -0.000854075   0.00101364 -0.000126281
         3387  -3.3287e-05 -0.000854075   0.00101364 -0.000126281
         3388  -3.3287e-05 -0.000854075   0.00101364 -0.000126281
         3389  -3.3287e-05 -0.000854075   0.00101364 -0.000126281
         3390  -3.3287e-05 -0.000854075   0.00101364 -0.000126281
         3391  -3.3287e-05 -0.000854075   0.00101364 -0.000126281
         3392  -3.3287e-05 -0.000854075   0.00101364 -0.000126281
         3393  -3.3287e-05 -0.000854075   0.00101364 -0.000126281
         3394  -3.3287e-05 -0.000854075   0.00101364 -0.000126281
         3395  -3.3287e-05 -0.000854075   0.00101364 -0.000126281
         3396  -3.3287e-05 -0.000854075   0.00101364 -0.000126281
         3397  -3.3287e-05 -0.000854075   0.00101364 -0.000126281
         3398  -3.3287e-05 -0.000854075   0.00101364 -0.000126281
         3399  -3.3287e-05 -0.000854075   0.00101364 -0.000126281
         3400  -3.3287e-05 -0.000854075   0.00101364 -0.000126281
         3401  -3.3287e-05 -0.000854075   0.00101364 -0.000126281
         3402  -3.3287e-05 -0.000854075   0.00101364 -0.000126281
         3403  -3.3287e-05 -0.000854075   0.00101364 -0.000126281
         3404  -3.3287e-05 -0.000854075   0.00101364 -0.000126281
         3405  -3.3287e-05 -0.000854075   0.00101364 -0.000126281
         3406  -3.3287e-05 -0.000854075   0.00101364 -0.000126281
         3407  -3.3287e-05 -0.000854075   0.00101364 -0.000126281
         3408  -3.3287e-05 -0.000854075   0.00101364 -0.000126281
         3409  -3.3287e-05 -0.000854075   0.00101364 -0.000126281
         3410  -3.3287e-05 -0.000854075   0.00101364 -0.000126281
         3411  -3.3287e-05 -0.000854075   0.00101364 -0.000126281
         3412  -3.3287e-05 -0.000854075   0.00101364 -0.000126281
         3413  -3.3287e-05 -0.000854075   0.00101364 -0.000126281
         3414  -3.3287e-05 -0.000854075   0.00101364 -0.000126281
         3415  -3.3287e-05 -0.000854075   0.00101364 -0.000126281
         3416  -3.3287e-05 -0.000854075   0.00101364 -0.000126281
         3417  -3.3287e-05 -0.000854075   0.00101364 -0.000126281
         3418  -3.3287e-05 -0.000854075   0.00101364 -0.000126281
         3419  -3.3287e-05 -0.000854075   0.00101364 -0.000126281
         3420  -3.3287e-05 -0.000854075   0.00101364 -0.000126281
         3421  -3.3287e-05 -0.000854075   0.00101364 -0.000126281
         3422  -3.3287e-05 -0.000854075   0.00101364 -0.000126281
         3423  -3.3287e-05 -0.000854075   0.00101364 -0.000126281
         3424  -3.3287e-05 -0.000854075   0.00101364 -0.000126281
         3425  -3.3287e-05 -0.000854075   0.00101364 -0.000126281
         3426  -3.3287e-05 -0.000854075   0.00101364 -0.000126281
         3427  -3.3287e-05 -0.000854075   0.00101364 -0.000126281
         3428  -3.3287e-05 -0.000854075   0.00101364 -0.000126281
         3429  -3.3287e-05 -0.000854075   0.00101364 -0.000126281
         3430  -3.3287e-05 -0.000854075   0.00101364 -0.000126281
         3431  -3.3287e-05 -0.000854075   0.00101364 -0.000126281
         3432  -3.3287e-05 -0.000854075   0.00101364 -0.000126281
         3433  -3.3287e-05 -0.000854075   0.00101364 -0.000126281
         3434  -3.3287e-05 -0.000854075   0.00101364 -0.000126281
         3435  -3.3287e-05 -0.000854075   0.00101364 -0.000126281
         3436  -3.3287e-05 -0.000854075   0.00101364 -0.000126281
         3437  -3.3287e-05 -0.000854075   0.00101364 -0.000126281
         3438  -3.3287e-05 -0.000854075   0.00101364 -0.000126281
         3439  -3.3287e-05 -0.000854075   0.00101364 -0.000126281
         3440  -3.3287e-05 -0.000854075   0.00101364 -0.000126281
         3441  -3.3287e-05 -0.000854075   0.00101364 -0.000126281
         3442  -3.3287e-05 -0.000854075   0.00101364 -0.000126281
         3443  -3.3287e-05 -0.000854075   0.00101364 -0.000126281
         3444  -3.3287e-05 -0.000854075   0.00101364 -0.000126281
         3445  -3.3287e-05 -0.000854075   0.00101364 -0.000126281
         3446  -3.3287e-05 -0.000854075   0.00101364 -0.000126281
         3447  -3.3287e-05 -0.000854075   0.00101364 -0.000126281
         3448  -3.3287e-05 -0.000854075   0.00101364 -0.000126281
         3449  -3.3287e-05 -0.000854075   0.00101364 -0.000126281
         3450  -3.3287e-05 -0.000854075   0.00101364 -0.000126281
         3451  -3.3287e-05 -0.000854075   0.00101364 -0.000126281
         3452  -3.3287e-05 -0.000854075   0.00101364 -0.000126281
         3453  -3.3287e-05 -0.000854075   0.00101364 -0.000126281
         3454  -3.3287e-05 -0.000854075   0.00101364 -0.000126281
         3455  -3.3287e-05 -0.000854075   0.00101364 -0.000126281
         3456  -3.3287e-05 -0.000854075   0.00101364 -0.000126281
         3457  -3.3287e-05 -0.000854075   0.00101364 -0.000126281
         3458  -3.3287e-05 -0.000854075   0.00101364 -0.000126281
         3459  -3.3287e-05 -0.000854075   0.00101364 -0.000126281
         3460  -3.3287e-05 -0.000854075   0.00101364 -0.000126281
         3461  -3.3287e-05 -0.000854075   0.00101364 -0.000126281
         3462  -3.3287e-05 -0.000854075   0.00101364 -0.000126281
         3463  -3.3287e-05 -0.000854075   0.00101364 -0.000126281
         3464  -3.3287e-05 -0.000854075   0.00101364 -0.000126281
         3465  -3.3287e-05 -0.000854075   0.00101364 -0.000126281
         3466  -3.3287e-05 -0.000854075   0.00101364 -0.000126281
         3467  -3.3287e-05 -0.000854075   0.00101364 -0.000126281
         3468  -3.3287e-05 -0.000854075   0.00101364 -0.000126281
         3469  -3.3287e-05 -0.000854075   0.00101364 -0.000126281
         3470  -3.3287e-05 -0.000854075   0.00101364 -0.000126281
         3471  -3.3287e-05 -0.000854075   0.00101364 -0.000126281
         3472  -3.3287e-05 -0.000854075   0.00101364 -0.000126281
         3473  -3.3287e-05 -0.000854075   0.00101364 -0.000126281
         3474  -3.3287e-05 -0.000854075   0.00101364 -0.000126281
         3475  -3.3287e-05 -0.000854075   0.00101364 -0.000126281
         3476  -3.3287e-05 -0.000854075   0.00101364 -0.000126281
         3477  -3.3287e-05 -0.000854075   0.00101364 -0.000126281
         3478  -3.3287e-05 -0.000854075   0.00101364 -0.000126281
         3479  -3.3287e-05 -0.000854075   0.00101364 -0.000126281
         3480  -3.3287e-05 -0.000854075   0.00101364 -0.000126281
         3481  -3.3287e-05 -0.000854075   0.00101364 -0.000126281
         3482  -3.3287e-05 -0.000854075   0.00101364 -0.000126281
         3483  -3.3287e-05 -0.000854075   0.00101364 -0.000126281
         3484  -3.3287e-05 -0.000854075   0.00101364 -0.000126281
         3485  -3.3287e-05 -0.000854075   0.00101364 -0.000126281
         3486  -3.3287e-05 -0.000854075   0.00101364 -0.000126281
         3487  -3.3287e-05 -0.000854075   0.00101364 -0.000126281
         3488  -3.3287e-05 -0.000854075   0.00101364 -0.000126281
         3489  -3.3287e-05 -0.000854075   0.00101364 -0.000126281
         3490  -3.3287e-05 -0.000854075   0.00101364 -0.000126281
         3491  -3.3287e-05 -0.000854075   0.00101364 -0.000126281
         3492  -3.3287e-05 -0.000854075   0.00101364 -0.000126281
         3493  -3.3287e-05 -0.000854075   0.00101364 -0.000126281
         3494  -3.3287e-05 -0.000854075   0.00101364 -0.000126281
         3495  -3.3287e-05 -0.000854075   0.00101364 -0.000126281
         3496  -3.3287e-05 -0.000854075   0.00101364 -0.000126281
         3497  -3.3287e-05 -0.000854075   0.00101364 -0.000126281
         3498  -3.3287e-05 -0.000854075   0.00101364 -0.000126281
         3499  -3.3287e-05 -0.000854075   0.00101364 -0.000126281
         3500  -3.3287e-05 -0.000854075   0.00101364 -0.000126281
         3501  -3.3287e-05 -0.000854075   0.00101364 -0.000126281
         3502  -3.3287e-05 -0.000854075   0.00101364 -0.000126281
         3503  -3.3287e-05 -0.000854075   0.00101364 -0.000126281
         3504  -3.3287e-05 -0.000854075   0.00101364 -0.000126281
         3505  -3.3287e-05 -0.000854075   0.00101364 -0.000126281
         3506  -3.3287e-05 -0.000854075   0.00101364 -0.000126281
         3507  -3.3287e-05 -0.000854075   0.00101364 -0.000126281
         3508  -3.3287e-05 -0.000854075   0.00101364 -0.000126281
         3509  -3.3287e-05 -0.000854075   0.00101364 -0.000126281
         3510  -3.3287e-05 -0.000854075   0.00101364 -0.000126281
         3511  -3.3287e-05 -0.000854075   0.00101364 -0.000126281
         3512  -3.3287e-05 -0.000854075   0.00101364 -0.000126281
         3513  -3.3287e-05 -0.000854075   0.00101364 -0.000126281
         3514  -3.3287e-05 -0.000854075   0.00101364 -0.000126281
         3515  -3.3287e-05 -0.000854075   0.00101364 -0.000126281
         3516  -3.3287e-05 -0.000854075   0.00101364 -0.000126281
         3517  -3.3287e-05 -0.000854075   0.00101364 -0.000126281
         3518  -3.3287e-05 -0.000854075   0.00101364 -0.000126281
         3519  -3.3287e-05 -0.000854075   0.00101364 -0.000126281
         3520  -3.3287e-05 -0.000854075   0.00101364 -0.000126281
         3521  -3.3287e-05 -0.000854075   0.00101364 -0.000126281
         3522  -3.3287e-05 -0.000854075   0.00101364 -0.000126281
         3523  -3.3287e-05 -0.000854075   0.00101364 -0.000126281
         3524  -3.3287e-05 -0.000854075   0.00101364 -0.000126281
         3525  -3.3287e-05 -0.000854075   0.00101364 -0.000126281
         3526  -3.3287e-05 -0.000854075   0.00101364 -0.000126281
         3527  -3.3287e-05 -0.000854075   0.00101364 -0.000126281
         3528  -3.3287e-05 -0.000854075   0.00101364 -0.000126281
         3529  -3.3287e-05 -0.000854075   0.00101364 -0.000126281
         3530  -3.3287e-05 -0.000854075   0.00101364 -0.000126281
         3531  -3.3287e-05 -0.000854075   0.00101364 -0.000126281
         3532  -3.3287e-05 -0.000854075   0.00101364 -0.000126281
         3533  -3.3287e-05 -0.000854075   0.00101364 -0.000126281
         3534  -3.3287e-05 -0.000854075   0.00101364 -0.000126281
         3535  -3.3287e-05 -0.000854075   0.00101364 -0.000126281
         3536  -3.3287e-05 -0.000854075   0.00101364 -0.000126281
         3537  -3.3287e-05 -0.000854075   0.00101364 -0.000126281
         3538  -3.3287e-05 -0.000854075   0.00101364 -0.000126281
         3539  -3.3287e-05 -0.000854075   0.00101364 -0.000126281
         3540  -3.3287e-05 -0.000854075   0.00101364 -0.000126281
         3541  -3.3287e-05 -0.000854075   0.00101364 -0.000126281
         3542  -3.3287e-05 -0.000854075   0.00101364 -0.000126281
         3543  -3.3287e-05 -0.000854075   0.00101364 -0.000126281
         3544  -3.3287e-05 -0.000854075   0.00101364 -0.000126281
         3545  -3.3287e-05 -0.000854075   0.00101364 -0.000126281
         3546  -3.3287e-05 -0.000854075   0.00101364 -0.000126281
         3547  -3.3287e-05 -0.000854075   0.00101364 -0.000126281
         3548  -3.3287e-05 -0.000854075   0.00101364 -0.000126281
         3549  -3.3287e-05 -0.000854075   0.00101364 -0.000126281
         3550  -3.3287e-05 -0.000854075   0.00101364 -0.000126281
         3551  -3.3287e-05 -0.000854075   0.00101364 -0.000126281
         3552  -3.3287e-05 -0.000854075   0.00101364 -0.000126281
         3553  -3.3287e-05 -0.000854075   0.00101364 -0.000126281
         3554  -3.3287e-05 -0.000854075   0.00101364 -0.000126281
         3555  -3.3287e-05 -0.000854075   0.00101364 -0.000126281
         3556  -3.3287e-05 -0.000854075   0.00101364 -0.000126281
         3557  -3.3287e-05 -0.000854075   0.00101364 -0.000126281
         3558  -3.3287e-05 -0.000854075   0.00101364 -0.000126281
         3559  -3.3287e-05 -0.000854075   0.00101364 -0.000126281
         3560  -3.3287e-05 -0.000854075   0.00101364 -0.000126281
         3561  -3.3287e-05 -0.000854075   0.00101364 -0.000126281
         3562  -3.3287e-05 -0.000854075   0.00101364 -0.000126281
         3563  -3.3287e-05 -0.000854075   0.00101364 -0.000126281
         3564  -3.3287e-05 -0.000854075   0.00101364 -0.000126281
         3565  -3.3287e-05 -0.000854075   0.00101364 -0.000126281
         3566  -3.3287e-05 -0.000854075   0.00101364 -0.000126281
         3567  -3.3287e-05 -0.000854075   0.00101364 -0.000126281
         3568  -3.3287e-05 -0.000854075   0.00101364 -0.000126281
         3569  -3.3287e-05 -0.000854075   0.00101364 -0.000126281
         3570  -3.3287e-05 -0.000854075   0.00101364 -0.000126281
         3571  -3.3287e-05 -0.000854075   0.00101364 -0.000126281
         3572  -3.3287e-05 -0.000854075   0.00101364 -0.000126281
         3573  -3.3287e-05 -0.000854075   0.00101364 -0.000126281
         3574  -3.3287e-05 -0.000854075   0.00101364 -0.000126281
         3575  -3.3287e-05 -0.000854075   0.00101364 -0.000126281
         3576  -3.3287e-05 -0.000854075   0.00101364 -0.000126281
         3577  -3.3287e-05 -0.000854075   0.00101364 -0.000126281
         3578  -3.3287e-05 -0.000854075   0.00101364 -0.000126281
         3579  -3.3287e-05 -0.000854075   0.00101364 -0.000126281
         3580  -3.3287e-05 -0.000854075   0.00101364 -0.000126281
         3581  -3.3287e-05 -0.000854075   0.00101364 -0.000126281
         3582  -3.3287e-05 -0.000854075   0.00101364 -0.000126281
         3583  -3.3287e-05 -0.000854075   0.00101364 -0.000126281
         3584  -3.3287e-05 -0.000854075   0.00101364 -0.000126281
         3585  -3.3287e-05 -0.000854075   0.00101364 -0.000126281
         3586  -3.3287e-05 -0.000854075   0.00101364 -0.000126281
         3587  -3.3287e-05 -0.000854075   0.00101364 -0.000126281
         3588  -3.3287e-05 -0.000854075   0.00101364 -0.000126281
         3589  -3.3287e-05 -0.000854075   0.00101364 -0.000126281
         3590  -3.3287e-05 -0.000854075   0.00101364 -0.000126281
         3591  -3.3287e-05 -0.000854075   0.00101364 -0.000126281
         3592  -3.3287e-05 -0.000854075   0.00101364 -0.000126281
         3593  -3.3287e-05 -0.000854075   0.00101364 -0.000126281
         3594  -3.3287e-05 -0.000854075   0.00101364 -0.000126281
         3595  -3.3287e-05 -0.000854075   0.00101364 -0.000126281
         3596  -3.3287e-05 -0.000854075   0.00101364 -0.000126281
         3597  -3.3287e-05 -0.000854075   0.00101364 -0.000126281
         3598  -3.3287e-05 -0.000854075   0.00101364 -0.000126281
         3599  -3.3287e-05 -0.000854075   0.00101364 -0.000126281
         3600  -3.3287e-05 -0.000854075   0.00101364 -0.000126281
         3601  -3.3287e-05 -0.000854075   0.00101364 -0.000126281
         3602  -3.3287e-05 -0.000854075   0.00101364 -0.000126281
         3603  -3.3287e-05 -0.000854075   0.00101364 -0.000126281
         3604  -3.3287e-05 -0.000854075   0.00101364 -0.000126281
         3605  -3.3287e-05 -0.000854075   0.00101364 -0.000126281
         3606  -3.3287e-05 -0.000854075   0.00101364 -0.000126281
         3607  -3.3287e-05 -0.000854075   0.00101364 -0.000126281
         3608  -3.3287e-05 -0.000854075   0.00101364 -0.000126281
         3609  -3.3287e-05 -0.000854075   0.00101364 -0.000126281
         3610  -3.3287e-05 -0.000854075   0.00101364 -0.000126281
         3611  -3.3287e-05 -0.000854075   0.00101364 -0.000126281
         3612  -3.3287e-05 -0.000854075   0.00101364 -0.000126281
         3613  -3.3287e-05 -0.000854075   0.00101364 -0.000126281
         3614  -3.3287e-05 -0.000854075   0.00101364 -0.000126281
         3615  -3.3287e-05 -0.000854075   0.00101364 -0.000126281
         3616  -3.3287e-05 -0.000854075   0.00101364 -0.000126281
         3617  -3.3287e-05 -0.000854075   0.00101364 -0.000126281
         3618  -3.3287e-05 -0.000854075   0.00101364 -0.000126281
         3619  -3.3287e-05 -0.000854075   0.00101364 -0.000126281
         3620  -3.3287e-05 -0.000854075   0.00101364 -0.000126281
         3621  -3.3287e-05 -0.000854075   0.00101364 -0.000126281
         3622  -3.3287e-05 -0.000854075   0.00101364 -0.000126281
         3623  -3.3287e-05 -0.000854075   0.00101364 -0.000126281
         3624  -3.3287e-05 -0.000854075   0.00101364 -0.000126281
         3625  -3.3287e-05 -0.000854075   0.00101364 -0.000126281
         3626  -3.3287e-05 -0.000854075   0.00101364 -0.000126281
         3627  -3.3287e-05 -0.000854075   0.00101364 -0.000126281
         3628  -3.3287e-05 -0.000854075   0.00101364 -0.000126281
         3629  -3.3287e-05 -0.000854075   0.00101364 -0.000126281
         3630  -3.3287e-05 -0.000854075   0.00101364 -0.000126281
         3631  -3.3287e-05 -0.000854075   0.00101364 -0.000126281
         3632  -3.3287e-05 -0.000854075   0.00101364 -0.000126281
         3633  -3.3287e-05 -0.000854075   0.00101364 -0.000126281
         3634  -3.3287e-05 -0.000854075   0.00101364 -0.000126281
         3635  -3.3287e-05 -0.000854075   0.00101364 -0.000126281
         3636  -3.3287e-05 -0.000854075   0.00101364 -0.000126281
         3637  -3.3287e-05 -0.000854075   0.00101364 -0.000126281
         3638  -3.3287e-05 -0.000854075   0.00101364 -0.000126281
         3639  -3.3287e-05 -0.000854075   0.00101364 -0.000126281
         3640  -3.3287e-05 -0.000854075   0.00101364 -0.000126281
         3641  -3.3287e-05 -0.000854075   0.00101364 -0.000126281
         3642  -3.3287e-05 -0.000854075   0.00101364 -0.000126281
         3643  -3.3287e-05 -0.000854075   0.00101364 -0.000126281
         3644  -3.3287e-05 -0.000854075   0.00101364 -0.000126281
         3645  -3.3287e-05 -0.000854075   0.00101364 -0.000126281
         3646  -3.3287e-05 -0.000854075   0.00101364 -0.000126281
         3647  -3.3287e-05 -0.000854075   0.00101364 -0.000126281
         3648  -3.3287e-05 -0.000854075   0.00101364 -0.000126281
         3649  -3.3287e-05 -0.000854075   0.00101364 -0.000126281
         3650  -3.3287e-05 -0.000854075   0.00101364 -0.000126281
         3651  -3.3287e-05 -0.000854075   0.00101364 -0.000126281
         3652  -3.3287e-05 -0.000854075   0.00101364 -0.000126281
         3653  -3.3287e-05 -0.000854075   0.00101364 -0.000126281
         3654  -3.3287e-05 -0.000854075   0.00101364 -0.000126281
         3655  -3.3287e-05 -0.000854075   0.00101364 -0.000126281
         3656  -3.3287e-05 -0.000854075   0.00101364 -0.000126281
         3657  -3.3287e-05 -0.000854075   0.00101364 -0.000126281
         3658  -3.3287e-05 -0.000854075   0.00101364 -0.000126281
         3659  -3.3287e-05 -0.000854075   0.00101364 -0.000126281
         3660  -3.3287e-05 -0.000854075   0.00101364 -0.000126281
         3661  -3.3287e-05 -0.000854075   0.00101364 -0.000126281
         3662  -3.3287e-05 -0.000854075   0.00101364 -0.000126281
         3663  -3.3287e-05 -0.000854075   0.00101364 -0.000126281
         3664  -3.3287e-05 -0.000854075   0.00101364 -0.000126281
         3665  -3.3287e-05 -0.000854075   0.00101364 -0.000126281
         3666  -3.3287e-05 -0.000854075   0.00101364 -0.000126281
         3667  -3.3287e-05 -0.000854075   0.00101364 -0.000126281
         3668  -3.3287e-05 -0.000854075   0.00101364 -0.000126281
         3669  -3.3287e-05 -0.000854075   0.00101364 -0.000126281
         3670  -3.3287e-05 -0.000854075   0.00101364 -0.000126281
         3671  -3.3287e-05 -0.000854075   0.00101364 -0.000126281
         3672  -3.3287e-05 -0.000854075   0.00101364 -0.000126281
         3673  -3.3287e-05 -0.000854075   0.00101364 -0.000126281
         3674  -3.3287e-05 -0.000854075   0.00101364 -0.000126281
         3675  -3.3287e-05 -0.000854075   0.00101364 -0.000126281
         3676  -3.3287e-05 -0.000854075   0.00101364 -0.000126281
         3677  -3.3287e-05 -0.000854075   0.00101364 -0.000126281
         3678  -3.3287e-05 -0.000854075   0.00101364 -0.000126281
         3679  -3.3287e-05 -0.000854075   0.00101364 -0.000126281
         3680  -3.3287e-05 -0.000854075   0.00101364 -0.000126281
         3681  -3.3287e-05 -0.000854075   0.00101364 -0.000126281
         3682  -3.3287e-05 -0.000854075   0.00101364 -0.000126281
         3683  -3.3287e-05 -0.000854075   0.00101364 -0.000126281
         3684  -3.3287e-05 -0.000854075   0.00101364 -0.000126281
         3685  -3.3287e-05 -0.000854075   0.00101364 -0.000126281
         3686  -3.3287e-05 -0.000854075   0.00101364 -0.000126281
         3687  -3.3287e-05 -0.000854075   0.00101364 -0.000126281
         3688  -3.3287e-05 -0.000854075   0.00101364 -0.000126281
         3689  -3.3287e-05 -0.000854075   0.00101364 -0.000126281
         3690  -3.3287e-05 -0.000854075   0.00101364 -0.000126281
         3691  -3.3287e-05 -0.000854075   0.00101364 -0.000126281
         3692  -3.3287e-05 -0.000854075   0.00101364 -0.000126281
         3693  -3.3287e-05 -0.000854075   0.00101364 -0.000126281
         3694  -3.3287e-05 -0.000854075   0.00101364 -0.000126281
         3695  -3.3287e-05 -0.000854075   0.00101364 -0.000126281
         3696  -3.3287e-05 -0.000854075   0.00101364 -0.000126281
         3697  -3.3287e-05 -0.000854075   0.00101364 -0.000126281
         3698  -3.3287e-05 -0.000854075   0.00101364 -0.000126281
         3699  -3.3287e-05 -0.000854075   0.00101364 -0.000126281
         3700  -3.3287e-05 -0.000854075   0.00101364 -0.000126281
         3701  -3.3287e-05 -0.000854075   0.00101364 -0.000126281
         3702  -3.3287e-05 -0.000854075   0.00101364 -0.000126281
         3703  -3.3287e-05 -0.000854075   0.00101364 -0.000126281
         3704  -3.3287e-05 -0.000854075   0.00101364 -0.000126281
         3705  -3.3287e-05 -0.000854075   0.00101364 -0.000126281
         3706  -3.3287e-05 -0.000854075   0.00101364 -0.000126281
         3707  -3.3287e-05 -0.000854075   0.00101364 -0.000126281
         3708  -3.3287e-05 -0.000854075   0.00101364 -0.000126281
         3709  -3.3287e-05 -0.000854075   0.00101364 -0.000126281
         3710  -3.3287e-05 -0.000854075   0.00101364 -0.000126281
         3711  -3.3287e-05 -0.000854075   0.00101364 -0.000126281
         3712  -3.3287e-05 -0.000854075   0.00101364 -0.000126281
         3713  -3.3287e-05 -0.000854075   0.00101364 -0.000126281
         3714  -3.3287e-05 -0.000854075   0.00101364 -0.000126281
         3715  -3.3287e-05 -0.000854075   0.00101364 -0.000126281
         3716  -3.3287e-05 -0.000854075   0.00101364 -0.000126281
         3717  -3.3287e-05 -0.000854075   0.00101364 -0.000126281
         3718  -3.3287e-05 -0.000854075   0.00101364 -0.000126281
         3719  -3.3287e-05 -0.000854075   0.00101364 -0.000126281
         3720  -3.3287e-05 -0.000854075   0.00101364 -0.000126281
         3721  -3.3287e-05 -0.000854075   0.00101364 -0.000126281
         3722  -3.3287e-05 -0.000854075   0.00101364 -0.000126281
         3723  -3.3287e-05 -0.000854075   0.00101364 -0.000126281
         3724  -3.3287e-05 -0.000854075   0.00101364 -0.000126281
         3725  -3.3287e-05 -0.000854075   0.00101364 -0.000126281
         3726  -3.3287e-05 -0.000854075   0.00101364 -0.000126281
         3727  -3.3287e-05 -0.000854075   0.00101364 -0.000126281
         3728  -3.3287e-05 -0.000854075   0.00101364 -0.000126281
         3729  -3.3287e-05 -0.000854075   0.00101364 -0.000126281
         3730  -3.3287e-05 -0.000854075   0.00101364 -0.000126281
         3731  -3.3287e-05 -0.000854075   0.00101364 -0.000126281
         3732  -3.3287e-05 -0.000854075   0.00101364 -0.000126281
         3733  -3.3287e-05 -0.000854075   0.00101364 -0.000126281
         3734  -3.3287e-05 -0.000854075   0.00101364 -0.000126281
         3735  -3.3287e-05 -0.000854075   0.00101364 -0.000126281
         3736  -3.3287e-05 -0.000854075   0.00101364 -0.000126281
         3737  -3.3287e-05 -0.000854075   0.00101364 -0.000126281
         3738  -3.3287e-05 -0.000854075   0.00101364 -0.000126281
         3739  -3.3287e-05 -0.000854075   0.00101364 -0.000126281
         3740  -3.3287e-05 -0.000854075   0.00101364 -0.000126281
         3741  -3.3287e-05 -0.000854075   0.00101364 -0.000126281
         3742  -3.3287e-05 -0.000854075   0.00101364 -0.000126281
         3743  -3.3287e-05 -0.000854075   0.00101364 -0.000126281
         3744  -3.3287e-05 -0.000854075   0.00101364 -0.000126281
         3745  -3.3287e-05 -0.000854075   0.00101364 -0.000126281
         3746  -3.3287e-05 -0.000854075   0.00101364 -0.000126281
         3747  -3.3287e-05 -0.000854075   0.00101364 -0.000126281
         3748  -3.3287e-05 -0.000854075   0.00101364 -0.000126281
         3749  -3.3287e-05 -0.000854075   0.00101364 -0.000126281
         3750  -3.3287e-05 -0.000854075   0.00101364 -0.000126281
         3751  -3.3287e-05 -0.000854075   0.00101364 -0.000126281
         3752  -3.3287e-05 -0.000854075   0.00101364 -0.000126281
         3753  -3.3287e-05 -0.000854075   0.00101364 -0.000126281
         3754  -3.3287e-05 -0.000854075   0.00101364 -0.000126281
         3755  -3.3287e-05 -0.000854075   0.00101364 -0.000126281
         3756  -3.3287e-05 -0.000854075   0.00101364 -0.000126281
         3757  -3.3287e-05 -0.000854075   0.00101364 -0.000126281
         3758  -3.3287e-05 -0.000854075   0.00101364 -0.000126281
         3759  -3.3287e-05 -0.000854075   0.00101364 -0.000126281
         3760  -3.3287e-05 -0.000854075   0.00101364 -0.000126281
         3761  -3.3287e-05 -0.000854075   0.00101364 -0.000126281
         3762  -3.3287e-05 -0.000854075   0.00101364 -0.000126281
         3763  -3.3287e-05 -0.000854075   0.00101364 -0.000126281
         3764  -3.3287e-05 -0.000854075   0.00101364 -0.000126281
         3765  -3.3287e-05 -0.000854075   0.00101364 -0.000126281
         3766  -3.3287e-05 -0.000854075   0.00101364 -0.000126281
         3767  -3.3287e-05 -0.000854075   0.00101364 -0.000126281
         3768  -3.3287e-05 -0.000854075   0.00101364 -0.000126281
         3769  -3.3287e-05 -0.000854075   0.00101364 -0.000126281
         3770  -3.3287e-05 -0.000854075   0.00101364 -0.000126281
         3771  -3.3287e-05 -0.000854075   0.00101364 -0.000126281
         3772  -3.3287e-05 -0.000854075   0.00101364 -0.000126281
         3773  -3.3287e-05 -0.000854075   0.00101364 -0.000126281
         3774  -3.3287e-05 -0.000854075   0.00101364 -0.000126281
         3775  -3.3287e-05 -0.000854075   0.00101364 -0.000126281
         3776  -3.3287e-05 -0.000854075   0.00101364 -0.000126281
         3777  -3.3287e-05 -0.000854075   0.00101364 -0.000126281
         3778  -3.3287e-05 -0.000854075   0.00101364 -0.000126281
         3779  -3.3287e-05 -0.000854075   0.00101364 -0.000126281
         3780  -3.3287e-05 -0.000854075   0.00101364 -0.000126281
         3781  -3.3287e-05 -0.000854075   0.00101364 -0.000126281
         3782  -3.3287e-05 -0.000854075   0.00101364 -0.000126281
         3783  -3.3287e-05 -0.000854075   0.00101364 -0.000126281
         3784  -3.3287e-05 -0.000854075   0.00101364 -0.000126281
         3785  -3.3287e-05 -0.000854075   0.00101364 -0.000126281
         3786  -3.3287e-05 -0.000854075   0.00101364 -0.000126281
         3787  -3.3287e-05 -0.000854075   0.00101364 -0.000126281
         3788  -3.3287e-05 -0.000854075   0.00101364 -0.000126281
         3789  -3.3287e-05 -0.000854075   0.00101364 -0.000126281
         3790  -3.3287e-05 -0.000854075   0.00101364 -0.000126281
         3791  -3.3287e-05 -0.000854075   0.00101364 -0.000126281
         3792  -3.3287e-05 -0.000854075   0.00101364 -0.000126281
         3793  -3.3287e-05 -0.000854075   0.00101364 -0.000126281
         3794  -3.3287e-05 -0.000854075   0.00101364 -0.000126281
         3795  -3.3287e-05 -0.000854075   0.00101364 -0.000126281
         3796  -3.3287e-05 -0.000854075   0.00101364 -0.000126281
         3797  -3.3287e-05 -0.000854075   0.00101364 -0.000126281
         3798  -3.3287e-05 -0.000854075   0.00101364 -0.000126281
         3799  -3.3287e-05 -0.000854075   0.00101364 -0.000126281
         3800  -3.3287e-05 -0.000854075   0.00101364 -0.000126281
         3801  -3.3287e-05 -0.000854075   0.00101364 -0.000126281
         3802  -3.3287e-05 -0.000854075   0.00101364 -0.000126281
         3803  -3.3287e-05 -0.000854075   0.00101364 -0.000126281
         3804  -3.3287e-05 -0.000854075   0.00101364 -0.000126281
         3805  -3.3287e-05 -0.000854075   0.00101364 -0.000126281
         3806  -3.3287e-05 -0.000854075   0.00101364 -0.000126281
         3807  -3.3287e-05 -0.000854075   0.00101364 -0.000126281
         3808  -3.3287e-05 -0.000854075   0.00101364 -0.000126281
         3809  -3.3287e-05 -0.000854075   0.00101364 -0.000126281
         3810  -3.3287e-05 -0.000854075   0.00101364 -0.000126281
         3811  -3.3287e-05 -0.000854075   0.00101364 -0.000126281
         3812  -3.3287e-05 -0.000854075   0.00101364 -0.000126281
         3813  -3.3287e-05 -0.000854075   0.00101364 -0.000126281
         3814  -3.3287e-05 -0.000854075   0.00101364 -0.000126281
         3815  -3.3287e-05 -0.000854075   0.00101364 -0.000126281
         3816  -3.3287e-05 -0.000854075   0.00101364 -0.000126281
         3817  -3.3287e-05 -0.000854075   0.00101364 -0.000126281
         3818  -3.3287e-05 -0.000854075   0.00101364 -0.000126281
         3819  -3.3287e-05 -0.000854075   0.00101364 -0.000126281
         3820  -3.3287e-05 -0.000854075   0.00101364 -0.000126281
         3821  -3.3287e-05 -0.000854075   0.00101364 -0.000126281
         3822  -3.3287e-05 -0.000854075   0.00101364 -0.000126281
         3823  -3.3287e-05 -0.000854075   0.00101364 -0.000126281
         3824  -3.3287e-05 -0.000854075   0.00101364 -0.000126281
         3825  -3.3287e-05 -0.000854075   0.00101364 -0.000126281
         3826  -3.3287e-05 -0.000854075   0.00101364 -0.000126281
         3827  -3.3287e-05 -0.000854075   0.00101364 -0.000126281
         3828  -3.3287e-05 -0.000854075   0.00101364 -0.000126281
         3829  -3.3287e-05 -0.000854075   0.00101364 -0.000126281
         3830  -3.3287e-05 -0.000854075   0.00101364 -0.000126281
         3831  -3.3287e-05 -0.000854075   0.00101364 -0.000126281
         3832  -3.3287e-05 -0.000854075   0.00101364 -0.000126281
         3833  -3.3287e-05 -0.000854075   0.00101364 -0.000126281
         3834  -3.3287e-05 -0.000854075   0.00101364 -0.000126281
         3835  -3.3287e-05 -0.000854075   0.00101364 -0.000126281
         3836  -3.3287e-05 -0.000854075   0.00101364 -0.000126281
         3837  -3.3287e-05 -0.000854075   0.00101364 -0.000126281
         3838  -3.3287e-05 -0.000854075   0.00101364 -0.000126281
         3839  -3.3287e-05 -0.000854075   0.00101364 -0.000126281
         3840  -3.3287e-05 -0.000854075   0.00101364 -0.000126281
         3841  -3.3287e-05 -0.000854075   0.00101364 -0.000126281
         3842  -3.3287e-05 -0.000854075   0.00101364 -0.000126281
         3843  -3.3287e-05 -0.000854075   0.00101364 -0.000126281
         3844  -3.3287e-05 -0.000854075   0.00101364 -0.000126281
         3845  -3.3287e-05 -0.000854075   0.00101364 -0.000126281
         3846  -3.3287e-05 -0.000854075   0.00101364 -0.000126281
         3847  -3.3287e-05 -0.000854075   0.00101364 -0.000126281
         3848  -3.3287e-05 -0.000854075   0.00101364 -0.000126281
         3849  -3.3287e-05 -0.000854075   0.00101364 -0.000126281
         3850  -3.3287e-05 -0.000854075   0.00101364 -0.000126281
         3851  -3.3287e-05 -0.000854075   0.00101364 -0.000126281
         3852  -3.3287e-05 -0.000854075   0.00101364 -0.000126281
         3853  -3.3287e-05 -0.000854075   0.00101364 -0.000126281
         3854  -3.3287e-05 -0.000854075   0.00101364 -0.000126281
         3855  -3.3287e-05 -0.000854075   0.00101364 -0.000126281
         3856  -3.3287e-05 -0.000854075   0.00101364 -0.000126281
         3857  -3.3287e-05 -0.000854075   0.00101364 -0.000126281
         3858  -3.3287e-05 -0.000854075   0.00101364 -0.000126281
         3859  -3.3287e-05 -0.000854075   0.00101364 -0.000126281
         3860  -3.3287e-05 -0.000854075   0.00101364 -0.000126281
         3861  -3.3287e-05 -0.000854075   0.00101364 -0.000126281
         3862  -3.3287e-05 -0.000854075   0.00101364 -0.000126281
         3863  -3.3287e-05 -0.000854075   0.00101364 -0.000126281
         3864  -3.3287e-05 -0.000854075   0.00101364 -0.000126281
         3865  -3.3287e-05 -0.000854075   0.00101364 -0.000126281
         3866  -3.3287e-05 -0.000854075   0.00101364 -0.000126281
         3867  -3.3287e-05 -0.000854075   0.00101364 -0.000126281
         3868  -3.3287e-05 -0.000854075   0.00101364 -0.000126281
         3869  -3.3287e-05 -0.000854075   0.00101364 -0.000126281
         3870  -3.3287e-05 -0.000854075   0.00101364 -0.000126281
         3871  -3.3287e-05 -0.000854075   0.00101364 -0.000126281
         3872  -3.3287e-05 -0.000854075   0.00101364 -0.000126281
         3873  -3.3287e-05 -0.000854075   0.00101364 -0.000126281
         3874  -3.3287e-05 -0.000854075   0.00101364 -0.000126281
         3875  -3.3287e-05 -0.000854075   0.00101364 -0.000126281
         3876  -3.3287e-05 -0.000854075   0.00101364 -0.000126281
         3877  -3.3287e-05 -0.000854075   0.00101364 -0.000126281
         3878  -3.3287e-05 -0.000854075   0.00101364 -0.000126281
         3879  -3.3287e-05 -0.000854075   0.00101364 -0.000126281
         3880  -3.3287e-05 -0.000854075   0.00101364 -0.000126281
         3881  -3.3287e-05 -0.000854075   0.00101364 -0.000126281
         3882  -3.3287e-05 -0.000854075   0.00101364 -0.000126281
         3883  -3.3287e-05 -0.000854075   0.00101364 -0.000126281
         3884  -3.3287e-05 -0.000854075   0.00101364 -0.000126281
         3885  -3.3287e-05 -0.000854075   0.00101364 -0.000126281
         3886  -3.3287e-05 -0.000854075   0.00101364 -0.000126281
         3887  -3.3287e-05 -0.000854075   0.00101364 -0.000126281
         3888  -3.3287e-05 -0.000854075   0.00101364 -0.000126281
         3889  -3.3287e-05 -0.000854075   0.00101364 -0.000126281
         3890  -3.3287e-05 -0.000854075   0.00101364 -0.000126281
         3891  -3.3287e-05 -0.000854075   0.00101364 -0.000126281
         3892  -3.3287e-05 -0.000854075   0.00101364 -0.000126281
         3893  -3.3287e-05 -0.000854075   0.00101364 -0.000126281
         3894  -3.3287e-05 -0.000854075   0.00101364 -0.000126281
         3895  -3.3287e-05 -0.000854075   0.00101364 -0.000126281
         3896  -3.3287e-05 -0.000854075   0.00101364 -0.000126281
         3897  -3.3287e-05 -0.000854075   0.00101364 -0.000126281
         3898  -3.3287e-05 -0.000854075   0.00101364 -0.000126281
         3899  -3.3287e-05 -0.000854075   0.00101364 -0.000126281
         3900  -3.3287e-05 -0.000854075   0.00101364 -0.000126281
         3901  -3.3287e-05 -0.000854075   0.00101364 -0.000126281
         3902  -3.3287e-05 -0.000854075   0.00101364 -0.000126281
         3903  -3.3287e-05 -0.000854075   0.00101364 -0.000126281
         3904  -3.3287e-05 -0.000854075   0.00101364 -0.000126281
         3905  -3.3287e-05 -0.000854075   0.00101364 -0.000126281
         3906  -3.3287e-05 -0.000854075   0.00101364 -0.000126281
         3907  -3.3287e-05 -0.000854075   0.00101364 -0.000126281
         3908  -3.3287e-05 -0.000854075   0.00101364 -0.000126281
         3909  -3.3287e-05 -0.000854075   0.00101364 -0.000126281
         3910  -3.3287e-05 -0.000854075   0.00101364 -0.000126281
         3911  -3.3287e-05 -0.000854075   0.00101364 -0.000126281
         3912  -3.3287e-05 -0.000854075   0.00101364 -0.000126281
         3913  -3.3287e-05 -0.000854075   0.00101364 -0.000126281
         3914  -3.3287e-05 -0.000854075   0.00101364 -0.000126281
         3915  -3.3287e-05 -0.000854075   0.00101364 -0.000126281
         3916  -3.3287e-05 -0.000854075   0.00101364 -0.000126281
         3917  -3.3287e-05 -0.000854075   0.00101364 -0.000126281
         3918  -3.3287e-05 -0.000854075   0.00101364 -0.000126281
         3919  -3.3287e-05 -0.000854075   0.00101364 -0.000126281
         3920  -3.3287e-05 -0.000854075   0.00101364 -0.000126281
         3921  -3.3287e-05 -0.000854075   0.00101364 -0.000126281
         3922  -3.3287e-05 -0.000854075   0.00101364 -0.000126281
         3923  -3.3287e-05 -0.000854075   0.00101364 -0.000126281
         3924  -3.3287e-05 -0.000854075   0.00101364 -0.000126281
         3925  -3.3287e-05 -0.000854075   0.00101364 -0.000126281
         3926  -3.3287e-05 -0.000854075   0.00101364 -0.000126281
         3927  -3.3287e-05 -0.000854075   0.00101364 -0.000126281
         3928  -3.3287e-05 -0.000854075   0.00101364 -0.000126281
         3929  -3.3287e-05 -0.000854075   0.00101364 -0.000126281
         3930  -3.3287e-05 -0.000854075   0.00101364 -0.000126281
         3931  -3.3287e-05 -0.000854075   0.00101364 -0.000126281
         3932  -3.3287e-05 -0.000854075   0.00101364 -0.000126281
         3933  -3.3287e-05 -0.000854075   0.00101364 -0.000126281
         3934  -3.3287e-05 -0.000854075   0.00101364 -0.000126281
         3935  -3.3287e-05 -0.000854075   0.00101364 -0.000126281
         3936  -3.3287e-05 -0.000854075   0.00101364 -0.000126281
         3937  -3.3287e-05 -0.000854075   0.00101364 -0.000126281
         3938  -3.3287e-05 -0.000854075   0.00101364 -0.000126281
         3939  -3.3287e-05 -0.000854075   0.00101364 -0.000126281
         3940  -3.3287e-05 -0.000854075   0.00101364 -0.000126281
         3941  -3.3287e-05 -0.000854075   0.00101364 -0.000126281
         3942  -3.3287e-05 -0.000854075   0.00101364 -0.000126281
         3943  -3.3287e-05 -0.000854075   0.00101364 -0.000126281
         3944  -3.3287e-05 -0.000854075   0.00101364 -0.000126281
         3945  -3.3287e-05 -0.000854075   0.00101364 -0.000126281
         3946  -3.3287e-05 -0.000854075   0.00101364 -0.000126281
         3947  -3.3287e-05 -0.000854075   0.00101364 -0.000126281
         3948  -3.3287e-05 -0.000854075   0.00101364 -0.000126281
         3949  -3.3287e-05 -0.000854075   0.00101364 -0.000126281
         3950  -3.3287e-05 -0.000854075   0.00101364 -0.000126281
         3951  -3.3287e-05 -0.000854075   0.00101364 -0.000126281
         3952  -3.3287e-05 -0.000854075   0.00101364 -0.000126281
         3953  -3.3287e-05 -0.000854075   0.00101364 -0.000126281
         3954  -3.3287e-05 -0.000854075   0.00101364 -0.000126281
         3955  -3.3287e-05 -0.000854075   0.00101364 -0.000126281
         3956  -3.3287e-05 -0.000854075   0.00101364 -0.000126281
         3957  -3.3287e-05 -0.000854075   0.00101364 -0.000126281
         3958  -3.3287e-05 -0.000854075   0.00101364 -0.000126281
         3959  -3.3287e-05 -0.000854075   0.00101364 -0.000126281
         3960  -3.3287e-05 -0.000854075   0.00101364 -0.000126281
         3961  -3.3287e-05 -0.000854075   0.00101364 -0.000126281
         3962  -3.3287e-05 -0.000854075   0.00101364 -0.000126281
         3963  -3.3287e-05 -0.000854075   0.00101364 -0.000126281
         3964  -3.3287e-05 -0.000854075   0.00101364 -0.000126281
         3965  -3.3287e-05 -0.000854075   0.00101364 -0.000126281
         3966  -3.3287e-05 -0.000854075   0.00101364 -0.000126281
         3967  -3.3287e-05 -0.000854075   0.00101364 -0.000126281
         3968  -3.3287e-05 -0.000854075   0.00101364 -0.000126281
         3969  -3.3287e-05 -0.000854075   0.00101364 -0.000126281
         3970  -3.3287e-05 -0.000854075   0.00101364 -0.000126281
         3971  -3.3287e-05 -0.000854075   0.00101364 -0.000126281
         3972  -3.3287e-05 -0.000854075   0.00101364 -0.000126281
         3973  -3.3287e-05 -0.000854075   0.00101364 -0.000126281
         3974  -3.3287e-05 -0.000854075   0.00101364 -0.000126281
         3975  -3.3287e-05 -0.000854075   0.00101364 -0.000126281
         3976  -3.3287e-05 -0.000854075   0.00101364 -0.000126281
         3977  -3.3287e-05 -0.000854075   0.00101364 -0.000126281
         3978  -3.3287e-05 -0.000854075   0.00101364 -0.000126281
         3979  -3.3287e-05 -0.000854075   0.00101364 -0.000126281
         3980  -3.3287e-05 -0.000854075   0.00101364 -0.000126281
         3981  -3.3287e-05 -0.000854075   0.00101364 -0.000126281
         3982  -3.3287e-05 -0.000854075   0.00101364 -0.000126281
