0.001 0.00104239
0.0101633 0.00104348
0.0193265 0.00105017
0.0284898 0.00106762
0.0376531 0.00112837
0.0468163 0.00133334
0.0559796 0.00184707
0.0651429 0.00258905
0.0743061 0.00328551
0.0834694 0.00382693
0.0926327 0.00422898
0.101796 0.00452256
0.110959 0.00473149
0.120122 0.00487843
0.129286 0.00498956
0.138449 0.00506495
0.147612 0.00511374
0.156776 0.00514736
0.165939 0.00516723
0.175102 0.00517725
0.184265 0.00517755
0.193429 0.00517121
0.202592 0.00516029
0.211755 0.00514492
0.220918 0.00512851
0.230082 0.00510704
0.239245 0.00508648
0.248408 0.00506253
0.257571 0.00503714
0.266735 0.00501142
0.275898 0.00498433
0.285061 0.00495816
0.294224 0.00493247
0.303388 0.00490458
0.312551 0.00487427
0.321714 0.0048448
0.330878 0.00481408
0.340041 0.00478157
0.349204 0.00474758
0.358367 0.00471042
0.367531 0.0046714
0.376694 0.00462807
0.385857 0.00458134
0.39502 0.00453418
0.404184 0.00448553
0.413347 0.00443643
0.42251 0.00438772
0.431673 0.00434031
0.440837 0.00429589
0.45 0.00425523
