0.001 2.80868
0.0101633 2.82922
0.0193265 2.86322
0.0284898 2.95304
0.0376531 3.29955
0.0468163 4.544
0.0559796 7.60388
0.0651429 11.6388
0.0743061 14.5574
0.0834694 15.7614
0.0926327 15.7175
0.101796 14.9773
0.110959 13.9165
0.120122 12.7586
0.129286 11.619
0.138449 10.552
0.147612 9.58036
0.156776 8.70677
0.165939 7.92914
0.175102 7.23869
0.184265 6.62567
0.193429 6.08242
0.202592 5.59976
0.211755 5.16998
0.220918 4.78639
0.230082 4.44354
0.239245 4.13554
0.248408 3.85798
0.257571 3.60778
0.266735 3.3817
0.275898 3.17599
0.285061 2.98925
0.294224 2.81842
0.303388 2.66254
0.312551 2.51909
0.321714 2.38741
0.330878 2.26591
0.340041 2.15321
0.349204 2.04872
0.358367 1.95167
0.367531 1.86089
0.376694 1.7761
0.385857 1.69686
0.39502 1.6227
0.404184 1.55339
0.413347 1.4885
0.42251 1.42784
0.431673 1.37122
0.440837 1.31846
0.45 1.26938
