0.001 1.26194
0.0101633 1.26236
0.0193265 1.26336
0.0284898 1.26341
0.0376531 1.26383
0.0468163 1.26374
0.0559796 1.26114
0.0651429 1.25666
0.0743061 1.24921
0.0834694 1.24268
0.0926327 1.23692
0.101796 1.23181
0.110959 1.22728
0.120122 1.22288
0.129286 1.22023
0.138449 1.21674
0.147612 1.2141
0.156776 1.21244
0.165939 1.21063
0.175102 1.20923
0.184265 1.20735
0.193429 1.20603
0.202592 1.20479
0.211755 1.2037
0.220918 1.2028
0.230082 1.20154
0.239245 1.20048
0.248408 1.19975
0.257571 1.19902
0.266735 1.19818
0.275898 1.19734
0.285061 1.19681
0.294224 1.19607
0.303388 1.1956
0.312551 1.19459
0.321714 1.19418
0.330878 1.19376
0.340041 1.19285
0.349204 1.1923
0.358367 1.19195
0.367531 1.19146
0.376694 1.19094
0.385857 1.1904
0.39502 1.19005
0.404184 1.18967
0.413347 1.18917
0.42251 1.18856
0.431673 1.18807
0.440837 1.18763
0.45 1.18736
