0 0.00491564
0.00153061 0.00490394
0.00306122 0.00489445
0.00459184 0.00488256
0.00612245 0.00486561
0.00765306 0.00484033
0.00918367 0.00480432
0.0107143 0.00475431
0.0122449 0.00468822
0.0137755 0.00460261
0.0153061 0.00449288
0.0168367 0.00436053
0.0183673 0.00420471
0.019898 0.00402579
0.0214286 0.00382123
0.0229592 0.00357926
0.0244898 0.00331493
0.0260204 0.00304255
0.027551 0.00271856
0.0290816 0.00238555
0.0306122 0.00203456
0.0321429 0.00165871
0.0336735 0.00129099
0.0352041 0.000914743
0.0367347 0.000556423
0.0382653 0.000306359
0.0397959 0.000150776
0.0413265 2.38371e-05
0.0428571 1.42189e-05
0.0443878 5.57659e-06
0.0459184 2.66401e-06
0.047449 4.42142e-06
0.0489796 6.06864e-06
0.0505102 8.58065e-06
0.0520408 1.13975e-05
0.0535714 1.40285e-05
0.055102 1.68082e-05
0.0566327 1.96817e-05
0.0581633 2.2368e-05
0.0596939 2.48865e-05
0.0612245 2.63882e-05
0.0627551 2.78525e-05
0.0642857 2.92361e-05
0.0658163 3.0063e-05
0.0673469 2.97945e-05
0.0688776 2.95462e-05
0.0704082 2.92977e-05
0.0719388 2.78343e-05
0.0734694 2.10017e-05
