0 0.00425531
0.00153061 0.00424753
0.00306122 0.00423709
0.00459184 0.00422171
0.00612245 0.00420103
0.00765306 0.00417409
0.00918367 0.00414068
0.0107143 0.00409989
0.0122449 0.00405094
0.0137755 0.00399337
0.0153061 0.00392458
0.0168367 0.00384543
0.0183673 0.00375485
0.019898 0.00365284
0.0214286 0.00353805
0.0229592 0.00340475
0.0244898 0.00326044
0.0260204 0.0031072
0.027551 0.00292761
0.0290816 0.00273953
0.0306122 0.00253506
0.0321429 0.00231088
0.0336735 0.00207586
0.0352041 0.00181582
0.0367347 0.00154378
0.0382653 0.00125841
0.0397959 0.0009542
0.0413265 0.000670429
0.0428571 0.000441251
0.0443878 0.000220389
0.0459184 9.48955e-05
0.047449 5.6997e-05
0.0489796 1.64603e-05
0.0505102 1.92575e-06
0.0520408 1.36375e-06
0.0535714 6.7546e-07
0.055102 1.36695e-06
0.0566327 3.38452e-06
0.0581633 5.39739e-06
0.0596939 7.39607e-06
0.0612245 1.01394e-05
0.0627551 1.27754e-05
0.0642857 1.53987e-05
0.0658163 1.7864e-05
0.0673469 2.00999e-05
0.0688776 2.22892e-05
0.0704082 2.44701e-05
0.0719388 2.50415e-05
0.0734694 1.69889e-05
