0 8.3175 	3.20425e-05 	-1.39901e-06 	
0.00153061 8.29935 	0.0111856 	-5.32134e-12 	
0.00306122 8.24401 	0.0219463 	-1.16386e-11 	
0.00459184 8.15268 	0.0319953 	-4.86531e-12 	
0.00612245 8.02942 	0.0410491 	-5.65891e-12 	
0.00765306 7.87476 	0.0487097 	-5.3002e-13 	
0.00918367 7.69671 	0.05479 	-6.95517e-13 	
0.0107143 7.49792 	0.0591789 	-9.81011e-13 	
0.0122449 7.28356 	0.0618551 	-6.16301e-13 	
0.0137755 7.05602 	0.0627556 	-8.65096e-14 	
0.0153061 6.81585 	0.0617711 	3.72972e-13 	
0.0168367 6.57112 	0.0591404 	8.1775e-13 	
0.0183673 6.32471 	0.0549668 	4.33755e-13 	
0.019898 6.0791 	0.0494162 	3.07632e-13 	
0.0214286 5.8342 	0.0425056 	9.31909e-14 	
0.0229592 5.58763 	0.0339225 	1.2803e-13 	
0.0244898 5.34883 	0.0245958 	-7.15657e-14 	
0.0260204 5.12329 	0.0150005 	4.10296e-13 	
0.027551 4.89666 	0.00365491 	4.67718e-13 	
0.0290816 4.68589 	-0.00764586 	5.97158e-13 	
0.0306122 4.48657 	-0.0192858 	2.79262e-12 	
0.0321429 4.30362 	-0.0310207 	1.19996e-12 	
0.0336735 4.13801 	-0.0422864 	8.95041e-12 	
0.0352041 4.00284 	-0.0520927 	4.06067e-12 	
0.0367347 3.8883 	-0.060835 	1.84786e-12 	
0.0382653 3.81933 	-0.0661159 	1.61085e-12 	
0.0397959 3.78994 	-0.0684913 	1.51112e-12 	
0.0413265 3.76648 	-0.0706224 	3.33027e-12 	
0.0428571 3.77029 	-0.0716458 	5.32528e-13 	
0.0443878 3.77383 	-0.0726866 	-6.20214e-13 	
0.0459184 3.77812 	-0.0738659 	-5.29074e-13 	
0.047449 3.78303 	-0.0751752 	-8.78607e-13 	
0.0489796 3.78753 	-0.0764589 	-4.79587e-12 	
0.0505102 3.79215 	-0.0775806 	-3.1282e-12 	
0.0520408 3.79675 	-0.0786525 	2.92793e-13 	
0.0535714 3.80098 	-0.0797121 	1.56696e-12 	
0.055102 3.80497 	-0.0809982 	1.38127e-12 	
0.0566327 3.80874 	-0.0824669 	6.41458e-14 	
0.0581633 3.81225 	-0.0839235 	-1.3059e-12 	
0.0596939 3.81557 	-0.0852646 	-2.35619e-12 	
0.0612245 3.81794 	-0.0859089 	-9.2741e-13 	
0.0627551 3.82027 	-0.0865828 	-1.55493e-12 	
0.0642857 3.82242 	-0.087268 	-6.06874e-12 	
0.0658163 3.82401 	-0.0883919 	-7.49357e-12 	
0.0673469 3.82449 	-0.0903791 	-2.83796e-12 	
0.0688776 3.82495 	-0.0923843 	-1.94601e-12 	
0.0704082 3.82536 	-0.0943133 	-6.94245e-12 	
0.0719388 3.8257 	-0.0958736 	-1.0067e-11 	
0.0734694 3.82571 	-0.0958046 	-4.91844e-12 	
