0 3.81181
0.00153061 3.81666
0.00306122 3.82906
0.00459184 3.84265
0.00612245 3.84854
0.00765306 3.83649
0.00918367 3.79851
0.0107143 3.72776
0.0122449 3.62188
0.0137755 3.47744
0.0153061 3.29568
0.0168367 3.08136
0.0183673 2.83827
0.019898 2.57145
0.0214286 2.28745
0.0229592 1.98479
0.0244898 1.67601
0.0260204 1.36576
0.027551 1.06443
0.0290816 0.780934
0.0306122 0.519726
0.0321429 0.318454
0.0336735 0.145812
0.0352041 0.0660328
0.0367347 0.0226635
0.0382653 0.00305216
0.0397959 0.00137179
0.0413265 6.46932e-05
0.0428571 7.13281e-05
0.0443878 7.78762e-05
0.0459184 9.72509e-05
0.047449 0.000125891
0.0489796 0.000154531
0.0505102 0.000201918
0.0520408 0.000257204
0.0535714 0.00031249
0.055102 0.000385529
0.0566327 0.000471873
0.0581633 0.000558217
0.0596939 0.000645304
0.0612245 0.00074243
0.0627551 0.000838671
0.0642857 0.000934911
0.0658163 0.00101769
0.0673469 0.00107323
0.0688776 0.00112878
0.0704082 0.00118432
0.0719388 0.00122935
0.0734694 0.00122935
