0 0.00447074
0.00153061 0.00451006
0.00306122 0.00461173
0.00459184 0.00468406
0.00612245 0.004643
0.00765306 0.00445043
0.00918367 0.00411268
0.0107143 0.0036404
0.0122449 0.00305307
0.0137755 0.00236855
0.0153061 0.00162864
0.0168367 0.000901997
0.0183673 0.000327278
0.019898 4.08427e-05
0.0214286 2.76396e-06
0.0229592 3.70149e-07
0.0244898 2.18105e-07
0.0260204 2.17677e-07
0.027551 2.17569e-07
0.0290816 2.17487e-07
0.0306122 2.17434e-07
0.0321429 2.17415e-07
0.0336735 2.17411e-07
0.0352041 2.17472e-07
0.0367347 2.17563e-07
0.0382653 2.17854e-07
0.0397959 2.18333e-07
0.0413265 2.19092e-07
0.0428571 2.21467e-07
0.0443878 2.23852e-07
0.0459184 2.31379e-07
0.047449 2.43281e-07
0.0489796 2.55167e-07
0.0505102 2.99645e-07
0.0520408 3.59091e-07
0.0535714 4.18538e-07
0.055102 6.13278e-07
0.0566327 9.18239e-07
0.0581633 1.2232e-06
0.0596939 1.6645e-06
0.0612245 3.17596e-06
0.0627551 4.6869e-06
0.0642857 6.19784e-06
0.0658163 9.35375e-06
0.0673469 1.56374e-05
0.0688776 2.19078e-05
0.0704082 2.81783e-05
0.0719388 3.18087e-05
0.0734694 1.82187e-05
