0 1.19241
0.00153061 1.19036
0.00306122 1.1891
0.00459184 1.18801
0.00612245 1.18695
0.00765306 1.18587
0.00918367 1.18477
0.0107143 1.18364
0.0122449 1.18251
0.0137755 1.18136
0.0153061 1.1802
0.0168367 1.17906
0.0183673 1.17791
0.019898 1.17678
0.0214286 1.17568
0.0229592 1.17458
0.0244898 1.17351
0.0260204 1.17248
0.027551 1.17146
0.0290816 1.17048
0.0306122 1.16953
0.0321429 1.16863
0.0336735 1.16776
0.0352041 1.16697
0.0367347 1.16621
0.0382653 1.16559
0.0397959 1.16508
0.0413265 1.16465
0.0428571 1.16455
0.0443878 1.16445
0.0459184 1.16441
0.047449 1.1644
0.0489796 1.1644
0.0505102 1.1644
0.0520408 1.1644
0.0535714 1.1644
0.055102 1.1644
0.0566327 1.1644
0.0581633 1.1644
0.0596939 1.1644
0.0612245 1.1644
0.0627551 1.1644
0.0642857 1.1644
0.0658163 1.1644
0.0673469 1.1644
0.0688776 1.1644
0.0704082 1.1644
0.0719388 1.1644
0.0734694 1.1644
