0 2.03978
0.00153061 2.04075
0.00306122 2.04331
0.00459184 2.04634
0.00612245 2.04817
0.00765306 2.04657
0.00918367 2.03948
0.0107143 2.02467
0.0122449 2.0008
0.0137755 1.96576
0.0153061 1.91808
0.0168367 1.85845
0.0183673 1.78643
0.019898 1.70292
0.0214286 1.60902
0.0229592 1.50029
0.0244898 1.3831
0.0260204 1.26127
0.027551 1.12681
0.0290816 0.987593
0.0306122 0.845763
0.0321429 0.699864
0.0336735 0.555751
0.0352041 0.413985
0.0367347 0.27581
0.0382653 0.16981
0.0397959 0.0885803
0.0413265 0.0220045
0.0428571 0.0128947
0.0443878 0.00375122
0.0459184 0.000201329
0.047449 0.000157736
0.0489796 0.000116501
0.0505102 0.000135964
0.0520408 0.000175268
0.0535714 0.000214525
0.055102 0.000272923
0.0566327 0.000341571
0.0581633 0.000410219
0.0596939 0.000480841
0.0612245 0.000572771
0.0627551 0.000662793
0.0642857 0.000752672
0.0658163 0.000832137
0.0673469 0.000898149
0.0688776 0.000963891
0.0704082 0.00102963
0.0719388 0.00107979
0.0734694 0.00107979
