0 9.21024 	0.000193861 	-8.46417e-06 	
0.00153061 9.17999 	0.0175163 	-2.41977e-12 	
0.00306122 9.08999 	0.034217 	-2.74311e-12 	
0.00459184 8.94304 	0.0494429 	6.37728e-13 	
0.00612245 8.74645 	0.0626742 	-1.07384e-12 	
0.00765306 8.50647 	0.0731721 	-4.48481e-12 	
0.00918367 8.23246 	0.0808194 	-3.28848e-12 	
0.0107143 7.93151 	0.0854339 	-1.46071e-12 	
0.0122449 7.61219 	0.0870685 	1.16075e-13 	
0.0137755 7.27897 	0.0857014 	1.70699e-12 	
0.0153061 6.93969 	0.0814166 	1.09905e-12 	
0.0168367 6.59882 	0.0746143 	1.58848e-12 	
0.0183673 6.26035 	0.0655234 	2.54633e-12 	
0.019898 5.92738 	0.0544457 	3.8346e-12 	
0.0214286 5.60445 	0.0417053 	2.47639e-12 	
0.0229592 5.29333 	0.0273109 	2.75422e-12 	
0.0244898 4.99558 	0.0118081 	1.31865e-12 	
0.0260204 4.7104 	-0.00442224 	-1.52453e-12 	
0.027551 4.45367 	-0.0212462 	-4.28219e-12 	
0.0290816 4.21914 	-0.037878 	-5.64583e-12 	
0.0306122 4.01003 	-0.0541586 	-6.16642e-12 	
0.0321429 3.85159 	-0.0675584 	-5.5079e-12 	
0.0336735 3.71666 	-0.0795971 	-4.01849e-12 	
0.0352041 3.65689 	-0.0848669 	-1.07862e-12 	
0.0367347 3.62632 	-0.0875104 	4.20212e-12 	
0.0382653 3.61585 	-0.0890538 	5.01022e-12 	
0.0397959 3.62048 	-0.089827 	3.22538e-12 	
0.0413265 3.62537 	-0.0906608 	2.21263e-12 	
0.0428571 3.63111 	-0.0917933 	1.40327e-12 	
0.0443878 3.63683 	-0.0929285 	6.55986e-13 	
0.0459184 3.64255 	-0.0942118 	-9.49307e-15 	
0.047449 3.64824 	-0.0956282 	-1.56246e-12 	
0.0489796 3.65393 	-0.0970446 	-3.11543e-12 	
0.0505102 3.65946 	-0.0983046 	-2.67911e-12 	
0.0520408 3.66489 	-0.0995114 	-1.57695e-12 	
0.0535714 3.67033 	-0.100718 	-4.74796e-13 	
0.055102 3.67533 	-0.102269 	-8.66418e-13 	
0.0566327 3.67997 	-0.104084 	-2.80645e-12 	
0.0581633 3.68461 	-0.105898 	-4.74648e-12 	
0.0596939 3.68904 	-0.107589 	-6.58011e-12 	
0.0612245 3.69218 	-0.108441 	-6.13805e-12 	
0.0627551 3.69528 	-0.109299 	-6.49336e-12 	
0.0642857 3.69839 	-0.110157 	-6.84868e-12 	
0.0658163 3.70083 	-0.11158 	-6.96434e-12 	
0.0673469 3.70194 	-0.114063 	-7.5527e-12 	
0.0688776 3.70306 	-0.116547 	-8.14106e-12 	
0.0704082 3.70418 	-0.119031 	-8.72941e-12 	
0.0719388 3.70508 	-0.121028 	-9.90487e-12 	
0.0734694 3.70509 	-0.121013 	-8.98898e-12 	
