0 15.1533
0.00153061 15.6792
0.00306122 16.6678
0.00459184 17.0444
0.00612245 16.3614
0.00765306 14.7044
0.00918367 12.4354
0.0107143 9.86091
0.0122449 7.22922
0.0137755 4.76045
0.0153061 2.71408
0.0168367 1.20599
0.0183673 0.334759
0.019898 0.0307594
0.0214286 0.00194553
0.0229592 0.000174299
0.0244898 7.01313e-05
0.0260204 6.93638e-05
0.027551 6.94123e-05
0.0290816 6.94699e-05
0.0306122 6.95366e-05
0.0321429 6.96113e-05
0.0336735 6.96895e-05
0.0352041 6.97826e-05
0.0367347 6.98822e-05
0.0382653 7.003e-05
0.0397959 7.02225e-05
0.0413265 7.04826e-05
0.0428571 7.11232e-05
0.0443878 7.17656e-05
0.0459184 7.35641e-05
0.047449 7.63266e-05
0.0489796 7.90863e-05
0.0505102 8.81082e-05
0.0520408 9.99242e-05
0.0535714 0.00011174
0.055102 0.000141509
0.0566327 0.000185469
0.0581633 0.000229429
0.0596939 0.000282323
0.0612245 0.000405725
0.0627551 0.00052851
0.0642857 0.000651296
0.0658163 0.000796716
0.0673469 0.000984326
0.0688776 0.0011715
0.0704082 0.00135867
0.0719388 0.00151053
0.0734694 0.00151053
