0 1.18993
0.00153061 1.18808
0.00306122 1.187
0.00459184 1.18608
0.00612245 1.18518
0.00765306 1.18427
0.00918367 1.18336
0.0107143 1.18243
0.0122449 1.18149
0.0137755 1.18055
0.0153061 1.17957
0.0168367 1.17861
0.0183673 1.17765
0.019898 1.1767
0.0214286 1.17576
0.0229592 1.1748
0.0244898 1.17387
0.0260204 1.17298
0.027551 1.17207
0.0290816 1.1712
0.0306122 1.17034
0.0321429 1.1695
0.0336735 1.16869
0.0352041 1.16789
0.0367347 1.16714
0.0382653 1.1664
0.0397959 1.16569
0.0413265 1.16509
0.0428571 1.16481
0.0443878 1.16455
0.0459184 1.16443
0.047449 1.16441
0.0489796 1.1644
0.0505102 1.1644
0.0520408 1.1644
0.0535714 1.1644
0.055102 1.1644
0.0566327 1.1644
0.0581633 1.1644
0.0596939 1.1644
0.0612245 1.1644
0.0627551 1.1644
0.0642857 1.1644
0.0658163 1.1644
0.0673469 1.1644
0.0688776 1.1644
0.0704082 1.1644
0.0719388 1.1644
0.0734694 1.1644
