0 1.26918
0.00153061 1.26946
0.00306122 1.27023
0.00459184 1.27113
0.00612245 1.27169
0.00765306 1.27122
0.00918367 1.26901
0.0107143 1.26429
0.0122449 1.25632
0.0137755 1.24456
0.0153061 1.22782
0.0168367 1.20618
0.0183673 1.1793
0.019898 1.14719
0.0214286 1.10942
0.0229592 1.06422
0.0244898 1.01491
0.0260204 0.962176
0.027551 0.900531
0.0290816 0.837072
0.0306122 0.768518
0.0321429 0.696157
0.0336735 0.620938
0.0352041 0.541748
0.0367347 0.459803
0.0382653 0.377994
0.0397959 0.292832
0.0413265 0.213441
0.0428571 0.146408
0.0443878 0.0813521
0.0459184 0.0420148
0.047449 0.0253574
0.0489796 0.00807678
0.0505102 0.00184356
0.0520408 0.00122265
0.0535714 0.000525001
0.055102 0.000141369
0.0566327 0.000187213
0.0581633 0.000233204
0.0596939 0.000279768
0.0612245 0.0003655
0.0627551 0.000448953
0.0642857 0.000531741
0.0658163 0.000614055
0.0673469 0.000700553
0.0688776 0.000785352
0.0704082 0.000869808
0.0719388 0.000935564
0.0734694 0.000935558
