0 0.00147393
0.00153061 0.00176164
0.00306122 0.00245536
0.00459184 0.00282136
0.00612245 0.00274673
0.00765306 0.00228784
0.00918367 0.00155777
0.0107143 0.000724487
0.0122449 0.000123653
0.0137755 1.48505e-06
0.0153061 2.33757e-07
0.0168367 2.35132e-07
0.0183673 2.34879e-07
0.019898 2.34716e-07
0.0214286 2.3462e-07
0.0229592 2.34574e-07
0.0244898 2.34549e-07
0.0260204 2.34538e-07
0.027551 2.34545e-07
0.0290816 2.34555e-07
0.0306122 2.3457e-07
0.0321429 2.34588e-07
0.0336735 2.34608e-07
0.0352041 2.34629e-07
0.0367347 2.34651e-07
0.0382653 2.34674e-07
0.0397959 2.34699e-07
0.0413265 2.34726e-07
0.0428571 2.34767e-07
0.0443878 2.34808e-07
0.0459184 2.34959e-07
0.047449 2.35199e-07
0.0489796 2.35439e-07
0.0505102 2.37247e-07
0.0520408 2.39732e-07
0.0535714 2.42217e-07
0.055102 2.5801e-07
0.0566327 2.8421e-07
0.0581633 3.10411e-07
0.0596939 3.68851e-07
0.0612245 6.70524e-07
0.0627551 9.72196e-07
0.0642857 1.27387e-06
0.0658163 4.17583e-06
0.0673469 1.21688e-05
0.0688776 2.01618e-05
0.0704082 2.81548e-05
0.0719388 3.21709e-05
0.0734694 1.59565e-05
