0 0.00450832
0.00153061 0.00449927
0.00306122 0.00448801
0.00459184 0.00447188
0.00612245 0.00444988
0.00765306 0.00442058
0.00918367 0.00438339
0.0107143 0.00433684
0.0122449 0.00428033
0.0137755 0.00421178
0.0153061 0.00412831
0.0168367 0.004031
0.0183673 0.00391904
0.019898 0.00379231
0.0214286 0.00364862
0.0229592 0.0034791
0.0244898 0.00329488
0.0260204 0.00310269
0.027551 0.00287164
0.0290816 0.00263135
0.0306122 0.00237228
0.0321429 0.0020803
0.0336735 0.00178634
0.0352041 0.00145124
0.0367347 0.00111504
0.0382653 0.000782889
0.0397959 0.000457591
0.0413265 0.000187258
0.0428571 0.000108207
0.0443878 3.58747e-05
0.0459184 2.33989e-06
0.047449 1.39452e-06
0.0489796 3.63063e-07
0.0505102 6.37805e-07
0.0520408 1.5463e-06
0.0535714 2.36396e-06
0.055102 3.81108e-06
0.0566327 5.72553e-06
0.0581633 7.54417e-06
0.0596939 9.43942e-06
0.0612245 1.21632e-05
0.0627551 1.47784e-05
0.0642857 1.72875e-05
0.0658163 1.9634e-05
0.0673469 2.17116e-05
0.0688776 2.36514e-05
0.0704082 2.55603e-05
0.0719388 2.5938e-05
0.0734694 1.95815e-05
