0 13.2694 	0 	0 	
0.00153061 13.1369 	0.0564617 	-2.24541e-13 	
0.00306122 12.7477 	0.106299 	2.53387e-12 	
0.00459184 12.1452 	0.144791 	1.58741e-12 	
0.00612245 11.3954 	0.16958 	2.24153e-12 	
0.00765306 10.5478 	0.179093 	6.3221e-13 	
0.00918367 9.66667 	0.175019 	1.2582e-12 	
0.0107143 8.78017 	0.158796 	1.5931e-12 	
0.0122449 7.92329 	0.133242 	4.09978e-12 	
0.0137755 7.10143 	0.0996433 	6.28047e-12 	
0.0153061 6.32554 	0.0598856 	3.60015e-12 	
0.0168367 5.61243 	0.0171012 	2.98401e-12 	
0.0183673 4.97119 	-0.0276514 	4.91575e-12 	
0.019898 4.41289 	-0.0715519 	3.89841e-12 	
0.0214286 3.94347 	-0.111671 	3.98786e-12 	
0.0229592 3.59713 	-0.143787 	2.66911e-12 	
0.0244898 3.38784 	-0.160609 	1.54334e-12 	
0.0260204 3.27137 	-0.167293 	-4.15974e-12 	
0.027551 3.26609 	-0.162454 	2.00418e-13 	
0.0290816 3.26755 	-0.158444 	2.74942e-13 	
0.0306122 3.27485 	-0.155305 	-6.7845e-12 	
0.0321429 3.28214 	-0.152572 	-2.97017e-12 	
0.0336735 3.28907 	-0.15034 	-5.02427e-12 	
0.0352041 3.29606 	-0.14843 	-2.23117e-12 	
0.0367347 3.30273 	-0.146922 	-3.35608e-12 	
0.0382653 3.3094 	-0.145698 	-2.93486e-12 	
0.0397959 3.316 	-0.144795 	-1.65219e-12 	
0.0413265 3.32235 	-0.144073 	-3.76213e-12 	
0.0428571 3.32899 	-0.143525 	-7.93418e-13 	
0.0443878 3.33526 	-0.143166 	-3.70721e-13 	
0.0459184 3.34171 	-0.143065 	-3.15758e-13 	
0.047449 3.34823 	-0.143213 	1.67829e-13 	
0.0489796 3.35442 	-0.143474 	8.81695e-13 	
0.0505102 3.36094 	-0.143691 	5.6903e-13 	
0.0520408 3.36749 	-0.143948 	-3.75443e-13 	
0.0535714 3.37374 	-0.1443 	-1.79246e-12 	
0.055102 3.38007 	-0.145011 	-1.57872e-12 	
0.0566327 3.38641 	-0.146016 	-2.55699e-13 	
0.0581633 3.39248 	-0.14709 	3.70077e-13 	
0.0596939 3.3984 	-0.148099 	6.83345e-13 	
0.0612245 3.40374 	-0.148517 	2.57184e-13 	
0.0627551 3.40893 	-0.148993 	-1.19355e-12 	
0.0642857 3.41395 	-0.149534 	-4.19504e-12 	
0.0658163 3.4182 	-0.150486 	-5.18098e-12 	
0.0673469 3.42094 	-0.152238 	-1.95944e-12 	
0.0688776 3.42359 	-0.154023 	-1.03614e-12 	
0.0704082 3.42616 	-0.155824 	-2.87409e-12 	
0.0719388 3.42825 	-0.157274 	-4.16637e-12 	
0.0734694 3.42827 	-0.157166 	-2.03698e-12 	
