0 9.34363
0.00153061 9.40208
0.00306122 9.53936
0.00459184 9.64061
0.00612245 9.59303
0.00765306 9.31695
0.00918367 8.80805
0.0107143 8.08341
0.0122449 7.20729
0.0137755 6.21048
0.0153061 5.13736
0.0168367 4.05489
0.0183673 3.00833
0.019898 2.0488
0.0214286 1.21603
0.0229592 0.601386
0.0244898 0.233521
0.0260204 0.0319918
0.027551 0.0104437
0.0290816 0.000329865
0.0306122 0.000108161
0.0321429 4.67614e-05
0.0336735 4.62791e-05
0.0352041 4.63872e-05
0.0367347 4.66979e-05
0.0382653 4.73646e-05
0.0397959 4.83476e-05
0.0413265 4.96439e-05
0.0428571 5.28801e-05
0.0443878 5.59723e-05
0.0459184 6.30684e-05
0.047449 7.33538e-05
0.0489796 8.30441e-05
0.0505102 0.000106928
0.0520408 0.000136658
0.0535714 0.000164907
0.055102 0.000218314
0.0566327 0.00029084
0.0581633 0.000360736
0.0596939 0.000436746
0.0612245 0.000567184
0.0627551 0.000694556
0.0642857 0.000817974
0.0658163 0.000941658
0.0673469 0.00106644
0.0688776 0.00118686
0.0704082 0.00130519
0.0719388 0.00140159
0.0734694 0.00140158
