0 0.00505912
0.00153061 0.0050477
0.00306122 0.00503969
0.00459184 0.00502928
0.00612245 0.00501224
0.00765306 0.00498328
0.00918367 0.00493784
0.0107143 0.00487083
0.0122449 0.00477912
0.0137755 0.00465835
0.0153061 0.00450543
0.0168367 0.0043209
0.0183673 0.00410401
0.019898 0.00385541
0.0214286 0.00357629
0.0229592 0.00325655
0.0244898 0.00290895
0.0260204 0.00254037
0.027551 0.00213344
0.0290816 0.00171271
0.0306122 0.00127837
0.0321429 0.000863482
0.0336735 0.000457542
0.0352041 0.000235419
0.0367347 8.4333e-05
0.0382653 1.47772e-05
0.0397959 6.77101e-06
0.0413265 5.84778e-07
0.0428571 8.31977e-07
0.0443878 1.07918e-06
0.0459184 1.58866e-06
0.047449 2.3197e-06
0.0489796 3.05075e-06
0.0505102 4.32744e-06
0.0520408 5.86772e-06
0.0535714 7.40801e-06
0.055102 9.3575e-06
0.0566327 1.16666e-05
0.0581633 1.39758e-05
0.0596939 1.62705e-05
0.0612245 1.86817e-05
0.0627551 2.10653e-05
0.0642857 2.34489e-05
0.0658163 2.54682e-05
0.0673469 2.66496e-05
0.0688776 2.7831e-05
0.0704082 2.90124e-05
0.0719388 2.86977e-05
0.0734694 1.5932e-05
