0 1.58437
0.00153061 1.5848
0.00306122 1.58594
0.00459184 1.5872
0.00612245 1.58772
0.00765306 1.5863
0.00918367 1.5818
0.0107143 1.57299
0.0122449 1.55887
0.0137755 1.53838
0.0153061 1.50992
0.0168367 1.47389
0.0183673 1.43007
0.019898 1.37872
0.0214286 1.31927
0.0229592 1.24863
0.0244898 1.17278
0.0260204 1.09381
0.027551 1.00125
0.0290816 0.907925
0.0306122 0.808957
0.0321429 0.703061
0.0336735 0.597809
0.0352041 0.48572
0.0367347 0.37523
0.0382653 0.269168
0.0397959 0.166725
0.0413265 0.0806936
0.0428571 0.0474896
0.0443878 0.0169736
0.0459184 0.00253918
0.047449 0.00149881
0.0489796 0.000394146
0.0505102 6.64175e-05
0.0520408 9.56126e-05
0.0535714 0.000122714
0.055102 0.000165539
0.0566327 0.000220263
0.0581633 0.000272509
0.0596939 0.000327995
0.0612245 0.00042101
0.0627551 0.000510634
0.0642857 0.000596398
0.0658163 0.000682525
0.0673469 0.000771295
0.0688776 0.000855692
0.0704082 0.000937637
0.0719388 0.00100388
0.0734694 0.00100387
