0 10.6622 	0 	0 	
0.00153061 10.6051 	0.0295854 	1.56876e-12 	
0.00306122 10.4374 	0.0571531 	2.94879e-12 	
0.00459184 10.168 	0.081128 	6.66813e-13 	
0.00612245 9.81543 	0.100389 	-8.2422e-14 	
0.00765306 9.39629 	0.113672 	-1.4471e-12 	
0.00918367 8.9322 	0.120994 	1.47133e-13 	
0.0107143 8.43792 	0.122336 	1.17429e-12 	
0.0122449 7.93017 	0.118223 	2.98067e-12 	
0.0137755 7.41677 	0.108881 	2.64448e-12 	
0.0153061 6.90995 	0.0948833 	1.51602e-12 	
0.0168367 6.41683 	0.0772317 	2.77529e-12 	
0.0183673 5.94193 	0.056572 	5.05514e-12 	
0.019898 5.48881 	0.0336308 	6.53325e-12 	
0.0214286 5.06476 	0.00926469 	2.82195e-12 	
0.0229592 4.6746 	-0.0169322 	1.06626e-13 	
0.0244898 4.32561 	-0.0425462 	-1.68685e-12 	
0.0260204 4.01273 	-0.0671621 	-4.54437e-12 	
0.027551 3.77188 	-0.0889235 	-4.75438e-12 	
0.0290816 3.59722 	-0.104228 	-5.95733e-12 	
0.0306122 3.49002 	-0.112952 	-9.5859e-12 	
0.0321429 3.45426 	-0.114912 	-9.16391e-12 	
0.0336735 3.4483 	-0.114109 	-7.42843e-12 	
0.0352041 3.45167 	-0.113722 	-5.55142e-12 	
0.0367347 3.45788 	-0.113604 	-1.16599e-12 	
0.0382653 3.4641 	-0.11366 	-4.90755e-13 	
0.0397959 3.47027 	-0.113899 	-4.95806e-13 	
0.0413265 3.47641 	-0.114182 	-5.83715e-13 	
0.0428571 3.4826 	-0.114692 	-1.64312e-12 	
0.0443878 3.48874 	-0.115222 	-3.01946e-12 	
0.0459184 3.49489 	-0.115958 	-2.88239e-12 	
0.047449 3.50102 	-0.116888 	-1.7286e-12 	
0.0489796 3.50713 	-0.117821 	-7.80102e-13 	
0.0505102 3.51324 	-0.118693 	-6.42468e-13 	
0.0520408 3.51928 	-0.119572 	-4.31655e-13 	
0.0535714 3.52531 	-0.120451 	-2.26177e-13 	
0.055102 3.53106 	-0.121677 	-5.2313e-13 	
0.0566327 3.53654 	-0.123186 	-2.90566e-12 	
0.0581633 3.54201 	-0.124695 	-5.28818e-12 	
0.0596939 3.54726 	-0.126105 	-7.97175e-12 	
0.0612245 3.5514 	-0.126823 	-5.08893e-12 	
0.0627551 3.55545 	-0.12756 	-3.34012e-12 	
0.0642857 3.55951 	-0.128297 	-1.59131e-12 	
0.0658163 3.56279 	-0.129546 	-1.56389e-12 	
0.0673469 3.56459 	-0.131761 	-2.32445e-12 	
0.0688776 3.56638 	-0.133979 	-3.48658e-12 	
0.0704082 3.56817 	-0.136198 	-4.64872e-12 	
0.0719388 3.56961 	-0.137975 	-6.14562e-12 	
0.0734694 3.56961 	-0.137937 	-4.90249e-12 	
