0 18.7554 	0 	0 	
0.00153061 18.2747 	0.126445 	8.33404e-13 	
0.00306122 16.9639 	0.219127 	-8.94611e-13 	
0.00459184 15.1768 	0.263145 	-4.64239e-13 	
0.00612245 13.2292 	0.262403 	1.69054e-12 	
0.00765306 11.3164 	0.225261 	3.87847e-12 	
0.00918367 9.53441 	0.163497 	5.60069e-12 	
0.0107143 7.92556 	0.0860553 	6.07218e-12 	
0.0122449 6.50464 	0.00064735 	5.8559e-12 	
0.0137755 5.29967 	-0.0868022 	4.83086e-12 	
0.0153061 4.34882 	-0.164334 	1.18567e-12 	
0.0168367 3.64849 	-0.225337 	-2.69664e-13 	
0.0183673 3.23054 	-0.257396 	2.6316e-12 	
0.019898 3.07862 	-0.257229 	-7.96173e-13 	
0.0214286 3.07332 	-0.242577 	-3.87503e-13 	
0.0229592 3.0822 	-0.23085 	2.84233e-12 	
0.0244898 3.09147 	-0.220627 	3.19996e-13 	
0.0260204 3.10041 	-0.211509 	-6.77137e-12 	
0.027551 3.10878 	-0.204087 	-6.81192e-12 	
0.0290816 3.11686 	-0.19742 	-6.90195e-12 	
0.0306122 3.1246 	-0.19163 	-6.1599e-12 	
0.0321429 3.13198 	-0.18675 	-5.40088e-12 	
0.0336735 3.13916 	-0.18235 	-4.01802e-12 	
0.0352041 3.14602 	-0.178678 	-4.79101e-12 	
0.0367347 3.15274 	-0.175342 	-6.64044e-12 	
0.0382653 3.15925 	-0.172585 	-6.47423e-12 	
0.0397959 3.1656 	-0.170347 	-4.54084e-12 	
0.0413265 3.17187 	-0.168215 	-3.73895e-12 	
0.0428571 3.17802 	-0.166557 	-1.45733e-12 	
0.0443878 3.18414 	-0.164919 	6.96467e-13 	
0.0459184 3.19019 	-0.163859 	1.37703e-12 	
0.047449 3.19619 	-0.163262 	2.5852e-12 	
0.0489796 3.20218 	-0.162665 	3.82038e-12 	
0.0505102 3.20826 	-0.16213 	2.81409e-12 	
0.0520408 3.21439 	-0.161637 	4.04929e-13 	
0.0535714 3.22052 	-0.161144 	-2.00423e-12 	
0.055102 3.22666 	-0.161338 	-2.16544e-12 	
0.0566327 3.23283 	-0.162057 	-1.88571e-12 	
0.0581633 3.239 	-0.162776 	-1.60598e-12 	
0.0596939 3.2451 	-0.16344 	-1.69738e-12 	
0.0612245 3.25112 	-0.163563 	-3.85386e-12 	
0.0627551 3.2571 	-0.163709 	-7.01885e-12 	
0.0642857 3.26307 	-0.163855 	-1.01838e-11 	
0.0658163 3.26822 	-0.164518 	-1.14283e-11 	
0.0673469 3.27178 	-0.16615 	-8.35413e-12 	
0.0688776 3.27533 	-0.167784 	-5.55459e-12 	
0.0704082 3.27888 	-0.169418 	-2.75506e-12 	
0.0719388 3.28175 	-0.17075 	-1.99995e-12 	
0.0734694 3.28175 	-0.170721 	-1.73988e-12 	
