0 1.20507
0.00153061 1.20256
0.00306122 1.20046
0.00459184 1.19827
0.00612245 1.19596
0.00765306 1.1935
0.00918367 1.19097
0.0107143 1.18839
0.0122449 1.18583
0.0137755 1.18331
0.0153061 1.18086
0.0168367 1.17851
0.0183673 1.17627
0.019898 1.17416
0.0214286 1.17218
0.0229592 1.17036
0.0244898 1.16872
0.0260204 1.16725
0.027551 1.16609
0.0290816 1.16524
0.0306122 1.16469
0.0321429 1.16448
0.0336735 1.16442
0.0352041 1.1644
0.0367347 1.1644
0.0382653 1.1644
0.0397959 1.1644
0.0413265 1.1644
0.0428571 1.1644
0.0443878 1.1644
0.0459184 1.1644
0.047449 1.1644
0.0489796 1.1644
0.0505102 1.1644
0.0520408 1.1644
0.0535714 1.1644
0.055102 1.1644
0.0566327 1.1644
0.0581633 1.1644
0.0596939 1.1644
0.0612245 1.1644
0.0627551 1.1644
0.0642857 1.1644
0.0658163 1.1644
0.0673469 1.1644
0.0688776 1.1644
0.0704082 1.1644
0.0719388 1.1644
0.0734694 1.1644
