0 18.0513 	0 	0 	
0.00153061 17.5911 	0.121122 	1.0138e-12 	
0.00306122 16.3341 	0.210356 	-6.3777e-13 	
0.00459184 14.6168 	0.25332 	-1.29413e-13 	
0.00612245 12.7416 	0.25389 	2.29029e-12 	
0.00765306 10.897 	0.219897 	4.54361e-12 	
0.00918367 9.17673 	0.162382 	6.39637e-12 	
0.0107143 7.6222 	0.089447 	6.98849e-12 	
0.0122449 6.2483 	0.00810729 	7.29111e-12 	
0.0137755 5.07871 	-0.0741216 	6.99258e-12 	
0.0153061 4.15233 	-0.147565 	3.92657e-12 	
0.0168367 3.46438 	-0.206488 	8.49997e-14 	
0.0183673 3.04481 	-0.238661 	2.49881e-12 	
0.019898 2.88245 	-0.238213 	-1.51397e-12 	
0.0214286 2.87252 	-0.220472 	-5.08365e-13 	
0.0229592 2.87977 	-0.205774 	1.98912e-12 	
0.0244898 2.88758 	-0.192647 	-1.28914e-13 	
0.0260204 2.89504 	-0.180662 	-5.97895e-12 	
0.027551 2.90187 	-0.170452 	-6.33183e-12 	
0.0290816 2.90835 	-0.161055 	-6.40181e-12 	
0.0306122 2.91445 	-0.152579 	-5.25881e-12 	
0.0321429 2.92007 	-0.144999 	-4.33593e-12 	
0.0336735 2.92547 	-0.13788 	-2.72757e-12 	
0.0352041 2.93042 	-0.131643 	-3.68066e-12 	
0.0367347 2.93517 	-0.125797 	-5.94285e-12 	
0.0382653 2.93959 	-0.120393 	-5.91653e-12 	
0.0397959 2.94374 	-0.11538 	-4.12986e-12 	
0.0413265 2.94779 	-0.110566 	-3.37269e-12 	
0.0428571 2.95141 	-0.106629 	-1.46195e-12 	
0.0443878 2.95503 	-0.102711 	3.29379e-13 	
0.0459184 2.95836 	-0.0989585 	1.3033e-12 	
0.047449 2.96148 	-0.0953425 	3.74055e-12 	
0.0489796 2.9646 	-0.0917284 	6.21428e-12 	
0.0505102 2.96744 	-0.0889586 	4.8438e-12 	
0.0520408 2.97017 	-0.0865446 	1.58865e-12 	
0.0535714 2.9729 	-0.0841306 	-1.6665e-12 	
0.055102 2.9754 	-0.0815013 	-1.81439e-12 	
0.0566327 2.97773 	-0.0787187 	-1.13543e-12 	
0.0581633 2.98006 	-0.0759362 	-4.56462e-13 	
0.0596939 2.98233 	-0.0733799 	-1.33388e-13 	
0.0612245 2.98441 	-0.07223 	-3.1868e-12 	
0.0627551 2.98648 	-0.0710978 	-7.25817e-12 	
0.0642857 2.98855 	-0.0699657 	-1.13295e-11 	
0.0658163 2.99042 	-0.0683867 	-1.28531e-11 	
0.0673469 2.99197 	-0.0659465 	-9.28674e-12 	
0.0688776 2.99351 	-0.063512 	-6.01725e-12 	
0.0704082 2.99505 	-0.0610775 	-2.74777e-12 	
0.0719388 2.99629 	-0.059121 	-1.79656e-12 	
0.0734694 2.99629 	-0.059111 	-1.56206e-12 	
