0 14.1857
0.00153061 14.666
0.00306122 15.5681
0.00459184 15.9065
0.00612245 15.2661
0.00765306 13.7242
0.00918367 11.6155
0.0107143 9.22545
0.0122449 6.78644
0.0137755 4.49474
0.0153061 2.58962
0.0168367 1.17507
0.0183673 0.341377
0.019898 0.0348264
0.0214286 0.00225854
0.0229592 0.000205836
0.0244898 6.84979e-05
0.0260204 6.73791e-05
0.027551 6.73993e-05
0.0290816 6.74285e-05
0.0306122 6.74663e-05
0.0321429 6.75094e-05
0.0336735 6.75544e-05
0.0352041 6.7601e-05
0.0367347 6.76477e-05
0.0382653 6.7695e-05
0.0397959 6.77423e-05
0.0413265 6.77924e-05
0.0428571 6.78557e-05
0.0443878 6.79194e-05
0.0459184 6.80662e-05
0.047449 6.82824e-05
0.0489796 6.84985e-05
0.0505102 6.958e-05
0.0520408 7.10479e-05
0.0535714 7.25158e-05
0.055102 7.92359e-05
0.0566327 9.01057e-05
0.0581633 0.000100975
0.0596939 0.000118687
0.0612245 0.000188221
0.0627551 0.000257544
0.0642857 0.000326866
0.0658163 0.000465733
0.0673469 0.000736635
0.0688776 0.00100701
0.0704082 0.00127738
0.0719388 0.00149604
0.0734694 0.00149603
