0 5.35979
0.00153061 5.37054
0.00306122 5.40364
0.00459184 5.43688
0.00612245 5.4453
0.00765306 5.40363
0.00918367 5.29692
0.0107143 5.1159
0.0122449 4.86457
0.0137755 4.54301
0.0153061 4.16315
0.0168367 3.74093
0.0183673 3.28751
0.019898 2.8149
0.0214286 2.33936
0.0229592 1.86067
0.0244898 1.40682
0.0260204 0.981387
0.027551 0.626269
0.0290816 0.345939
0.0306122 0.142122
0.0321429 0.0531343
0.0336735 0.0124176
0.0352041 0.00162972
0.0367347 0.000467737
0.0382653 3.86894e-05
0.0397959 3.48834e-05
0.0413265 3.22521e-05
0.0428571 3.28123e-05
0.0443878 3.33714e-05
0.0459184 3.48777e-05
0.047449 3.71343e-05
0.0489796 3.93745e-05
0.0505102 4.63669e-05
0.0520408 5.5334e-05
0.0535714 6.42931e-05
0.055102 8.6963e-05
0.0566327 0.000119929
0.0581633 0.000152896
0.0596939 0.000193308
0.0612245 0.000292701
0.0627551 0.000390881
0.0642857 0.00048906
0.0658163 0.000612592
0.0673469 0.000785236
0.0688776 0.000956473
0.0704082 0.00112771
0.0719388 0.00126529
0.0734694 0.00126528
