0 8.60405 	0.000166536 	-7.27112e-06 	
0.00153061 8.57515 	0.0183068 	-2.41805e-12 	
0.00306122 8.48915 	0.0358452 	-2.75173e-12 	
0.00459184 8.34864 	0.0519248 	4.87943e-13 	
0.00612245 8.16054 	0.0660357 	-5.47842e-13 	
0.00765306 7.93076 	0.0776135 	-4.16253e-12 	
0.00918367 7.66816 	0.0864741 	-1.97363e-12 	
0.0107143 7.37947 	0.0924397 	7.38141e-13 	
0.0122449 7.07284 	0.0955545 	2.21898e-12 	
0.0137755 6.75248 	0.0957892 	3.28975e-12 	
0.0153061 6.42582 	0.0932142 	1.98223e-12 	
0.0168367 6.09713 	0.0882021 	2.17442e-12 	
0.0183673 5.77014 	0.0809592 	3.12e-12 	
0.019898 5.44782 	0.0717632 	4.58552e-12 	
0.0214286 5.13446 	0.0609125 	2.30289e-12 	
0.0229592 4.8314 	0.048194 	2.51433e-12 	
0.0244898 4.54033 	0.0344784 	9.24426e-13 	
0.0260204 4.26008 	0.0200913 	-2.17864e-12 	
0.027551 4.00053 	0.00473672 	-4.22631e-12 	
0.0290816 3.75819 	-0.0105639 	-5.64918e-12 	
0.0306122 3.53589 	-0.0256535 	-7.22053e-12 	
0.0321429 3.34972 	-0.0397025 	-7.22672e-12 	
0.0336735 3.18064 	-0.0532228 	-6.69059e-12 	
0.0352041 3.07705 	-0.0602874 	-2.98047e-12 	
0.0367347 2.99851 	-0.0648779 	4.01152e-12 	
0.0382653 2.96125 	-0.0654495 	5.42929e-12 	
0.0397959 2.95541 	-0.0629827 	4.07673e-12 	
0.0413265 2.95152 	-0.0606032 	3.38057e-12 	
0.0428571 2.95465 	-0.0588105 	2.93407e-12 	
0.0443878 2.95778 	-0.0570241 	2.61731e-12 	
0.0459184 2.96081 	-0.0551896 	1.97177e-12 	
0.047449 2.96372 	-0.0533288 	2.14081e-13 	
0.0489796 2.96664 	-0.051468 	-1.54361e-12 	
0.0505102 2.96934 	-0.0501476 	-4.57851e-13 	
0.0520408 2.97193 	-0.0490587 	2.1048e-12 	
0.0535714 2.97452 	-0.0479697 	4.66745e-12 	
0.055102 2.97698 	-0.0466234 	3.53287e-12 	
0.0566327 2.97934 	-0.0451035 	-1.75693e-12 	
0.0581633 2.98169 	-0.0435836 	-7.04672e-12 	
0.0596939 2.98397 	-0.042201 	-1.13494e-11 	
0.0612245 2.98586 	-0.0417045 	-1.02692e-11 	
0.0627551 2.98773 	-0.0412174 	-1.05369e-11 	
0.0642857 2.98961 	-0.0407303 	-1.08046e-11 	
0.0658163 2.99126 	-0.0399088 	-1.089e-11 	
0.0673469 2.99248 	-0.0384869 	-1.08561e-11 	
0.0688776 2.99369 	-0.037065 	-1.08223e-11 	
0.0704082 2.99491 	-0.0356432 	-1.07885e-11 	
0.0719388 2.99589 	-0.0344972 	-1.18757e-11 	
0.0734694 2.99589 	-0.0344928 	-1.07758e-11 	
