0 6.96432 	6.47906e-05 	-2.82882e-06 	
0.00153061 6.95262 	0.00892283 	-2.5596e-13 	
0.00306122 6.91749 	0.0176107 	5.76009e-13 	
0.00459184 6.85923 	0.0258982 	-1.34081e-12 	
0.00612245 6.77976 	0.0336316 	-5.32206e-12 	
0.00765306 6.67994 	0.0406082 	-3.95559e-12 	
0.00918367 6.56282 	0.0467221 	-2.26589e-12 	
0.0107143 6.42989 	0.0518792 	-1.00837e-12 	
0.0122449 6.2845 	0.0560255 	-1.68502e-12 	
0.0137755 6.1275 	0.0591033 	-2.04002e-12 	
0.0153061 5.96056 	0.0610418 	-9.68249e-13 	
0.0168367 5.78759 	0.0619296 	-4.19421e-13 	
0.0183673 5.60955 	0.0617785 	9.67947e-15 	
0.019898 5.42873 	0.0606591 	2.49785e-12 	
0.0214286 5.24729 	0.0586284 	5.3091e-12 	
0.0229592 5.0622 	0.0554286 	4.85178e-12 	
0.0244898 4.8791 	0.0514732 	5.32689e-12 	
0.0260204 4.69958 	0.0470224 	7.96527e-12 	
0.027551 4.52067 	0.0414827 	5.35566e-12 	
0.0290816 4.34589 	0.0354601 	5.23179e-12 	
0.0306122 4.17645 	0.0290512 	5.19512e-12 	
0.0321429 4.01258 	0.0219674 	4.9703e-12 	
0.0336735 3.85384 	0.0147932 	4.74339e-12 	
0.0352041 3.70346 	0.00715367 	3.9016e-12 	
0.0367347 3.55867 	-0.000447317 	2.59317e-12 	
0.0382653 3.42705 	-0.00829757 	2.66863e-12 	
0.0397959 3.30649 	-0.016133 	3.77023e-12 	
0.0413265 3.19595 	-0.023369 	5.50104e-12 	
0.0428571 3.11951 	-0.0283193 	4.0507e-12 	
0.0443878 3.04343 	-0.0332731 	4.02507e-12 	
0.0459184 3.0055 	-0.0348937 	3.45608e-12 	
0.047449 2.99062 	-0.0345291 	-7.10078e-13 	
0.0489796 2.97645 	-0.0341234 	-5.42841e-12 	
0.0505102 2.9744 	-0.0333535 	-2.42323e-12 	
0.0520408 2.97634 	-0.0325138 	5.45733e-12 	
0.0535714 2.97828 	-0.0316861 	1.38366e-11 	
0.055102 2.98036 	-0.0307332 	1.21979e-11 	
0.0566327 2.98243 	-0.0297202 	9.37883e-12 	
0.0581633 2.9845 	-0.0287072 	6.55975e-12 	
0.0596939 2.98646 	-0.0277986 	9.63278e-12 	
0.0612245 2.98808 	-0.0274774 	3.7334e-12 	
0.0627551 2.98965 	-0.0271724 	-5.29572e-13 	
0.0642857 2.99122 	-0.0268682 	-4.82666e-12 	
0.0658163 2.99255 	-0.0263385 	-6.4708e-12 	
0.0673469 2.99348 	-0.025365 	-5.68213e-12 	
0.0688776 2.9944 	-0.0244148 	-7.26544e-12 	
0.0704082 2.99531 	-0.0234646 	-8.84875e-12 	
0.0719388 2.99604 	-0.0227146 	-1.25208e-11 	
0.0734694 2.99604 	-0.0227057 	-8.92907e-12 	
