0 28.3733 	0 	0 	
0.00153061 26.6488 	0.12659 	1.56163e-12 	
0.00306122 22.1355 	0.251075 	2.12864e-12 	
0.00459184 16.9914 	0.268901 	5.04799e-13 	
0.00612245 12.3349 	0.178818 	8.3025e-13 	
0.00765306 8.53414 	0.0194134 	2.34694e-12 	
0.00918367 5.6538 	-0.158754 	3.33984e-12 	
0.0107143 3.77681 	-0.304545 	8.10293e-12 	
0.0122449 2.93538 	-0.35913 	8.87781e-12 	
0.0137755 2.82917 	-0.328407 	1.52516e-11 	
0.0153061 2.84501 	-0.295226 	1.90479e-11 	
0.0168367 2.85981 	-0.267614 	2.23829e-11 	
0.0183673 2.87309 	-0.244274 	1.80306e-11 	
0.019898 2.88502 	-0.224185 	8.74943e-12 	
0.0214286 2.89569 	-0.206821 	-9.88969e-13 	
0.0229592 2.90504 	-0.191994 	-1.29149e-12 	
0.0244898 2.91352 	-0.178699 	-1.14143e-12 	
0.0260204 2.92132 	-0.166565 	-8.60207e-13 	
0.027551 2.92804 	-0.15622 	2.42474e-12 	
0.0290816 2.93427 	-0.146644 	2.41548e-12 	
0.0306122 2.93991 	-0.137994 	-1.60061e-12 	
0.0321429 2.94492 	-0.130262 	-2.50425e-12 	
0.0336735 2.94961 	-0.122997 	-1.96007e-12 	
0.0352041 2.95374 	-0.116625 	-1.55155e-12 	
0.0367347 2.95762 	-0.110642 	-1.16266e-12 	
0.0382653 2.96113 	-0.105157 	-1.12852e-12 	
0.0397959 2.9643 	-0.100102 	-1.39534e-12 	
0.0413265 2.96737 	-0.0952221 	-1.43793e-12 	
0.0428571 2.96998 	-0.0912301 	-1.0111e-13 	
0.0443878 2.97259 	-0.0872381 	1.23571e-12 	
0.0459184 2.9749 	-0.0835184 	1.45324e-12 	
0.047449 2.97698 	-0.0800098 	8.44499e-13 	
0.0489796 2.97906 	-0.0765012 	2.35761e-13 	
0.0505102 2.9809 	-0.073738 	-4.92611e-13 	
0.0520408 2.98266 	-0.0712883 	-1.36273e-12 	
0.0535714 2.98441 	-0.0688386 	-2.23284e-12 	
0.055102 2.98592 	-0.0663612 	-2.02388e-12 	
0.0566327 2.98725 	-0.0638599 	-9.67634e-13 	
0.0581633 2.98859 	-0.0613587 	8.8614e-14 	
0.0596939 2.9899 	-0.0590192 	8.62285e-13 	
0.0612245 2.99114 	-0.0578542 	-6.28161e-13 	
0.0627551 2.99237 	-0.0566892 	-2.11861e-12 	
0.0642857 2.99361 	-0.0555242 	-3.60906e-12 	
0.0658163 2.9947 	-0.0540869 	-4.24433e-12 	
0.0673469 2.99554 	-0.0521117 	-3.29459e-12 	
0.0688776 2.99638 	-0.0501365 	-2.34485e-12 	
0.0704082 2.99721 	-0.0481614 	-1.3951e-12 	
0.0719388 2.99789 	-0.0465537 	-6.81249e-13 	
0.0734694 2.99789 	-0.0465537 	-6.81249e-13 	
