#        Time  inlet outlet
         4.98 -0.000402654    0.0004176
         4.98  -0.00040255  0.000422694
         4.98 -0.000402427  0.000424315
      4.98001 -0.000402308  0.000424148
      4.98001 -0.000402194  0.000423337
      4.98001 -0.000402081  0.000422422
      4.98002 -0.000401965  0.000421593
      4.98002  -0.00040184  0.000420889
      4.98002 -0.000401706  0.000420298
      4.98003  -0.00040157  0.000419802
      4.98004 -0.000401445  0.000419381
      4.98005 -0.000401357  0.000419023
      4.98006 -0.000401434   0.00041873
      4.98007 -0.000401715  0.000418511
      4.98008 -0.000401988  0.000418339
      4.98009 -0.000402231  0.000418202
       4.9801 -0.000402434  0.000418091
      4.98011 -0.000402596  0.000418002
      4.98012 -0.000402725  0.000417931
      4.98013  -0.00040282  0.000417879
      4.98014 -0.000402889  0.000417838
      4.98014 -0.000402944  0.000417807
      4.98015 -0.000402986  0.000417784
      4.98016 -0.000403017  0.000417768
      4.98017 -0.000403038  0.000417756
      4.98018 -0.000403048  0.000417748
      4.98019 -0.000403049  0.000417743
       4.9802 -0.000403042  0.000417739
      4.98021 -0.000403049  0.000417733
      4.98022 -0.000403026  0.000417726
      4.98023 -0.000402974  0.000417717
      4.98024 -0.000402948  0.000417704
      4.98025 -0.000402922  0.000417688
      4.98026 -0.000402895  0.000417668
      4.98026  -0.00040287  0.000417643
      4.98027 -0.000402847  0.000417614
      4.98028 -0.000402826  0.000417582
      4.98029 -0.000402808  0.000417547
       4.9803 -0.000402793  0.000417509
      4.98031 -0.000402782  0.000417465
      4.98032 -0.000402773  0.000417425
      4.98033 -0.000402768  0.000417385
      4.98034 -0.000402766  0.000417347
      4.98035 -0.000402766  0.000417312
      4.98036 -0.000402768  0.000417279
