0.001 30.9829 	0.000805609 	-5.25413e-14 	
0.0101633 30.6691 	0.0016472 	-1.06211e-12 	
0.0193265 30.3415 	0.00163011 	-6.01617e-13 	
0.0284898 30.0079 	0.00173027 	-4.9466e-13 	
0.0376531 29.6153 	0.00234667 	1.66476e-13 	
0.0468163 28.9734 	0.00461924 	-3.07499e-13 	
0.0559796 27.6754 	0.00887008 	5.90463e-13 	
0.0651429 25.6324 	0.0116739 	-1.69128e-13 	
0.0743061 23.354 	0.0116042 	6.55547e-13 	
0.0834694 21.2342 	0.0102828 	3.41189e-13 	
0.0926327 19.3906 	0.00878722 	1.17356e-13 	
0.101796 17.8173 	0.00747655 	-9.23317e-13 	
0.110959 16.4857 	0.00629574 	1.93214e-13 	
0.120122 15.357 	0.00532554 	-5.2325e-13 	
0.129286 14.3874 	0.00463324 	-6.5557e-13 	
0.138449 13.5503 	0.00405206 	-6.24828e-13 	
0.147612 12.8279 	0.00360329 	-4.9625e-13 	
0.156776 12.2023 	0.00321081 	3.72529e-14 	
0.165939 11.6526 	0.00279806 	-1.62882e-13 	
0.175102 11.1627 	0.00246383 	3.57748e-13 	
0.184265 10.7224 	0.00215581 	-2.18284e-12 	
0.193429 10.3264 	0.00191915 	3.96239e-14 	
0.202592 9.9695 	0.0017249 	-9.01019e-14 	
0.211755 9.64671 	0.00155353 	-8.0302e-13 	
0.220918 9.35342 	0.00140591 	-7.83805e-13 	
0.230082 9.08581 	0.00127391 	-2.37252e-13 	
0.239245 8.84083 	0.0011684 	1.823e-13 	
0.248408 8.61541 	0.00107832 	7.84737e-14 	
0.257571 8.40737 	0.00098866 	-1.74275e-13 	
0.266735 8.21496 	0.000920984 	-6.03686e-14 	
0.275898 8.03604 	0.000851985 	-5.25061e-14 	
0.285061 7.86936 	0.000799744 	-1.70359e-13 	
0.294224 7.71376 	0.000745486 	9.49569e-13 	
0.303388 7.56784 	0.00069712 	1.27292e-12 	
0.312551 7.43074 	0.000654007 	1.48808e-13 	
0.321714 7.30176 	0.00061847 	1.49984e-13 	
0.330878 7.18002 	0.000585368 	9.78949e-13 	
0.340041 7.06487 	0.000554508 	-1.67032e-13 	
0.349204 6.95572 	0.000525716 	-3.63468e-13 	
0.358367 6.85207 	0.000498869 	5.04478e-13 	
0.367531 6.75342 	0.000473894 	1.01914e-13 	
0.376694 6.65936 	0.000452153 	-2.01616e-13 	
0.385857 6.56948 	0.00043334 	-1.15442e-12 	
0.39502 6.48333 	0.000416342 	-1.13198e-12 	
0.404184 6.40054 	0.000400757 	5.31328e-13 	
0.413347 6.32094 	0.000384175 	1.4147e-14 	
0.42251 6.2442 	0.000371805 	-3.10128e-13 	
0.431673 6.16995 	0.000360318 	1.88918e-12 	
0.440837 6.09824 	0.00034678 	-1.03618e-13 	
0.45 6.02894 	0.000335649 	2.18892e-14 	
