0.001 2.79564
0.0101633 2.80286
0.0193265 2.82059
0.0284898 2.86928
0.0376531 3.09346
0.0468163 4.06359
0.0559796 6.86145
0.0651429 10.8989
0.0743061 13.9186
0.0834694 15.1597
0.0926327 15.1272
0.101796 14.4297
0.110959 13.3449
0.120122 12.1851
0.129286 11.0842
0.138449 10.0393
0.147612 9.08293
0.156776 8.2372
0.165939 7.49702
0.175102 6.84494
0.184265 6.26611
0.193429 5.75195
0.202592 5.29513
0.211755 4.8886
0.220918 4.52581
0.230082 4.20119
0.239245 3.91006
0.248408 3.64778
0.257571 3.411
0.266735 3.19712
0.275898 3.00291
0.285061 2.82643
0.294224 2.66582
0.303388 2.51888
0.312551 2.38419
0.321714 2.26063
0.330878 2.14686
0.340041 2.04182
0.349204 1.94456
0.358367 1.85415
0.367531 1.76976
0.376694 1.69068
0.385857 1.61619
0.39502 1.54566
0.404184 1.47862
0.413347 1.41483
0.42251 1.35398
0.431673 1.29574
0.440837 1.24016
0.45 1.18704
