0 1.18704
0.000757576 1.18742
0.00151515 1.18853
0.00227273 1.19034
0.0030303 1.1928
0.00378788 1.19582
0.00454545 1.19935
0.00530303 1.20322
0.00606061 1.20699
0.00681818 1.21046
0.00757576 1.21355
0.00833333 1.21619
0.00909091 1.21832
0.00984848 1.21985
0.0106061 1.22076
0.0113636 1.22096
0.0121212 1.22036
0.0128788 1.21893
0.0136364 1.21663
0.0143939 1.2134
0.0151515 1.2092
0.0159091 1.204
0.0166667 1.1978
0.0174242 1.1905
0.0181818 1.18174
0.0189394 1.17201
0.019697 1.16138
0.0204545 1.14946
0.0212121 1.13592
0.0219697 1.12186
0.0227273 1.10624
0.0234848 1.08934
0.0242424 1.07217
0.025 1.0524
0.0257576 1.03301
0.0265152 1.01111
0.0272727 0.989582
0.0280303 0.965661
0.0287879 0.942271
0.0295455 0.916348
0.030303 0.891421
0.0310606 0.863542
0.0318182 0.836851
0.0325758 0.807676
0.0333333 0.778797
0.0340909 0.749384
0.0348485 0.718393
0.0356061 0.688874
0.0363636 0.656566
0.0371212 0.624909
0.0378788 0.593663
0.0386364 0.560505
0.0393939 0.528436
0.0401515 0.496055
0.0409091 0.462675
0.0416667 0.430435
0.0424242 0.397991
0.0431818 0.364958
0.0439394 0.332938
0.044697 0.301471
0.0454545 0.269803
0.0462121 0.238931
0.0469697 0.209108
0.0477273 0.180581
0.0484848 0.152806
0.0492424 0.125823
0.05 0.101576
0.0507576 0.07988
0.0515152 0.0589449
0.0522727 0.0382391
0.0530303 0.0274919
0.0537879 0.0194254
0.0545455 0.0116845
0.055303 0.0035384
0.0560606 0.00214566
0.0568182 0.00152381
0.0575758 0.000951386
0.0583333 0.000267878
0.0590909 0.000120162
0.0598485 0.000132796
0.0606061 0.000146959
0.0613636 0.000158301
0.0621212 0.000178027
0.0628788 0.000210894
0.0636364 0.000243013
0.0643939 0.000274634
0.0651515 0.000305617
0.0659091 0.000342605
0.0666667 0.000381207
0.0674242 0.00041911
0.0681818 0.000456226
0.0689394 0.000492808
0.069697 0.000518283
0.0704545 0.000542245
0.0712121 0.000565871
0.0719697 0.000589023
0.0727273 0.000611752
0.0734848 0.00061806
0.0742424 0.000618057
