0 14.6014
0.000757576 14.7319
0.00151515 15.0884
0.00227273 15.5542
0.0030303 15.9883
0.00378788 16.2748
0.00454545 16.3321
0.00530303 16.135
0.00606061 15.6777
0.00681818 15.0009
0.00757576 14.136
0.00833333 13.1248
0.00909091 12.0128
0.00984848 10.8133
0.0106061 9.58407
0.0113636 8.34736
0.0121212 7.11753
0.0128788 5.92609
0.0136364 4.79881
0.0143939 3.75504
0.0151515 2.80968
0.0159091 1.97449
0.0166667 1.26075
0.0174242 0.688542
0.0181818 0.312375
0.0189394 0.102902
0.019697 0.0118841
0.0204545 0.00265214
0.0212121 0.000192828
0.0219697 7.19761e-05
0.0227273 7.09494e-05
0.0234848 7.03e-05
0.0242424 7.02754e-05
0.025 7.02704e-05
0.0257576 7.02686e-05
0.0265152 7.02742e-05
0.0272727 7.02816e-05
0.0280303 7.02939e-05
0.0287879 7.03074e-05
0.0295455 7.03241e-05
0.030303 7.03415e-05
0.0310606 7.03608e-05
0.0318182 7.03809e-05
0.0325758 7.04015e-05
0.0333333 7.04229e-05
0.0340909 7.04444e-05
0.0348485 7.04665e-05
0.0356061 7.04889e-05
0.0363636 7.05103e-05
0.0371212 7.05324e-05
0.0378788 7.05543e-05
0.0386364 7.05755e-05
0.0393939 7.05971e-05
0.0401515 7.06181e-05
0.0409091 7.06385e-05
0.0416667 7.06593e-05
0.0424242 7.06792e-05
0.0431818 7.06987e-05
0.0439394 7.07184e-05
0.044697 7.07377e-05
0.0454545 7.07557e-05
0.0462121 7.0774e-05
0.0469697 7.07931e-05
0.0477273 7.08102e-05
0.0484848 7.08281e-05
0.0492424 7.08463e-05
0.05 7.08662e-05
0.0507576 7.08873e-05
0.0515152 7.09087e-05
0.0522727 7.09308e-05
0.0530303 7.09851e-05
0.0537879 7.10442e-05
0.0545455 7.11033e-05
0.055303 7.11644e-05
0.0560606 7.15007e-05
0.0568182 7.18476e-05
0.0575758 7.21944e-05
0.0583333 7.25475e-05
0.0590909 7.45126e-05
0.0598485 7.68551e-05
0.0606061 7.91904e-05
0.0613636 8.15364e-05
0.0621212 8.87154e-05
0.0628788 0.000102992
0.0636364 0.000117034
0.0643939 0.000131077
0.0651515 0.000145155
0.0659091 0.00019969
0.0666667 0.000265015
0.0674242 0.000330119
0.0681818 0.000395224
0.0689394 0.00045984
0.069697 0.000616791
0.0704545 0.000784483
0.0712121 0.000952047
0.0719697 0.00111961
0.0727273 0.0012845
0.0734848 0.00133006
0.0742424 0.00133006
