0 7.62094 	0 	0 	
0.000757576 7.61631 	0.00600534 	2.56588e-12 	
0.00151515 7.60312 	0.0119539 	4.14438e-12 	
0.00227273 7.58114 	0.0178217 	3.05361e-12 	
0.0030303 7.55068 	0.0235659 	2.26864e-12 	
0.00378788 7.51202 	0.029149 	1.3726e-12 	
0.00454545 7.46533 	0.0345223 	2.51286e-13 	
0.00530303 7.41117 	0.0396823 	-9.40887e-13 	
0.00606061 7.34968 	0.0445626 	-1.28079e-12 	
0.00681818 7.28194 	0.0491587 	-1.7359e-12 	
0.00757576 7.20803 	0.0534407 	-2.03144e-12 	
0.00833333 7.12841 	0.057388 	-2.23869e-12 	
0.00909091 7.04417 	0.0610035 	-3.21619e-12 	
0.00984848 6.9541 	0.0642029 	-2.69613e-12 	
0.0106061 6.86046 	0.0670584 	-2.37735e-12 	
0.0113636 6.76251 	0.0695159 	-2.56546e-12 	
0.0121212 6.66108 	0.071555 	-1.39678e-12 	
0.0128788 6.5567 	0.0732036 	-4.56238e-13 	
0.0136364 6.44964 	0.0744533 	-1.0033e-13 	
0.0143939 6.34025 	0.075302 	-6.02565e-13 	
0.0151515 6.22889 	0.0757529 	-1.29092e-12 	
0.0159091 6.11591 	0.0758153 	-2.13651e-12 	
0.0166667 6.00164 	0.0755042 	-3.05251e-12 	
0.0174242 5.88714 	0.0748439 	-3.96912e-12 	
0.0181818 5.77075 	0.0737077 	-3.67583e-12 	
0.0189394 5.65429 	0.0722449 	-4.15828e-12 	
0.019697 5.53767 	0.0704803 	-4.47517e-12 	
0.0204545 5.42168 	0.0684033 	-3.04501e-12 	
0.0212121 5.30541 	0.0658979 	-3.11408e-12 	
0.0219697 5.1896 	0.0631706 	-3.25056e-12 	
0.0227273 5.07509 	0.0601551 	-2.92396e-12 	
0.0234848 4.9611 	0.0567926 	-3.44233e-12 	
0.0242424 4.84872 	0.0533449 	-6.08644e-12 	
0.025 4.73688 	0.0494065 	-4.28514e-12 	
0.0257576 4.62653 	0.0454308 	-4.83197e-12 	
0.0265152 4.51827 	0.041125 	-3.47751e-12 	
0.0272727 4.41089 	0.0367094 	-3.15215e-12 	
0.0280303 4.30655 	0.0320812 	-2.8923e-12 	
0.0287879 4.20303 	0.0273487 	-2.92262e-12 	
0.0295455 4.1029 	0.0224262 	-3.35185e-13 	
0.030303 4.00384 	0.0174942 	1.32925e-12 	
0.0310606 3.90841 	0.0123196 	1.72181e-12 	
0.0318182 3.81409 	0.00721147 	2.73444e-12 	
0.0325758 3.72412 	0.0019436 	2.19717e-12 	
0.0333333 3.63574 	-0.00327622 	2.11864e-12 	
0.0340909 3.55137 	-0.0084633 	2.09387e-12 	
0.0348485 3.47171 	-0.0135362 	2.03278e-12 	
0.0356061 3.39278 	-0.0185788 	2.42003e-12 	
0.0363636 3.32301 	-0.0233153 	3.20255e-12 	
0.0371212 3.25434 	-0.0279796 	5.22365e-12 	
0.0378788 3.19059 	-0.0324723 	6.26317e-12 	
0.0386364 3.13664 	-0.0366167 	4.62007e-12 	
0.0393939 3.08274 	-0.0407581 	3.19816e-12 	
0.0401515 3.04228 	-0.0436238 	3.08848e-12 	
0.0409091 3.01347 	-0.0453733 	4.09291e-12 	
0.0416667 2.98466 	-0.0471228 	5.09735e-12 	
0.0424242 2.97013 	-0.0475267 	5.05749e-12 	
0.0431818 2.96662 	-0.0469056 	3.70318e-12 	
0.0439394 2.96312 	-0.0462845 	2.34887e-12 	
0.044697 2.9618 	-0.0455939 	2.20212e-12 	
0.0454545 2.96311 	-0.0448612 	-3.60689e-12 	
0.0462121 2.96442 	-0.0441314 	-9.69856e-12 	
0.0469697 2.96572 	-0.0434287 	-1.70356e-11 	
0.0477273 2.96704 	-0.0428011 	-1.15304e-11 	
0.0484848 2.96834 	-0.0421939 	-9.4779e-12 	
0.0492424 2.96964 	-0.0415873 	-7.5655e-12 	
0.05 2.97091 	-0.0409767 	-7.39499e-12 	
0.0507576 2.97215 	-0.0403747 	-6.13471e-12 	
0.0515152 2.97339 	-0.0397726 	-4.87443e-12 	
0.0522727 2.97461 	-0.0391813 	-5.01964e-12 	
0.0530303 2.9758 	-0.0386903 	-3.85807e-12 	
0.0537879 2.97696 	-0.0382381 	-3.28254e-12 	
0.0545455 2.97812 	-0.0377858 	-2.707e-12 	
0.055303 2.97927 	-0.0373457 	-3.11255e-12 	
0.0560606 2.98039 	-0.0367988 	-2.57068e-12 	
0.0568182 2.98148 	-0.0362618 	-3.04382e-12 	
0.0575758 2.98258 	-0.0357248 	-3.51697e-12 	
0.0583333 2.98367 	-0.0351967 	-4.42309e-12 	
0.0590909 2.9847 	-0.0348296 	-3.95276e-12 	
0.0598485 2.98571 	-0.0345249 	-4.55882e-12 	
0.0606061 2.98671 	-0.0342203 	-5.16488e-12 	
0.0613636 2.98771 	-0.0339158 	-5.77718e-12 	
0.0621212 2.98867 	-0.0335273 	-6.48885e-12 	
0.0628788 2.98957 	-0.0330063 	-3.8318e-12 	
0.0636364 2.99046 	-0.0324916 	-1.41058e-12 	
0.0643939 2.99136 	-0.031977 	1.01064e-12 	
0.0651515 2.99224 	-0.0314713 	3.00993e-12 	
0.0659091 2.99295 	-0.0312272 	2.21764e-12 	
0.0666667 2.99359 	-0.0310715 	7.23387e-13 	
0.0674242 2.99423 	-0.0309158 	-7.70871e-13 	
0.0681818 2.99487 	-0.03076 	-2.26513e-12 	
0.0689394 2.9955 	-0.0306124 	-3.24156e-12 	
0.069697 2.99588 	-0.0300978 	-2.73222e-12 	
0.0704545 2.99621 	-0.0295575 	-1.89497e-12 	
0.0712121 2.99654 	-0.0290172 	-1.05771e-12 	
0.0719697 2.99687 	-0.0284769 	-2.20446e-13 	
0.0727273 2.9972 	-0.0279447 	-4.34905e-14 	
0.0734848 2.99729 	-0.0277895 	2.49572e-13 	
0.0742424 2.99729 	-0.0277895 	2.49572e-13 	
