0 2.57202
0.000757576 2.57217
0.00151515 2.57405
0.00227273 2.57704
0.0030303 2.58088
0.00378788 2.58522
0.00454545 2.58968
0.00530303 2.59383
0.00606061 2.59713
0.00681818 2.59917
0.00757576 2.59946
0.00833333 2.59758
0.00909091 2.59331
0.00984848 2.58577
0.0106061 2.57529
0.0113636 2.56107
0.0121212 2.54295
0.0128788 2.52093
0.0136364 2.4948
0.0143939 2.46444
0.0151515 2.42979
0.0159091 2.39091
0.0166667 2.34791
0.0174242 2.30125
0.0181818 2.24922
0.0189394 2.19353
0.019697 2.13455
0.0204545 2.07251
0.0212121 2.00567
0.0219697 1.93654
0.0227273 1.86487
0.0234848 1.78948
0.0242424 1.71371
0.025 1.63314
0.0257576 1.55251
0.0265152 1.46941
0.0272727 1.38533
0.0280303 1.30044
0.0287879 1.21463
0.0295455 1.12848
0.030303 1.0425
0.0310606 0.955863
0.0318182 0.870274
0.0325758 0.784934
0.0333333 0.700858
0.0340909 0.618468
0.0348485 0.539279
0.0356061 0.460601
0.0363636 0.388576
0.0371212 0.31777
0.0378788 0.251243
0.0386364 0.193944
0.0393939 0.136727
0.0401515 0.0932018
0.0409091 0.0618828
0.0416667 0.0305637
0.0424242 0.0138871
0.0431818 0.00861226
0.0439394 0.00333744
0.044697 0.000383211
0.0454545 0.000257579
0.0462121 0.000129777
0.0469697 2.43197e-05
0.0477273 2.39791e-05
0.0484848 2.35596e-05
0.0492424 2.31442e-05
0.05 2.35212e-05
0.0507576 2.44043e-05
0.0515152 2.52874e-05
0.0522727 2.61583e-05
0.0530303 2.84896e-05
0.0537879 3.11045e-05
0.0545455 3.37194e-05
0.055303 3.629e-05
0.0560606 4.31899e-05
0.0568182 5.04385e-05
0.0575758 5.76871e-05
0.0583333 6.48531e-05
0.0590909 8.05819e-05
0.0598485 9.86017e-05
0.0606061 0.000116622
0.0613636 0.00013464
0.0621212 0.000160345
0.0628788 0.000197764
0.0636364 0.000234983
0.0643939 0.000272202
0.0651515 0.000309061
0.0659091 0.000361549
0.0666667 0.000417387
0.0674242 0.000473225
0.0681818 0.000529064
0.0689394 0.000584333
0.069697 0.000631559
0.0704545 0.000676619
0.0712121 0.000721679
0.0719697 0.00076674
0.0727273 0.000811554
0.0734848 0.000823903
0.0742424 0.000823903
