0 8.85162
0.000757576 8.86576
0.00151515 8.90681
0.00227273 8.96708
0.0030303 9.03452
0.00378788 9.09618
0.00454545 9.13778
0.00530303 9.14723
0.00606061 9.11217
0.00681818 9.0283
0.00757576 8.89045
0.00833333 8.69876
0.00909091 8.45794
0.00984848 8.15763
0.0106061 7.82009
0.0113636 7.44071
0.0121212 7.02287
0.0128788 6.57855
0.0136364 6.11345
0.0143939 5.63305
0.0151515 5.14292
0.0159091 4.64892
0.0166667 4.15539
0.0174242 3.66423
0.0181818 3.1769
0.0189394 2.70863
0.019697 2.26381
0.0204545 1.84116
0.0212121 1.45062
0.0219697 1.09411
0.0227273 0.776467
0.0234848 0.509817
0.0242424 0.277084
0.025 0.147776
0.0257576 0.041351
0.0265152 0.0193368
0.0272727 0.00136019
0.0280303 0.000683791
0.0287879 5.6326e-05
0.0295455 5.11489e-05
0.030303 4.56449e-05
0.0310606 4.5612e-05
0.0318182 4.55815e-05
0.0325758 4.55801e-05
0.0333333 4.55859e-05
0.0340909 4.55928e-05
0.0348485 4.56011e-05
0.0356061 4.56101e-05
0.0363636 4.562e-05
0.0371212 4.56306e-05
0.0378788 4.56416e-05
0.0386364 4.5653e-05
0.0393939 4.5665e-05
0.0401515 4.56771e-05
0.0409091 4.56893e-05
0.0416667 4.5702e-05
0.0424242 4.57148e-05
0.0431818 4.57278e-05
0.0439394 4.57413e-05
0.044697 4.57554e-05
0.0454545 4.57703e-05
0.0462121 4.57858e-05
0.0469697 4.58019e-05
0.0477273 4.58286e-05
0.0484848 4.58549e-05
0.0492424 4.58818e-05
0.05 4.59403e-05
0.0507576 4.60256e-05
0.0515152 4.61082e-05
0.0522727 4.61921e-05
0.0530303 4.65217e-05
0.0537879 4.68954e-05
0.0545455 4.72598e-05
0.055303 4.7627e-05
0.0560606 4.92535e-05
0.0568182 5.09747e-05
0.0575758 5.26532e-05
0.0583333 5.43386e-05
0.0590909 6.05053e-05
0.0598485 6.79643e-05
0.0606061 7.5195e-05
0.0613636 8.24224e-05
0.0621212 9.7709e-05
0.0628788 0.000125302
0.0636364 0.000152379
0.0643939 0.000179087
0.0651515 0.000205707
0.0659091 0.000270655
0.0666667 0.000346904
0.0674242 0.000421835
0.0681818 0.000495706
0.0689394 0.000569366
0.069697 0.000679818
0.0704545 0.000794997
0.0712121 0.00090924
0.0719697 0.00102129
0.0727273 0.00113271
0.0734848 0.00116363
0.0742424 0.00116363
