0 6.9466 	3.50111e-05 	1.52862e-06 	
0.000757576 6.94375 	0.004386 	1.84925e-12 	
0.00151515 6.93505 	0.00873742 	8.25833e-12 	
0.00227273 6.9205 	0.0130381 	4.07555e-12 	
0.0030303 6.90033 	0.0172598 	3.29947e-12 	
0.00378788 6.8746 	0.0213919 	5.63826e-12 	
0.00454545 6.84334 	0.0253924 	1.5258e-12 	
0.00530303 6.80698 	0.0292651 	1.34562e-12 	
0.00606061 6.76532 	0.032964 	-1.89561e-13 	
0.00681818 6.71913 	0.0364935 	4.84321e-13 	
0.00757576 6.66848 	0.0398298 	1.03161e-12 	
0.00833333 6.61366 	0.0429611 	1.52862e-12 	
0.00909091 6.55534 	0.0458982 	2.9709e-12 	
0.00984848 6.49225 	0.0485766 	1.59095e-12 	
0.0106061 6.42654 	0.0510523 	2.10363e-12 	
0.0113636 6.3576 	0.0532783 	2.28865e-12 	
0.0121212 6.28516 	0.055241 	1.7355e-12 	
0.0128788 6.21034 	0.0569651 	1.23831e-12 	
0.0136364 6.13316 	0.0584376 	6.1251e-13 	
0.0143939 6.05384 	0.0596552 	-3.20886e-14 	
0.0151515 5.97262 	0.060618 	-2.14341e-13 	
0.0159091 5.88975 	0.0613299 	-3.70264e-13 	
0.0166667 5.80575 	0.0618081 	-1.22438e-12 	
0.0174242 5.72033 	0.0620319 	-2.73007e-12 	
0.0181818 5.63243 	0.0619228 	-1.56633e-12 	
0.0189394 5.54486 	0.061617 	-1.93982e-12 	
0.019697 5.45692 	0.061113 	-3.04399e-12 	
0.0204545 5.36814 	0.0603562 	-2.73183e-12 	
0.0212121 5.27818 	0.0592912 	-2.12492e-12 	
0.0219697 5.18923 	0.0581076 	-3.11684e-12 	
0.0227273 5.09935 	0.0566438 	-2.38562e-12 	
0.0234848 5.00979 	0.0549594 	-1.83395e-12 	
0.0242424 4.92163 	0.0532114 	-3.26516e-12 	
0.025 4.83156 	0.051033 	-1.42042e-12 	
0.0257576 4.74408 	0.048893 	-2.11621e-12 	
0.0265152 4.65528 	0.0463711 	-5.95774e-13 	
0.0272727 4.56895 	0.0438731 	-7.1979e-13 	
0.0280303 4.48187 	0.0410381 	-5.77733e-13 	
0.0287879 4.39728 	0.0382431 	-1.07036e-12 	
0.0295455 4.31219 	0.0351104 	-7.40667e-13 	
0.030303 4.2298 	0.0320807 	-1.48639e-12 	
0.0310606 4.14703 	0.0286744 	-1.23943e-12 	
0.0318182 4.06674 	0.0253906 	-2.73177e-12 	
0.0325758 3.98702 	0.0218235 	-1.31903e-12 	
0.0333333 3.9089 	0.0182537 	1.02785e-13 	
0.0340909 3.833 	0.0146633 	1.09199e-13 	
0.0348485 3.75828 	0.0109029 	7.62887e-13 	
0.0356061 3.68563 	0.00727139 	2.01687e-12 	
0.0363636 3.61477 	0.00340698 	1.19653e-12 	
0.0371212 3.54542 	-0.000423182 	1.65458e-12 	
0.0378788 3.47917 	-0.00412179 	2.64893e-12 	
0.0386364 3.41592 	-0.00787494 	1.73196e-12 	
0.0393939 3.35397 	-0.0115606 	2.38e-12 	
0.0401515 3.29595 	-0.0151024 	2.49951e-12 	
0.0409091 3.24216 	-0.0185509 	9.87564e-13 	
0.0416667 3.18932 	-0.0219445 	3.26461e-13 	
0.0424242 3.14214 	-0.0251161 	3.2219e-13 	
0.0431818 3.10123 	-0.0280556 	7.48878e-13 	
0.0439394 3.06102 	-0.0309542 	1.68029e-12 	
0.044697 3.02841 	-0.0331457 	2.07132e-12 	
0.0454545 3.0101 	-0.0340103 	-1.93334e-13 	
0.0462121 2.99292 	-0.0347922 	-3.17879e-12 	
0.0469697 2.97527 	-0.0356608 	-6.76822e-12 	
0.0477273 2.97416 	-0.0351113 	-3.7587e-12 	
0.0484848 2.97355 	-0.0345578 	-6.0652e-12 	
0.0492424 2.97269 	-0.0340395 	-1.11747e-11 	
0.05 2.97279 	-0.0335396 	-1.05428e-11 	
0.0507576 2.97396 	-0.0330426 	-6.25839e-12 	
0.0515152 2.97513 	-0.0325589 	-4.59014e-12 	
0.0522727 2.97626 	-0.0320991 	-8.11561e-12 	
0.0530303 2.9774 	-0.0316865 	-5.01015e-12 	
0.0537879 2.97851 	-0.031303 	-4.3206e-12 	
0.0545455 2.97962 	-0.0309231 	-4.34944e-12 	
0.055303 2.9807 	-0.0305708 	-7.9428e-12 	
0.0560606 2.98178 	-0.0301131 	-4.82081e-12 	
0.0568182 2.98283 	-0.0296651 	-3.91724e-12 	
0.0575758 2.98387 	-0.0292198 	-3.42274e-12 	
0.0583333 2.98489 	-0.0288008 	-5.63181e-12 	
0.0590909 2.98588 	-0.0284988 	-4.20702e-12 	
0.0598485 2.98684 	-0.0282427 	-5.49011e-12 	
0.0606061 2.98779 	-0.0279925 	-8.62516e-12 	
0.0613636 2.98873 	-0.0277541 	-1.52909e-11 	
0.0621212 2.98962 	-0.0274381 	-1.71637e-11 	
0.0628788 2.99047 	-0.0269951 	-9.03389e-12 	
0.0636364 2.9913 	-0.026567 	-5.16009e-12 	
0.0643939 2.99212 	-0.0261393 	-1.34447e-12 	
0.0651515 2.99293 	-0.0257367 	-1.24884e-12 	
0.0659091 2.99356 	-0.0255367 	-1.30229e-12 	
0.0666667 2.99414 	-0.0254035 	-9.49767e-13 	
0.0674242 2.99471 	-0.025276 	-2.31853e-13 	
0.0681818 2.99527 	-0.0251513 	2.52667e-13 	
0.0689394 2.99582 	-0.0250379 	-1.96958e-13 	
0.069697 2.99614 	-0.024614 	1.57696e-13 	
0.0704545 2.99642 	-0.0241605 	-1.06861e-12 	
0.0712121 2.99669 	-0.0237139 	-3.43491e-12 	
0.0719697 2.99697 	-0.0232699 	-5.95796e-12 	
0.0727273 2.99724 	-0.0228467 	-9.73916e-12 	
0.0734848 2.99731 	-0.0227206 	-8.00893e-12 	
0.0742424 2.99731 	-0.0227129 	-5.54342e-12 	
