0 6.43798 	1.96497e-05 	8.57922e-07 	
0.000757576 6.43614 	0.00341854 	-2.79404e-12 	
0.00151515 6.43032 	0.00681094 	-3.37776e-12 	
0.00227273 6.42053 	0.0101687 	-5.49797e-13 	
0.0030303 6.40692 	0.0134705 	-1.25046e-13 	
0.00378788 6.38951 	0.0167127 	4.18252e-13 	
0.00454545 6.36829 	0.0198597 	6.86116e-13 	
0.00530303 6.34347 	0.0229174 	1.61617e-12 	
0.00606061 6.31465 	0.0258512 	7.8575e-13 	
0.00681818 6.28237 	0.028668 	1.20392e-12 	
0.00757576 6.24662 	0.0313518 	1.36095e-12 	
0.00833333 6.20759 	0.0338958 	1.4457e-12 	
0.00909091 6.1658 	0.0363106 	4.46786e-12 	
0.00984848 6.12008 	0.0385492 	1.18869e-12 	
0.0106061 6.07232 	0.0406542 	1.69881e-12 	
0.0113636 6.02177 	0.0425901 	7.8358e-13 	
0.0121212 5.96827 	0.044347 	1.03679e-13 	
0.0128788 5.91271 	0.0459445 	9.55269e-15 	
0.0136364 5.85509 	0.0473721 	-1.55307e-14 	
0.0143939 5.79555 	0.0486261 	-5.18452e-14 	
0.0151515 5.73425 	0.0497058 	-1.298e-13 	
0.0159091 5.67144 	0.0506149 	-2.31185e-13 	
0.0166667 5.60747 	0.0513637 	-5.54885e-13 	
0.0174242 5.54202 	0.0519344 	-9.00644e-13 	
0.0181818 5.47423 	0.0522722 	-5.65676e-13 	
0.0189394 5.40615 	0.0524621 	-4.69209e-13 	
0.019697 5.33789 	0.0525221 	-1.07066e-12 	
0.0204545 5.26847 	0.0523993 	-1.89353e-12 	
0.0212121 5.19736 	0.0520419 	-9.02082e-13 	
0.0219697 5.12729 	0.0516102 	-1.71421e-12 	
0.0227273 5.05591 	0.0509715 	-4.95575e-13 	
0.0234848 4.98403 	0.05015 	-2.31613e-13 	
0.0242424 4.91364 	0.0493 	-3.9712e-13 	
0.025 4.84047 	0.0481037 	1.16539e-13 	
0.0257576 4.76988 	0.0469507 	7.15529e-13 	
0.0265152 4.69698 	0.0454824 	6.23875e-13 	
0.0272727 4.62657 	0.0440451 	1.52451e-12 	
0.0280303 4.55429 	0.0423187 	8.15546e-13 	
0.0287879 4.48457 	0.0406367 	2.3641e-12 	
0.0295455 4.41306 	0.038654 	9.10033e-13 	
0.030303 4.34444 	0.0367704 	2.62115e-12 	
0.0310606 4.27392 	0.0345373 	1.02207e-12 	
0.0318182 4.20622 	0.0324276 	2.77377e-12 	
0.0325758 4.13736 	0.0300234 	1.14075e-12 	
0.0333333 4.07039 	0.0276433 	2.13085e-12 	
0.0340909 4.00438 	0.0251885 	2.34069e-12 	
0.0348485 3.93834 	0.0225564 	1.47472e-12 	
0.0356061 3.87491 	0.0200605 	3.65788e-12 	
0.0363636 3.81079 	0.017259 	1.47325e-12 	
0.0371212 3.74856 	0.0145142 	1.43443e-12 	
0.0378788 3.68812 	0.011801 	1.98106e-12 	
0.0386364 3.62795 	0.0088853 	1.45921e-12 	
0.0393939 3.5697 	0.00606196 	2.68554e-12 	
0.0401515 3.51298 	0.00321199 	2.78933e-12 	
0.0409091 3.4575 	0.000272039 	1.768e-12 	
0.0416667 3.4037 	-0.00257735 	3.11183e-12 	
0.0424242 3.35224 	-0.00538021 	3.08864e-12 	
0.0431818 3.30306 	-0.00816406 	1.38488e-12 	
0.0439394 3.25527 	-0.010875 	1.65735e-12 	
0.044697 3.21029 	-0.013525 	2.09067e-12 	
0.0454545 3.16937 	-0.0161482 	5.02903e-13 	
0.0462121 3.1297 	-0.0187199 	-8.94773e-13 	
0.0469697 3.09124 	-0.0211875 	-1.43018e-12 	
0.0477273 3.06383 	-0.0229191 	-8.35924e-13 	
0.0484848 3.03834 	-0.0245157 	-3.89036e-12 	
0.0492424 3.0127 	-0.0261501 	-1.07549e-11 	
0.05 2.9972 	-0.0269031 	-1.01122e-11 	
0.0507576 2.99116 	-0.0268408 	-4.45186e-12 	
0.0515152 2.98584 	-0.0267384 	-3.90289e-12 	
0.0522727 2.9797 	-0.0267341 	-9.26285e-12 	
0.0530303 2.97932 	-0.0264145 	-5.67299e-12 	
0.0537879 2.98017 	-0.026048 	-4.11844e-12 	
0.0545455 2.98103 	-0.0256975 	-6.41703e-12 	
0.055303 2.98179 	-0.0253594 	-1.32057e-11 	
0.0560606 2.9828 	-0.0249781 	-7.52212e-12 	
0.0568182 2.98382 	-0.0246025 	-1.96442e-12 	
0.0575758 2.98482 	-0.0242377 	2.46934e-12 	
0.0583333 2.9858 	-0.0238965 	5.39639e-12 	
0.0590909 2.98674 	-0.0236465 	3.77069e-12 	
0.0598485 2.98767 	-0.0234302 	-4.02945e-14 	
0.0606061 2.98858 	-0.0232234 	-5.06597e-12 	
0.0613636 2.98947 	-0.0230309 	-1.1904e-11 	
0.0621212 2.99031 	-0.0227672 	-1.33369e-11 	
0.0628788 2.99111 	-0.0223912 	-6.08337e-12 	
0.0636364 2.99189 	-0.0220311 	8.79275e-14 	
0.0643939 2.99266 	-0.021679 	5.83032e-12 	
0.0651515 2.99341 	-0.0213417 	1.07908e-11 	
0.0659091 2.99399 	-0.0211754 	8.01825e-12 	
0.0666667 2.99451 	-0.0210622 	3.29624e-12 	
0.0674242 2.99503 	-0.020957 	-4.24252e-13 	
0.0681818 2.99554 	-0.020858 	-3.45964e-12 	
0.0689394 2.99604 	-0.0207646 	-5.87979e-12 	
0.069697 2.99631 	-0.0204112 	-3.97084e-12 	
0.0704545 2.99655 	-0.0200283 	-2.78198e-12 	
0.0712121 2.99679 	-0.0196561 	-4.95167e-12 	
0.0719697 2.99702 	-0.019293 	-9.21054e-12 	
0.0727273 2.99726 	-0.018941 	-1.59586e-11 	
0.0734848 2.99732 	-0.018836 	-1.28708e-11 	
0.0742424 2.99732 	-0.0188262 	-6.14111e-12 	
