0 4.78954
0.000757576 5.87674
0.00151515 9.23768
0.00227273 13.8131
0.0030303 17.8698
0.00378788 20.3978
0.00454545 21.1316
0.00530303 20.3316
0.00606061 18.3547
0.00681818 15.7069
0.00757576 12.6796
0.00833333 9.57066
0.00909091 6.66213
0.00984848 4.13064
0.0106061 2.12082
0.0113636 0.749721
0.0121212 0.135857
0.0128788 0.0077781
0.0136364 0.000272887
0.0143939 0.000145879
0.0151515 0.000144139
0.0159091 0.000144095
0.0166667 0.000144106
0.0174242 0.000144143
0.0181818 0.000144198
0.0189394 0.000144263
0.019697 0.000144338
0.0204545 0.000144418
0.0212121 0.000144498
0.0219697 0.000144582
0.0227273 0.000144664
0.0234848 0.000144744
0.0242424 0.000144828
0.025 0.000144901
0.0257576 0.00014498
0.0265152 0.000145049
0.0272727 0.000145122
0.0280303 0.000145186
0.0287879 0.000145254
0.0295455 0.000145311
0.030303 0.000145375
0.0310606 0.000145425
0.0318182 0.000145485
0.0325758 0.000145531
0.0333333 0.000145582
0.0340909 0.000145629
0.0348485 0.00014567
0.0356061 0.000145719
0.0363636 0.000145753
0.0371212 0.000145794
0.0378788 0.000145833
0.0386364 0.000145862
0.0393939 0.000145901
0.0401515 0.000145933
0.0409091 0.000145958
0.0416667 0.000145993
0.0424242 0.000146021
0.0431818 0.000146042
0.0439394 0.000146073
0.044697 0.000146099
0.0454545 0.000146117
0.0462121 0.000146142
0.0469697 0.000146169
0.0477273 0.000146184
0.0484848 0.000146203
0.0492424 0.000146227
0.05 0.000146245
0.0507576 0.000146258
0.0515152 0.000146277
0.0522727 0.000146298
0.0530303 0.000146311
0.0537879 0.000146323
0.0545455 0.000146342
0.055303 0.000146362
0.0560606 0.000146378
0.0568182 0.000146394
0.0575758 0.000146418
0.0583333 0.000146442
0.0590909 0.000146564
0.0598485 0.000146716
0.0606061 0.000146871
0.0613636 0.000147028
0.0621212 0.000148076
0.0628788 0.000150487
0.0636364 0.00015289
0.0643939 0.00015525
0.0651515 0.00015761
0.0659091 0.000182744
0.0666667 0.000214593
0.0674242 0.000246127
0.0681818 0.000277229
0.0689394 0.000308331
0.069697 0.000524987
0.0704545 0.000765477
0.0712121 0.00100377
0.0719697 0.00123874
0.0727273 0.00147371
0.0734848 0.00153894
0.0742424 0.00153893
