0 1.50884
0.000757576 1.50909
0.00151515 1.50985
0.00227273 1.51108
0.0030303 1.51272
0.00378788 1.5147
0.00454545 1.51691
0.00530303 1.51924
0.00606061 1.52145
0.00681818 1.52337
0.00757576 1.52488
0.00833333 1.52587
0.00909091 1.52625
0.00984848 1.52576
0.0106061 1.52446
0.0113636 1.52215
0.0121212 1.51864
0.0128788 1.51394
0.0136364 1.50794
0.0143939 1.50056
0.0151515 1.49173
0.0159091 1.48142
0.0166667 1.46964
0.0174242 1.45625
0.0181818 1.44068
0.0189394 1.42374
0.019697 1.40553
0.0204545 1.38546
0.0212121 1.36312
0.0219697 1.3401
0.0227273 1.3149
0.0234848 1.28799
0.0242424 1.26079
0.025 1.23004
0.0257576 1.19993
0.0265152 1.1665
0.0272727 1.1337
0.0280303 1.09781
0.0287879 1.06278
0.0295455 1.02456
0.030303 0.987777
0.0310606 0.947416
0.0318182 0.908668
0.0325758 0.867103
0.0333333 0.825992
0.0340909 0.784576
0.0348485 0.741464
0.0356061 0.700249
0.0363636 0.656239
0.0371212 0.613085
0.0378788 0.570842
0.0386364 0.526921
0.0393939 0.48432
0.0401515 0.442031
0.0409091 0.399285
0.0416667 0.357854
0.0424242 0.317459
0.0431818 0.277722
0.0439394 0.239087
0.044697 0.202388
0.0454545 0.167964
0.0462121 0.134459
0.0469697 0.102158
0.0477273 0.0783694
0.0484848 0.0560846
0.0492424 0.0337738
0.05 0.0198774
0.0507576 0.0137725
0.0515152 0.00827749
0.0522727 0.00215839
0.0530303 0.000845977
0.0537879 0.000594821
0.0545455 0.000363693
0.055303 7.31056e-05
0.0560606 5.35295e-05
0.0568182 6.10274e-05
0.0575758 6.85759e-05
0.0583333 7.5331e-05
0.0590909 9.23184e-05
0.0598485 0.000112114
0.0606061 0.000131561
0.0613636 0.00015054
0.0621212 0.000175826
0.0628788 0.000210857
0.0636364 0.000245035
0.0643939 0.000278834
0.0651515 0.000311934
0.0659091 0.000353431
0.0666667 0.000397173
0.0674242 0.00044021
0.0681818 0.000482493
0.0689394 0.000524099
0.069697 0.000554836
0.0704545 0.000584044
0.0712121 0.000612899
0.0719697 0.000641274
0.0727273 0.000669077
0.0734848 0.000676792
0.0742424 0.000676789
