0 6.02895 	1.50477e-05 	6.56997e-07 	
0.000757576 6.02797 	0.00281503 	1.16753e-13 	
0.00151515 6.02439 	0.00560703 	4.14357e-13 	
0.00227273 6.01824 	0.00836888 	1.91255e-13 	
0.0030303 6.00966 	0.0110822 	2.61686e-13 	
0.00378788 5.99863 	0.0137444 	1.35441e-12 	
0.00454545 5.98514 	0.0163247 	8.11444e-13 	
0.00530303 5.96924 	0.0188278 	1.51296e-12 	
0.00606061 5.95018 	0.0212267 	4.78998e-13 	
0.00681818 5.92823 	0.0235319 	5.41584e-13 	
0.00757576 5.90334 	0.0257334 	4.44268e-13 	
0.00833333 5.87568 	0.027828 	3.56394e-13 	
0.00909091 5.84564 	0.0298279 	1.46828e-12 	
0.00984848 5.8123 	0.0316977 	5.76541e-13 	
0.0106061 5.77714 	0.0334717 	1.64024e-12 	
0.0113636 5.73956 	0.0351226 	1.88039e-12 	
0.0121212 5.69943 	0.0366449 	9.82448e-13 	
0.0128788 5.65744 	0.0380538 	7.31009e-13 	
0.0136364 5.6136 	0.0393415 	5.70222e-13 	
0.0143939 5.56802 	0.0405047 	4.01311e-13 	
0.0151515 5.52081 	0.0415426 	2.46945e-13 	
0.0159091 5.47218 	0.0424589 	1.25918e-13 	
0.0166667 5.42238 	0.0432601 	-9.42752e-14 	
0.0174242 5.37117 	0.043933 	-3.10473e-13 	
0.0181818 5.31782 	0.0444372 	-1.78731e-13 	
0.0189394 5.26394 	0.0448308 	-7.71192e-14 	
0.019697 5.20978 	0.0451319 	-3.20888e-13 	
0.0204545 5.15442 	0.0452999 	-1.05883e-13 	
0.0212121 5.09733 	0.0452921 	4.72504e-14 	
0.0219697 5.041 	0.0452301 	1.06555e-13 	
0.0227273 4.9833 	0.0450154 	1.89503e-13 	
0.0234848 4.92484 	0.044659 	8.80031e-14 	
0.0242424 4.86758 	0.0442847 	3.86823e-13 	
0.025 4.8075 	0.0436449 	9.38123e-14 	
0.0257576 4.74958 	0.0430383 	3.68147e-13 	
0.0265152 4.68924 	0.0421878 	1.16194e-13 	
0.0272727 4.63096 	0.0413599 	4.11886e-13 	
0.0280303 4.57061 	0.0403051 	1.98774e-13 	
0.0287879 4.51243 	0.0392833 	6.79474e-13 	
0.0295455 4.45219 	0.0380205 	3.81615e-13 	
0.030303 4.39448 	0.0368352 	1.43458e-12 	
0.0310606 4.33447 	0.0353637 	6.50484e-13 	
0.0318182 4.27702 	0.0339916 	2.40158e-12 	
0.0325758 4.21788 	0.0323691 	8.93506e-13 	
0.0333333 4.16039 	0.0307669 	1.9779e-12 	
0.0340909 4.10334 	0.0290899 	2.18551e-12 	
0.0348485 4.04578 	0.0272567 	1.37294e-12 	
0.0356061 3.99068 	0.0255375 	4.26554e-12 	
0.0363636 3.93398 	0.0235354 	1.50419e-12 	
0.0371212 3.87904 	0.0215802 	3.04286e-12 	
0.0378788 3.82536 	0.019635 	4.87535e-12 	
0.0386364 3.77106 	0.0174891 	1.79635e-12 	
0.0393939 3.71865 	0.0154248 	2.54197e-12 	
0.0401515 3.66692 	0.0133012 	2.67776e-12 	
0.0409091 3.61546 	0.011059 	1.09736e-12 	
0.0416667 3.56574 	0.00890065 	1.91205e-12 	
0.0424242 3.51689 	0.00668586 	1.89671e-12 	
0.0431818 3.46873 	0.0043809 	7.507e-13 	
0.0439394 3.42207 	0.00214862 	1.05032e-12 	
0.044697 3.37686 	-6.07979e-05 	1.34128e-12 	
0.0454545 3.33298 	-0.00232246 	7.40662e-13 	
0.0462121 3.29041 	-0.00453092 	1.43776e-12 	
0.0469697 3.24906 	-0.00666643 	2.33083e-12 	
0.0477273 3.21128 	-0.00879765 	1.3396e-12 	
0.0484848 3.17477 	-0.0108967 	-8.48715e-14 	
0.0492424 3.13911 	-0.0129272 	-1.19855e-12 	
0.05 3.10763 	-0.0147895 	-1.1213e-12 	
0.0507576 3.08013 	-0.0164928 	-1.39489e-12 	
0.0515152 3.05371 	-0.0181352 	-4.72158e-12 	
0.0522727 3.02741 	-0.0197796 	-1.09492e-11 	
0.0530303 3.01441 	-0.0203662 	-6.77822e-12 	
0.0537879 3.00501 	-0.0206846 	-5.53459e-12 	
0.0545455 2.99601 	-0.0209883 	-1.07733e-11 	
0.055303 2.98642 	-0.0213517 	-2.20866e-11 	
0.0560606 2.9857 	-0.0210267 	-1.26149e-11 	
0.0568182 2.98598 	-0.0206439 	-3.31849e-12 	
0.0575758 2.9863 	-0.0202741 	3.38236e-12 	
0.0583333 2.98645 	-0.0199232 	6.9593e-12 	
0.0590909 2.98719 	-0.0196957 	4.97265e-12 	
0.0598485 2.98808 	-0.0195103 	5.24747e-13 	
0.0606061 2.98896 	-0.0193347 	-5.42889e-12 	
0.0613636 2.98982 	-0.0191709 	-1.30783e-11 	
0.0621212 2.99064 	-0.0189427 	-1.46444e-11 	
0.0628788 2.9914 	-0.0186147 	-6.71658e-12 	
0.0636364 2.99215 	-0.0183023 	3.82397e-12 	
0.0643939 2.99288 	-0.0179982 	1.56034e-11 	
0.0651515 2.9936 	-0.017704 	2.88275e-11 	
0.0659091 2.99415 	-0.017557 	2.14361e-11 	
0.0666667 2.99465 	-0.0174553 	8.78092e-12 	
0.0674242 2.99513 	-0.0173618 	-2.59726e-13 	
0.0681818 2.99561 	-0.0172738 	-6.74297e-12 	
0.0689394 2.99608 	-0.0171895 	-1.14931e-11 	
0.069697 2.99634 	-0.0168911 	-7.74632e-12 	
0.0704545 2.99657 	-0.0165679 	-4.45944e-12 	
0.0712121 2.99679 	-0.0162548 	-7.10072e-12 	
0.0719697 2.99701 	-0.0159507 	-1.34367e-11 	
0.0727273 2.99723 	-0.0156548 	-2.30564e-11 	
0.0734848 2.99729 	-0.0155666 	-1.86547e-11 	
0.0742424 2.99729 	-0.0155583 	-8.86501e-12 	
