0 1.9365
0.000757576 1.93682
0.00151515 1.9378
0.00227273 1.93937
0.0030303 1.94141
0.00378788 1.94379
0.00454545 1.94635
0.00530303 1.94886
0.00606061 1.9511
0.00681818 1.95284
0.00757576 1.95385
0.00833333 1.9539
0.00909091 1.95284
0.00984848 1.95022
0.0106061 1.94614
0.0113636 1.94026
0.0121212 1.93227
0.0128788 1.92222
0.0136364 1.90994
0.0143939 1.89533
0.0151515 1.87832
0.0159091 1.85888
0.0166667 1.83707
0.0174242 1.81268
0.0181818 1.78487
0.0189394 1.75514
0.019697 1.72334
0.0204545 1.68879
0.0212121 1.65111
0.0219697 1.61233
0.0227273 1.57044
0.0234848 1.52655
0.0242424 1.48204
0.025 1.43305
0.0257576 1.38484
0.0265152 1.33259
0.0272727 1.28114
0.0280303 1.22618
0.0287879 1.17226
0.0295455 1.11496
0.030303 1.05934
0.0310606 1.00017
0.0318182 0.942745
0.0325758 0.883055
0.0333333 0.823649
0.0340909 0.764978
0.0348485 0.705042
0.0356061 0.647008
0.0363636 0.587657
0.0371212 0.528991
0.0378788 0.472751
0.0386364 0.416908
0.0393939 0.362117
0.0401515 0.31021
0.0409091 0.26072
0.0416667 0.212111
0.0424242 0.168293
0.0431818 0.129411
0.0439394 0.0911661
0.044697 0.0600703
0.0454545 0.0419626
0.0462121 0.0248637
0.0469697 0.00746159
0.0477273 0.00512574
0.0484848 0.00327374
0.0492424 0.00121268
0.05 0.00012299
0.0507576 9.22683e-05
0.0515152 6.76433e-05
0.0522727 3.20742e-05
0.0530303 2.81461e-05
0.0537879 3.12797e-05
0.0545455 3.44069e-05
0.055303 3.74034e-05
0.0560606 4.55243e-05
0.0568182 5.38981e-05
0.0575758 6.22361e-05
0.0583333 7.041e-05
0.0590909 8.74156e-05
0.0598485 0.000106665
0.0606061 0.000125728
0.0613636 0.000144518
0.0621212 0.000170356
0.0628788 0.000207043
0.0636364 0.000243029
0.0643939 0.000278998
0.0651515 0.000313973
0.0659091 0.000360611
0.0666667 0.000410124
0.0674242 0.00045918
0.0681818 0.000507928
0.0689394 0.000555447
0.069697 0.000593075
0.0704545 0.000629098
0.0712121 0.000664895
0.0719697 0.000700554
0.0727273 0.000735108
0.0734848 0.000744697
0.0742424 0.000744695
