0 28.6171 	1.87189e-07 	8.17283e-09 	
0.000757576 28.2005 	0.0529583 	9.44582e-14 	
0.00151515 26.8709 	0.120253 	2.34218e-12 	
0.00227273 24.7888 	0.191966 	8.19784e-13 	
0.0030303 22.3068 	0.247068 	6.50871e-13 	
0.00378788 19.6916 	0.273924 	9.95859e-13 	
0.00454545 17.1107 	0.269064 	4.31067e-13 	
0.00530303 14.6681 	0.236425 	3.25227e-13 	
0.00606061 12.4132 	0.179346 	-3.94824e-15 	
0.00681818 10.3925 	0.106562 	-1.18027e-13 	
0.00757576 8.58923 	0.0221755 	-7.20391e-14 	
0.00833333 7.01661 	-0.0674271 	-9.83021e-14 	
0.00909091 5.68698 	-0.155029 	9.99187e-13 	
0.00984848 4.59897 	-0.236179 	2.55297e-14 	
0.0106061 3.74876 	-0.304855 	2.21214e-12 	
0.0113636 3.1589 	-0.353678 	4.20241e-12 	
0.0121212 2.88281 	-0.365348 	3.83675e-12 	
0.0128788 2.82851 	-0.349506 	2.29933e-12 	
0.0136364 2.83343 	-0.329694 	4.77297e-13 	
0.0143939 2.84143 	-0.312182 	8.14723e-13 	
0.0151515 2.84909 	-0.296293 	1.62047e-12 	
0.0159091 2.85636 	-0.281868 	2.87218e-12 	
0.0166667 2.86326 	-0.268674 	4.6066e-12 	
0.0174242 2.86981 	-0.256513 	4.80883e-12 	
0.0181818 2.87602 	-0.24521 	2.18952e-12 	
0.0189394 2.88191 	-0.234694 	1.37365e-13 	
0.019697 2.88744 	-0.225223 	3.98885e-12 	
0.0204545 2.8927 	-0.216277 	7.22989e-12 	
0.0212121 2.8977 	-0.207778 	6.82116e-13 	
0.0219697 2.9024 	-0.200072 	4.01917e-12 	
0.0227273 2.90686 	-0.192737 	3.25152e-12 	
0.0234848 2.9111 	-0.185772 	9.73069e-13 	
0.0242424 2.91512 	-0.179391 	1.79628e-12 	
0.025 2.91891 	-0.173167 	-3.2231e-13 	
0.0257576 2.92252 	-0.167503 	-2.68685e-12 	
0.0265152 2.92594 	-0.161977 	3.77392e-14 	
0.0272727 2.9292 	-0.156871 	1.17718e-13 	
0.0280303 2.93228 	-0.151916 	-2.95269e-13 	
0.0287879 2.93524 	-0.147315 	-8.73233e-13 	
0.0295455 2.93802 	-0.142827 	6.95651e-13 	
0.030303 2.94071 	-0.138678 	3.47693e-12 	
0.0310606 2.94323 	-0.134577 	2.19914e-14 	
0.0318182 2.94566 	-0.13084 	2.11402e-12 	
0.0325758 2.94794 	-0.127148 	6.49977e-13 	
0.0333333 2.95015 	-0.123688 	8.24812e-13 	
0.0340909 2.95225 	-0.120357 	9.09403e-13 	
0.0348485 2.95425 	-0.117131 	-7.45117e-13 	
0.0356061 2.9562 	-0.114118 	-3.75273e-12 	
0.0363636 2.958 	-0.11116 	-1.03685e-12 	
0.0371212 2.95976 	-0.10837 	-2.56822e-12 	
0.0378788 2.96145 	-0.105687 	-4.23752e-12 	
0.0386364 2.96305 	-0.10306 	-2.83459e-13 	
0.0393939 2.9646 	-0.100635 	4.95005e-13 	
0.0401515 2.96608 	-0.0982502 	5.21456e-13 	
0.0409091 2.96749 	-0.0959022 	1.01823e-14 	
0.0416667 2.96887 	-0.0937363 	2.65938e-13 	
0.0424242 2.97018 	-0.0916193 	2.63816e-13 	
0.0431818 2.97143 	-0.0895514 	3.3274e-15 	
0.0439394 2.97264 	-0.0876462 	7.97373e-13 	
0.044697 2.97382 	-0.085755 	1.01916e-12 	
0.0454545 2.97492 	-0.0838849 	1.96524e-13 	
0.0462121 2.976 	-0.082125 	-1.70765e-12 	
0.0469697 2.97707 	-0.0804051 	-3.76691e-12 	
0.0477273 2.97805 	-0.0788106 	-1.4813e-12 	
0.0484848 2.97902 	-0.07726 	8.43846e-13 	
0.0492424 2.97997 	-0.0757902 	3.24297e-12 	
0.05 2.98087 	-0.0743118 	3.05781e-12 	
0.0507576 2.98173 	-0.0728258 	6.14254e-13 	
0.0515152 2.98256 	-0.0714228 	-5.42597e-13 	
0.0522727 2.9834 	-0.0700476 	-1.26774e-12 	
0.0530303 2.98418 	-0.0688331 	-7.82074e-13 	
0.0537879 2.98496 	-0.0676522 	-4.34938e-14 	
0.0545455 2.98571 	-0.0665591 	1.05166e-12 	
0.055303 2.98647 	-0.0654715 	2.1697e-12 	
0.0560606 2.98714 	-0.0642823 	1.23365e-12 	
0.0568182 2.9878 	-0.0630831 	9.48992e-14 	
0.0575758 2.98844 	-0.0619623 	1.49743e-12 	
0.0583333 2.98908 	-0.0608486 	3.13074e-12 	
0.0590909 2.98971 	-0.059977 	2.22359e-12 	
0.0598485 2.99034 	-0.0591774 	5.60015e-13 	
0.0606061 2.99096 	-0.0584234 	3.81389e-13 	
0.0613636 2.99157 	-0.0576923 	9.56225e-13 	
0.0621212 2.99214 	-0.0568493 	1.07189e-12 	
0.0628788 2.99265 	-0.0558353 	4.86397e-13 	
0.0636364 2.99316 	-0.0548328 	-1.29842e-13 	
0.0643939 2.99366 	-0.0538862 	-8.97838e-13 	
0.0651515 2.99416 	-0.0529396 	-1.66583e-12 	
0.0659091 2.99468 	-0.0524013 	-1.23658e-12 	
0.0666667 2.99521 	-0.0519833 	-4.54345e-13 	
0.0674242 2.99573 	-0.0515855 	-4.81093e-13 	
0.0681818 2.99625 	-0.0512156 	-1.62812e-12 	
0.0689394 2.99676 	-0.0508458 	-2.77516e-12 	
0.069697 2.99715 	-0.0499661 	-1.87041e-12 	
0.0704545 2.99752 	-0.049021 	-7.02108e-13 	
0.0712121 2.99789 	-0.0480981 	1.68722e-13 	
0.0719697 2.99825 	-0.0472086 	5.90433e-13 	
0.0727273 2.99861 	-0.0463191 	1.01214e-12 	
0.0734848 2.99871 	-0.046056 	8.19145e-13 	
0.0742424 2.99871 	-0.0460335 	3.89926e-13 	
