/*--------------------------------*- C++ -*----------------------------------*\
| =========                 |                                                 |
| \\      /  F ield         | OpenFOAM: The Open Source CFD Toolbox           |
|  \\    /   O peration     | Version:  1.7.0                                 |
|   \\  /    A nd           | Web:      www.OpenFOAM.com                      |
|    \\/     M anipulation  |                                                 |
\*---------------------------------------------------------------------------*/
FoamFile
{
    version     2.0;
    format      ascii;
    class       volScalarField;
    location    "0.252";
    object      T;
}
// * * * * * * * * * * * * * * * * * * * * * * * * * * * * * * * * * * * * * //

dimensions      [0 0 0 1 0 0 0];

internalField   nonuniform List<scalar> 
14800
(
276
276
276
276
276
276
276
276
276
276
276
276
276
276
276
276
276
276
276
276
276
276
276
275.999
275.999
275.999
275.999
276
276
275.999
276
276
276
276.001
276.001
276.002
276.003
276.004
276.006
276.008
276.011
276.014
276.018
276.024
276.03
276.039
276.049
276.061
276.076
276.095
276.117
276.145
276.177
276.217
276.263
276.318
276.383
276.459
276.544
276.644
276.757
276.88
277.021
277.176
277.342
277.525
277.714
277.923
278.139
278.36
278.593
278.831
279.078
279.331
279.584
279.833
280.095
280.355
280.621
280.885
281.147
281.4
281.657
281.919
282.186
282.439
282.675
282.938
283.19
283.425
283.672
283.915
284.146
284.381
284.593
284.829
285.039
285.256
285.475
285.677
285.878
286.085
286.279
286.483
286.673
286.858
287.047
287.231
287.394
287.574
287.752
287.918
288.08
288.246
288.404
288.56
288.706
288.861
289.003
289.152
289.297
289.428
289.566
289.698
289.824
289.956
290.08
290.199
290.32
290.437
290.556
290.667
290.776
290.883
290.991
291.095
291.198
291.297
291.398
291.496
291.59
291.682
291.773
291.863
291.948
292.038
292.121
292.205
292.284
292.364
292.444
292.519
292.595
292.669
292.744
292.814
292.886
292.954
293.023
293.089
293.154
293.219
293.281
293.342
293.402
293.461
293.521
293.577
293.635
293.69
293.745
293.798
293.852
293.903
293.954
294.001
294.055
294.102
294.154
294.202
294.249
294.295
294.341
294.388
294.435
294.482
294.528
294.572
294.616
294.662
294.706
294.753
294.794
294.837
294.879
294.922
294.964
295.003
295.042
295.079
276
276
276
276
276
276
276
276
276
276
276
276
276
276
276
276
276
276
276
276
276
276
275.999
275.999
275.999
276
276
276
276
276
276
276
276
276.001
276.002
276.002
276.004
276.005
276.007
276.009
276.012
276.016
276.021
276.027
276.034
276.043
276.054
276.068
276.084
276.104
276.128
276.157
276.192
276.233
276.282
276.339
276.407
276.485
276.574
276.675
276.79
276.917
277.059
277.215
277.384
277.566
277.76
277.964
278.18
278.402
278.634
278.872
279.119
279.367
279.623
279.876
280.137
280.396
280.658
280.922
281.185
281.44
281.701
281.963
282.222
282.475
282.724
282.977
283.227
283.466
283.706
283.947
284.178
284.407
284.632
284.859
285.073
285.29
285.505
285.71
285.912
286.116
286.313
286.51
286.701
286.887
287.07
287.253
287.428
287.603
287.775
287.943
288.106
288.268
288.426
288.582
288.732
288.882
289.027
289.171
289.313
289.448
289.583
289.714
289.844
289.971
290.096
290.217
290.337
290.454
290.57
290.683
290.792
290.901
291.006
291.111
291.214
291.314
291.412
291.509
291.604
291.696
291.787
291.876
291.963
292.05
292.134
292.217
292.298
292.377
292.457
292.533
292.609
292.684
292.757
292.829
292.899
292.968
293.036
293.102
293.167
293.231
293.293
293.354
293.415
293.474
293.534
293.591
293.647
293.702
293.757
293.811
293.865
293.917
293.967
294.017
294.068
294.117
294.167
294.215
294.263
294.31
294.356
294.403
294.45
294.496
294.542
294.587
294.632
294.677
294.721
294.766
294.809
294.853
294.895
294.937
294.977
295.018
295.057
295.092
276
276
276
276
276
276
276
276
276
276
276
276
276
276
276
276
276
276
276
276
276
276
276
276
276
276
276
276
276
276
276
276.001
276.001
276.002
276.003
276.004
276.005
276.007
276.01
276.013
276.017
276.021
276.027
276.034
276.043
276.054
276.067
276.083
276.102
276.125
276.153
276.186
276.225
276.271
276.325
276.387
276.46
276.543
276.637
276.744
276.863
276.995
277.14
277.297
277.468
277.65
277.844
278.048
278.262
278.483
278.714
278.951
279.195
279.443
279.693
279.947
280.205
280.463
280.723
280.984
281.244
281.502
281.76
282.019
282.275
282.526
282.777
283.026
283.272
283.512
283.75
283.988
284.22
284.445
284.672
284.895
285.112
285.327
285.538
285.744
285.947
286.149
286.345
286.539
286.728
286.915
287.098
287.277
287.454
287.627
287.798
287.966
288.129
288.289
288.446
288.601
288.752
288.901
289.045
289.188
289.328
289.464
289.599
289.73
289.859
289.986
290.11
290.232
290.351
290.468
290.583
290.695
290.805
290.913
291.019
291.123
291.225
291.325
291.424
291.52
291.614
291.706
291.797
291.886
291.974
292.06
292.144
292.227
292.308
292.387
292.466
292.543
292.619
292.693
292.766
292.838
292.908
292.977
293.044
293.111
293.176
293.239
293.302
293.363
293.424
293.483
293.542
293.599
293.656
293.711
293.766
293.82
293.873
293.925
293.976
294.026
294.076
294.126
294.175
294.224
294.272
294.319
294.365
294.412
294.459
294.505
294.551
294.596
294.641
294.686
294.73
294.774
294.818
294.862
294.904
294.945
294.986
295.027
295.066
295.101
276
276
276
276
276
276
276
276
276
276
276
276
276
276
276
276
276
276
276
276
276
276
276
276
276
276
276
276
276
276.001
276.001
276.002
276.002
276.003
276.005
276.006
276.008
276.011
276.014
276.019
276.024
276.03
276.038
276.047
276.059
276.072
276.089
276.109
276.133
276.161
276.194
276.233
276.279
276.332
276.394
276.464
276.544
276.635
276.736
276.849
276.974
277.111
277.26
277.419
277.592
277.775
277.968
278.17
278.383
278.603
278.83
279.065
279.305
279.549
279.796
280.047
280.301
280.557
280.813
281.069
281.327
281.582
281.837
282.093
282.345
282.593
282.842
283.089
283.33
283.569
283.806
284.041
284.27
284.495
284.72
284.94
285.155
285.369
285.577
285.784
285.986
286.185
286.38
286.573
286.761
286.946
287.128
287.306
287.481
287.654
287.824
287.99
288.153
288.312
288.469
288.622
288.772
288.921
289.065
289.206
289.346
289.482
289.615
289.746
289.875
290.001
290.125
290.246
290.365
290.481
290.596
290.708
290.817
290.925
291.031
291.135
291.236
291.336
291.434
291.53
291.624
291.716
291.807
291.896
291.983
292.069
292.153
292.235
292.317
292.396
292.474
292.551
292.627
292.701
292.774
292.846
292.916
292.984
293.052
293.118
293.183
293.247
293.309
293.371
293.431
293.49
293.549
293.606
293.662
293.718
293.773
293.827
293.88
293.932
293.983
294.033
294.083
294.133
294.183
294.231
294.279
294.326
294.372
294.419
294.465
294.512
294.558
294.603
294.648
294.692
294.737
294.781
294.825
294.868
294.911
294.952
294.993
295.034
295.073
295.108
276
276
276
276
276
276
276
276
276
276
276
276
276
276
276
276
276
276
276
276
276
276
276
276
276
276
276
276.001
276.001
276.002
276.002
276.003
276.005
276.006
276.008
276.011
276.014
276.017
276.022
276.028
276.035
276.044
276.055
276.068
276.083
276.101
276.123
276.148
276.179
276.214
276.255
276.303
276.358
276.42
276.492
276.572
276.661
276.761
276.871
276.991
277.123
277.265
277.418
277.58
277.754
277.937
278.13
278.331
278.541
278.758
278.981
279.212
279.446
279.686
279.929
280.176
280.424
280.675
280.926
281.179
281.431
281.682
281.934
282.184
282.432
282.678
282.922
283.165
283.403
283.64
283.873
284.104
284.331
284.554
284.776
284.994
285.208
285.419
285.625
285.83
286.03
286.227
286.421
286.612
286.798
286.982
287.163
287.339
287.513
287.685
287.852
288.018
288.179
288.338
288.493
288.646
288.796
288.942
289.086
289.227
289.365
289.501
289.634
289.764
289.892
290.018
290.141
290.262
290.38
290.496
290.61
290.722
290.831
290.938
291.044
291.147
291.248
291.348
291.445
291.54
291.634
291.726
291.817
291.905
291.992
292.078
292.162
292.244
292.325
292.404
292.482
292.559
292.635
292.709
292.782
292.853
292.923
292.992
293.059
293.125
293.19
293.254
293.316
293.377
293.438
293.497
293.555
293.613
293.669
293.724
293.779
293.833
293.886
293.938
293.989
294.039
294.089
294.139
294.189
294.237
294.285
294.332
294.378
294.425
294.471
294.518
294.564
294.609
294.654
294.698
294.742
294.787
294.831
294.874
294.916
294.958
294.999
295.039
295.078
295.113
276
276
276
276
276
276
276
276
276
276
276
276
276
276
276
276
276
276
276
276
276
276
276
276
276
276.001
276.001
276.002
276.002
276.003
276.004
276.006
276.008
276.01
276.013
276.017
276.022
276.028
276.035
276.043
276.054
276.066
276.081
276.099
276.119
276.144
276.173
276.207
276.246
276.29
276.342
276.4
276.466
276.541
276.623
276.714
276.815
276.924
277.044
277.172
277.31
277.457
277.614
277.779
277.953
278.136
278.327
278.526
278.733
278.946
279.165
279.389
279.619
279.853
280.09
280.33
280.573
280.818
281.063
281.31
281.557
281.802
282.048
282.293
282.537
282.779
283.018
283.256
283.491
283.723
283.953
284.18
284.404
284.624
284.843
285.057
285.268
285.477
285.681
285.883
286.081
286.276
286.468
286.656
286.841
287.023
287.202
287.377
287.549
287.719
287.886
288.049
288.21
288.367
288.521
288.673
288.821
288.967
289.11
289.25
289.387
289.522
289.654
289.784
289.911
290.036
290.158
290.279
290.396
290.512
290.625
290.736
290.845
290.952
291.057
291.16
291.261
291.36
291.457
291.552
291.646
291.737
291.827
291.916
292.002
292.087
292.171
292.253
292.334
292.413
292.491
292.568
292.643
292.717
292.79
292.861
292.931
292.999
293.066
293.132
293.197
293.26
293.323
293.384
293.444
293.503
293.562
293.619
293.675
293.73
293.785
293.839
293.892
293.944
293.995
294.045
294.095
294.145
294.194
294.243
294.291
294.337
294.384
294.43
294.477
294.523
294.569
294.614
294.659
294.703
294.748
294.792
294.836
294.879
294.921
294.963
295.004
295.044
295.083
295.118
276
276
276
276
276
276
276
276
276
276
276
276
276
276
276
276
276
276
276
276
276
276
276.001
276.001
276.001
276.002
276.002
276.003
276.005
276.006
276.008
276.011
276.014
276.018
276.022
276.028
276.035
276.044
276.054
276.067
276.082
276.1
276.121
276.145
276.174
276.207
276.245
276.289
276.339
276.396
276.46
276.531
276.61
276.697
276.792
276.895
277.006
277.126
277.253
277.39
277.534
277.686
277.846
278.013
278.187
278.37
278.559
278.754
278.957
279.165
279.378
279.596
279.819
280.047
280.277
280.51
280.746
280.984
281.222
281.462
281.702
281.942
282.182
282.42
282.658
282.894
283.128
283.361
283.592
283.819
284.045
284.268
284.488
284.704
284.919
285.13
285.338
285.542
285.744
285.944
286.139
286.331
286.521
286.707
286.89
287.069
287.247
287.42
287.59
287.758
287.923
288.085
288.244
288.399
288.552
288.702
288.85
288.994
289.136
289.275
289.411
289.545
289.677
289.805
289.932
290.056
290.178
290.297
290.414
290.529
290.642
290.752
290.861
290.967
291.072
291.174
291.274
291.373
291.47
291.564
291.657
291.749
291.838
291.926
292.013
292.098
292.181
292.263
292.344
292.422
292.5
292.576
292.651
292.725
292.798
292.869
292.939
293.007
293.074
293.139
293.204
293.267
293.329
293.391
293.451
293.51
293.568
293.625
293.681
293.736
293.791
293.845
293.898
293.95
294.001
294.051
294.101
294.151
294.2
294.248
294.296
294.343
294.389
294.435
294.482
294.528
294.574
294.619
294.664
294.708
294.753
294.797
294.841
294.884
294.926
294.968
295.009
295.049
295.088
295.123
276
276
276
276
276
276
276
276
276
276
276
276
276
276
276
276
276
276
276
276
276.001
276.001
276.001
276.002
276.003
276.003
276.005
276.006
276.008
276.011
276.014
276.018
276.023
276.029
276.037
276.046
276.057
276.07
276.085
276.104
276.125
276.15
276.18
276.213
276.252
276.297
276.347
276.403
276.467
276.537
276.615
276.7
276.792
276.892
277
277.115
277.236
277.366
277.501
277.644
277.794
277.949
278.112
278.279
278.454
278.635
278.821
279.012
279.21
279.412
279.619
279.83
280.046
280.266
280.489
280.714
280.942
281.171
281.402
281.634
281.866
282.099
282.333
282.564
282.795
283.025
283.254
283.481
283.705
283.928
284.149
284.367
284.582
284.795
285.005
285.212
285.416
285.618
285.816
286.012
286.204
286.394
286.58
286.764
286.944
287.121
287.296
287.467
287.636
287.801
287.964
288.124
288.282
288.436
288.587
288.736
288.882
289.025
289.166
289.303
289.439
289.571
289.702
289.829
289.955
290.078
290.199
290.318
290.434
290.548
290.66
290.77
290.878
290.984
291.087
291.189
291.289
291.387
291.483
291.578
291.67
291.761
291.85
291.938
292.024
292.109
292.192
292.274
292.354
292.432
292.509
292.586
292.66
292.734
292.806
292.877
292.947
293.015
293.081
293.147
293.211
293.275
293.337
293.397
293.457
293.516
293.574
293.631
293.687
293.742
293.797
293.851
293.904
293.956
294.006
294.056
294.106
294.156
294.205
294.254
294.301
294.348
294.394
294.441
294.487
294.533
294.579
294.624
294.669
294.713
294.757
294.802
294.845
294.888
294.931
294.972
295.013
295.053
295.093
295.127
276
276
276
276
276
276
276
276
276
276
276
276
276
276
276
276
276
276
276.001
276.001
276.001
276.002
276.003
276.004
276.005
276.007
276.009
276.012
276.015
276.019
276.025
276.031
276.039
276.049
276.061
276.075
276.091
276.11
276.133
276.16
276.19
276.226
276.266
276.312
276.364
276.421
276.486
276.557
276.635
276.721
276.813
276.912
277.018
277.13
277.249
277.375
277.506
277.643
277.785
277.933
278.086
278.245
278.408
278.576
278.749
278.927
279.11
279.297
279.489
279.685
279.885
280.089
280.297
280.508
280.722
280.939
281.158
281.379
281.602
281.825
282.05
282.274
282.499
282.724
282.948
283.171
283.393
283.614
283.832
284.049
284.264
284.477
284.686
284.894
285.1
285.303
285.503
285.7
285.895
286.087
286.276
286.462
286.646
286.826
287.004
287.179
287.351
287.52
287.686
287.849
288.01
288.168
288.323
288.476
288.626
288.773
288.917
289.059
289.198
289.334
289.468
289.6
289.729
289.856
289.98
290.102
290.222
290.34
290.456
290.569
290.68
290.789
290.897
291.002
291.105
291.206
291.305
291.403
291.498
291.592
291.684
291.775
291.863
291.951
292.036
292.121
292.203
292.285
292.365
292.443
292.52
292.595
292.67
292.743
292.815
292.886
292.955
293.023
293.09
293.155
293.219
293.282
293.344
293.405
293.464
293.523
293.581
293.638
293.694
293.749
293.803
293.857
293.91
293.961
294.012
294.062
294.112
294.162
294.211
294.259
294.307
294.353
294.399
294.446
294.492
294.538
294.584
294.629
294.674
294.718
294.762
294.806
294.85
294.893
294.935
294.977
295.018
295.058
295.097
295.132
276
276
276
276
276
276
276
276
276
276
276
276
276
276
276
276
276.001
276.001
276.001
276.002
276.003
276.004
276.005
276.007
276.009
276.012
276.016
276.021
276.027
276.034
276.043
276.053
276.066
276.081
276.099
276.12
276.145
276.173
276.206
276.244
276.286
276.335
276.389
276.45
276.516
276.59
276.67
276.757
276.851
276.951
277.057
277.17
277.288
277.411
277.54
277.674
277.813
277.956
278.103
278.255
278.411
278.57
278.734
278.9
279.071
279.245
279.423
279.605
279.791
279.98
280.173
280.369
280.568
280.77
280.976
281.184
281.393
281.605
281.819
282.033
282.249
282.466
282.682
282.899
283.115
283.33
283.545
283.759
283.97
284.181
284.39
284.597
284.801
285.004
285.204
285.402
285.598
285.791
285.982
286.17
286.355
286.538
286.718
286.895
287.07
287.241
287.411
287.577
287.741
287.902
288.06
288.216
288.369
288.52
288.668
288.813
288.956
289.096
289.233
289.368
289.501
289.631
289.759
289.884
290.008
290.129
290.248
290.365
290.479
290.592
290.702
290.81
290.917
291.021
291.123
291.224
291.322
291.419
291.514
291.608
291.699
291.789
291.878
291.964
292.05
292.133
292.216
292.297
292.376
292.454
292.531
292.606
292.68
292.753
292.825
292.895
292.964
293.032
293.098
293.163
293.227
293.29
293.352
293.412
293.472
293.53
293.588
293.645
293.7
293.755
293.81
293.863
293.916
293.967
294.018
294.068
294.118
294.167
294.216
294.264
294.312
294.359
294.405
294.451
294.497
294.543
294.589
294.634
294.678
294.723
294.767
294.811
294.854
294.897
294.94
294.981
295.022
295.062
295.101
295.136
276
276
276
276
276
276
276
276
276
276
276
276
276
276
276.001
276.001
276.001
276.002
276.003
276.004
276.005
276.008
276.01
276.013
276.018
276.023
276.03
276.038
276.047
276.059
276.073
276.09
276.11
276.133
276.16
276.191
276.227
276.268
276.314
276.366
276.424
276.488
276.559
276.636
276.72
276.81
276.906
277.009
277.117
277.231
277.35
277.474
277.602
277.735
277.872
278.012
278.156
278.304
278.454
278.607
278.764
278.923
279.084
279.249
279.416
279.586
279.758
279.935
280.113
280.295
280.48
280.667
280.858
281.051
281.247
281.446
281.645
281.848
282.052
282.257
282.464
282.672
282.879
283.087
283.295
283.502
283.709
283.916
284.121
284.324
284.526
284.727
284.926
285.123
285.318
285.511
285.701
285.89
286.076
286.26
286.441
286.62
286.796
286.97
287.141
287.309
287.476
287.639
287.8
287.959
288.115
288.268
288.419
288.567
288.713
288.857
288.997
289.136
289.271
289.405
289.536
289.665
289.791
289.915
290.037
290.157
290.275
290.391
290.505
290.616
290.726
290.833
290.938
291.042
291.143
291.243
291.341
291.437
291.532
291.624
291.716
291.805
291.893
291.979
292.064
292.147
292.229
292.309
292.388
292.466
292.542
292.617
292.691
292.764
292.835
292.905
292.974
293.041
293.107
293.172
293.236
293.298
293.36
293.42
293.479
293.538
293.595
293.652
293.707
293.762
293.816
293.87
293.922
293.974
294.024
294.074
294.124
294.173
294.222
294.27
294.317
294.364
294.41
294.456
294.502
294.548
294.594
294.639
294.683
294.728
294.772
294.816
294.859
294.902
294.944
294.986
295.026
295.066
295.105
295.14
276
276
276
276
276
276
276
276
276
276
276
276
276.001
276.001
276.001
276.002
276.003
276.004
276.006
276.008
276.011
276.015
276.02
276.026
276.033
276.042
276.053
276.067
276.083
276.101
276.124
276.15
276.18
276.215
276.255
276.3
276.35
276.407
276.47
276.539
276.615
276.697
276.785
276.88
276.98
277.086
277.198
277.314
277.435
277.561
277.69
277.823
277.96
278.099
278.242
278.386
278.534
278.683
278.834
278.987
279.143
279.299
279.458
279.619
279.781
279.946
280.113
280.282
280.454
280.628
280.804
280.983
281.164
281.348
281.534
281.723
281.913
282.106
282.3
282.496
282.693
282.89
283.089
283.288
283.487
283.686
283.885
284.084
284.281
284.478
284.673
284.867
285.059
285.25
285.439
285.627
285.812
285.996
286.177
286.356
286.533
286.708
286.88
287.05
287.218
287.383
287.546
287.706
287.864
288.02
288.173
288.324
288.473
288.619
288.762
288.903
289.042
289.179
289.313
289.444
289.574
289.701
289.826
289.949
290.069
290.188
290.305
290.419
290.532
290.642
290.751
290.857
290.962
291.064
291.165
291.264
291.361
291.457
291.55
291.642
291.733
291.822
291.909
291.995
292.079
292.162
292.243
292.323
292.402
292.479
292.555
292.629
292.703
292.775
292.846
292.916
292.984
293.051
293.117
293.181
293.245
293.307
293.368
293.428
293.488
293.546
293.603
293.659
293.715
293.769
293.823
293.877
293.929
293.98
294.031
294.081
294.13
294.179
294.228
294.276
294.323
294.37
294.416
294.462
294.508
294.553
294.599
294.644
294.688
294.733
294.777
294.82
294.864
294.907
294.949
294.99
295.031
295.071
295.11
295.144
276
276
276
276
276
276
276
276
276
276
276
276.001
276.001
276.002
276.003
276.004
276.006
276.009
276.012
276.016
276.022
276.029
276.037
276.048
276.061
276.076
276.095
276.116
276.142
276.172
276.206
276.246
276.291
276.341
276.398
276.461
276.53
276.605
276.688
276.776
276.87
276.97
277.076
277.187
277.303
277.423
277.547
277.675
277.806
277.941
278.078
278.217
278.359
278.502
278.647
278.793
278.942
279.091
279.241
279.392
279.545
279.698
279.853
280.008
280.166
280.324
280.484
280.646
280.81
280.975
281.143
281.313
281.485
281.659
281.835
282.014
282.194
282.377
282.561
282.746
282.934
283.122
283.311
283.501
283.691
283.881
284.072
284.262
284.452
284.64
284.829
285.016
285.201
285.386
285.569
285.751
285.93
286.109
286.285
286.459
286.632
286.802
286.97
287.136
287.3
287.461
287.621
287.778
287.933
288.085
288.236
288.384
288.53
288.673
288.814
288.953
289.09
289.225
289.357
289.487
289.614
289.74
289.863
289.984
290.104
290.221
290.336
290.449
290.561
290.67
290.778
290.883
290.987
291.088
291.188
291.286
291.383
291.477
291.57
291.661
291.751
291.839
291.926
292.011
292.095
292.177
292.258
292.337
292.415
292.492
292.568
292.642
292.715
292.787
292.857
292.927
292.995
293.061
293.127
293.191
293.254
293.316
293.377
293.437
293.496
293.554
293.611
293.667
293.722
293.777
293.831
293.884
293.936
293.987
294.037
294.087
294.137
294.186
294.234
294.282
294.329
294.375
294.422
294.467
294.513
294.559
294.604
294.649
294.693
294.738
294.781
294.825
294.868
294.911
294.953
294.995
295.035
295.075
295.114
295.148
276
276
276
276
276
276
276
276
276
276.001
276.001
276.002
276.003
276.004
276.007
276.009
276.013
276.018
276.025
276.033
276.043
276.055
276.071
276.089
276.111
276.136
276.166
276.201
276.241
276.286
276.338
276.396
276.459
276.53
276.607
276.691
276.78
276.876
276.978
277.085
277.197
277.314
277.435
277.56
277.688
277.819
277.953
278.09
278.228
278.368
278.509
278.652
278.796
278.94
279.085
279.231
279.378
279.525
279.672
279.82
279.967
280.116
280.265
280.415
280.566
280.718
280.87
281.024
281.179
281.336
281.495
281.655
281.817
281.982
282.148
282.317
282.487
282.659
282.833
283.008
283.185
283.364
283.543
283.723
283.905
284.086
284.268
284.449
284.631
284.812
284.993
285.173
285.351
285.529
285.706
285.882
286.056
286.228
286.399
286.568
286.736
286.901
287.065
287.227
287.387
287.544
287.7
287.854
288.005
288.155
288.302
288.448
288.591
288.732
288.87
289.007
289.141
289.274
289.403
289.531
289.657
289.781
289.903
290.022
290.14
290.256
290.37
290.482
290.592
290.7
290.806
290.911
291.013
291.114
291.213
291.31
291.405
291.499
291.591
291.682
291.771
291.858
291.944
292.029
292.112
292.193
292.274
292.353
292.43
292.506
292.581
292.655
292.728
292.799
292.869
292.938
293.006
293.072
293.138
293.201
293.264
293.326
293.387
293.446
293.505
293.563
293.619
293.675
293.73
293.785
293.838
293.891
293.943
293.994
294.044
294.094
294.143
294.192
294.24
294.288
294.335
294.381
294.427
294.473
294.519
294.564
294.609
294.654
294.699
294.743
294.786
294.83
294.873
294.916
294.958
294.999
295.04
295.08
295.118
295.153
276
276
276
276
276
276
276
276.001
276.001
276.002
276.003
276.005
276.007
276.01
276.015
276.021
276.028
276.038
276.05
276.065
276.083
276.105
276.132
276.162
276.198
276.24
276.287
276.34
276.4
276.467
276.54
276.62
276.707
276.8
276.899
277.004
277.115
277.23
277.35
277.473
277.6
277.731
277.863
277.999
278.135
278.274
278.414
278.555
278.696
278.839
278.981
279.124
279.267
279.41
279.553
279.696
279.839
279.982
280.124
280.266
280.409
280.551
280.694
280.837
280.98
281.124
281.268
281.414
281.561
281.708
281.857
282.009
282.161
282.315
282.471
282.629
282.789
282.951
283.115
283.28
283.447
283.615
283.785
283.956
284.127
284.3
284.473
284.646
284.819
284.992
285.165
285.337
285.509
285.68
285.85
286.019
286.187
286.354
286.519
286.683
286.846
287.007
287.166
287.323
287.479
287.632
287.784
287.934
288.082
288.229
288.373
288.515
288.655
288.793
288.929
289.063
289.195
289.325
289.453
289.579
289.703
289.825
289.945
290.063
290.179
290.293
290.405
290.516
290.625
290.731
290.837
290.94
291.041
291.141
291.239
291.335
291.429
291.522
291.614
291.703
291.791
291.878
291.963
292.047
292.13
292.211
292.29
292.369
292.446
292.522
292.596
292.669
292.741
292.812
292.882
292.951
293.018
293.084
293.149
293.212
293.275
293.336
293.397
293.456
293.514
293.572
293.628
293.684
293.739
293.793
293.846
293.899
293.951
294.001
294.052
294.101
294.15
294.199
294.247
294.294
294.341
294.388
294.433
294.479
294.525
294.57
294.615
294.66
294.704
294.748
294.792
294.835
294.878
294.921
294.963
295.004
295.044
295.084
295.123
295.157
276
276
276
276
276
276
276.001
276.002
276.003
276.005
276.007
276.011
276.017
276.024
276.033
276.045
276.06
276.078
276.101
276.128
276.16
276.198
276.242
276.292
276.349
276.412
276.483
276.561
276.646
276.739
276.837
276.942
277.052
277.168
277.288
277.413
277.541
277.672
277.806
277.942
278.08
278.219
278.359
278.5
278.641
278.783
278.924
279.066
279.208
279.349
279.489
279.629
279.769
279.908
280.047
280.184
280.322
280.459
280.595
280.73
280.866
281.001
281.136
281.271
281.406
281.542
281.678
281.814
281.952
282.09
282.229
282.371
282.513
282.657
282.803
282.951
283.101
283.252
283.405
283.56
283.717
283.875
284.035
284.196
284.359
284.522
284.686
284.85
285.015
285.18
285.345
285.509
285.674
285.838
286.001
286.163
286.325
286.486
286.645
286.804
286.961
287.117
287.271
287.424
287.575
287.725
287.873
288.019
288.163
288.306
288.447
288.586
288.723
288.858
288.991
289.123
289.252
289.38
289.506
289.629
289.751
289.871
289.989
290.105
290.22
290.332
290.443
290.552
290.659
290.765
290.868
290.97
291.071
291.169
291.266
291.361
291.455
291.547
291.637
291.726
291.813
291.899
291.984
292.067
292.149
292.229
292.308
292.386
292.462
292.537
292.611
292.684
292.756
292.826
292.895
292.964
293.03
293.096
293.16
293.224
293.286
293.347
293.407
293.466
293.524
293.581
293.638
293.693
293.748
293.801
293.855
293.907
293.958
294.009
294.059
294.109
294.157
294.206
294.254
294.301
294.348
294.394
294.44
294.485
294.531
294.576
294.621
294.665
294.709
294.753
294.797
294.84
294.883
294.926
294.968
295.009
295.049
295.089
295.127
295.162
276
276
276
276
276.001
276.001
276.003
276.005
276.008
276.012
276.019
276.027
276.039
276.054
276.073
276.096
276.125
276.159
276.2
276.247
276.302
276.364
276.434
276.511
276.596
276.689
276.789
276.896
277.008
277.127
277.25
277.378
277.51
277.644
277.781
277.92
278.061
278.203
278.345
278.488
278.632
278.774
278.917
279.059
279.2
279.341
279.481
279.62
279.757
279.894
280.03
280.164
280.298
280.431
280.563
280.694
280.824
280.953
281.082
281.209
281.337
281.463
281.59
281.717
281.843
281.969
282.096
282.223
282.351
282.48
282.61
282.741
282.873
283.007
283.143
283.28
283.42
283.561
283.704
283.848
283.995
284.143
284.293
284.444
284.597
284.751
284.905
285.061
285.217
285.374
285.531
285.687
285.845
286.001
286.158
286.314
286.469
286.623
286.777
286.93
287.082
287.232
287.381
287.53
287.676
287.821
287.965
288.107
288.248
288.387
288.524
288.66
288.794
288.926
289.057
289.185
289.312
289.437
289.561
289.682
289.802
289.919
290.035
290.15
290.262
290.373
290.482
290.59
290.696
290.8
290.902
291.003
291.102
291.199
291.295
291.389
291.481
291.572
291.662
291.75
291.836
291.921
292.005
292.087
292.168
292.248
292.326
292.403
292.479
292.554
292.627
292.7
292.771
292.841
292.909
292.977
293.043
293.109
293.173
293.236
293.297
293.358
293.418
293.477
293.534
293.591
293.647
293.702
293.757
293.81
293.863
293.915
293.967
294.017
294.067
294.116
294.165
294.213
294.261
294.308
294.354
294.4
294.446
294.492
294.537
294.582
294.627
294.671
294.715
294.759
294.802
294.846
294.888
294.931
294.973
295.014
295.054
295.093
295.132
295.166
276
276
276
276.001
276.002
276.004
276.008
276.013
276.021
276.032
276.047
276.066
276.091
276.121
276.159
276.204
276.257
276.318
276.388
276.466
276.554
276.649
276.753
276.865
276.983
277.107
277.237
277.371
277.509
277.65
277.793
277.938
278.085
278.232
278.379
278.526
278.672
278.818
278.963
279.107
279.25
279.391
279.531
279.669
279.806
279.942
280.076
280.209
280.34
280.469
280.598
280.725
280.85
280.975
281.098
281.221
281.342
281.463
281.582
281.7
281.819
281.936
282.054
282.171
282.288
282.405
282.522
282.639
282.757
282.876
282.996
283.117
283.24
283.364
283.489
283.616
283.745
283.875
284.008
284.142
284.279
284.417
284.557
284.699
284.842
284.986
285.132
285.279
285.426
285.574
285.723
285.872
286.021
286.17
286.32
286.469
286.618
286.766
286.914
287.061
287.207
287.352
287.496
287.639
287.781
287.922
288.061
288.2
288.336
288.472
288.605
288.738
288.868
288.998
289.125
289.251
289.375
289.497
289.618
289.737
289.854
289.97
290.084
290.197
290.307
290.416
290.524
290.63
290.734
290.836
290.937
291.037
291.134
291.23
291.325
291.418
291.509
291.599
291.688
291.775
291.86
291.944
292.027
292.109
292.189
292.268
292.346
292.422
292.497
292.571
292.644
292.716
292.786
292.856
292.924
292.991
293.057
293.122
293.186
293.248
293.309
293.37
293.429
293.488
293.545
293.602
293.657
293.712
293.766
293.82
293.872
293.924
293.975
294.025
294.075
294.124
294.173
294.221
294.268
294.315
294.361
294.407
294.453
294.498
294.543
294.588
294.633
294.677
294.721
294.765
294.808
294.851
294.894
294.936
294.978
295.019
295.059
295.098
295.136
295.171
276
276
276.001
276.003
276.007
276.013
276.023
276.037
276.057
276.083
276.116
276.158
276.209
276.27
276.342
276.423
276.515
276.617
276.728
276.848
276.976
277.111
277.251
277.396
277.545
277.697
277.85
278.004
278.159
278.315
278.469
278.623
278.775
278.925
279.074
279.221
279.366
279.509
279.651
279.79
279.926
280.061
280.193
280.324
280.453
280.58
280.705
280.828
280.95
281.07
281.189
281.306
281.422
281.537
281.65
281.762
281.873
281.984
282.093
282.202
282.31
282.418
282.525
282.632
282.739
282.847
282.954
283.061
283.17
283.279
283.388
283.499
283.611
283.725
283.84
283.956
284.075
284.196
284.318
284.442
284.568
284.697
284.827
284.959
285.092
285.227
285.364
285.502
285.64
285.78
285.921
286.062
286.203
286.345
286.487
286.629
286.772
286.913
287.055
287.196
287.336
287.476
287.615
287.753
287.89
288.027
288.162
288.295
288.428
288.56
288.69
288.818
288.946
289.072
289.196
289.319
289.44
289.56
289.678
289.795
289.91
290.023
290.135
290.245
290.354
290.461
290.567
290.671
290.774
290.875
290.974
291.072
291.168
291.263
291.356
291.448
291.538
291.627
291.715
291.801
291.885
291.969
292.051
292.131
292.211
292.289
292.366
292.442
292.516
292.589
292.662
292.733
292.803
292.871
292.939
293.006
293.071
293.136
293.199
293.261
293.322
293.382
293.441
293.499
293.556
293.612
293.668
293.722
293.776
293.829
293.882
293.933
293.984
294.034
294.083
294.132
294.181
294.228
294.276
294.322
294.368
294.414
294.46
294.505
294.55
294.595
294.639
294.683
294.727
294.77
294.814
294.857
294.899
294.941
294.983
295.024
295.064
295.103
295.141
295.175
276
276.002
276.005
276.012
276.025
276.043
276.07
276.107
276.155
276.216
276.289
276.376
276.475
276.588
276.712
276.847
276.991
277.143
277.301
277.464
277.631
277.799
277.968
278.137
278.305
278.471
278.636
278.799
278.958
279.116
279.27
279.421
279.57
279.715
279.857
279.997
280.134
280.267
280.398
280.527
280.653
280.777
280.898
281.017
281.134
281.249
281.363
281.474
281.584
281.692
281.799
281.905
282.009
282.112
282.215
282.316
282.416
282.515
282.614
282.712
282.809
282.907
283.003
283.1
283.196
283.293
283.39
283.488
283.586
283.685
283.784
283.885
283.987
284.09
284.195
284.301
284.41
284.52
284.632
284.746
284.863
284.981
285.101
285.224
285.348
285.473
285.601
285.729
285.86
285.991
286.123
286.256
286.39
286.524
286.66
286.795
286.93
287.065
287.201
287.336
287.47
287.604
287.738
287.871
288.003
288.135
288.265
288.395
288.523
288.651
288.777
288.902
289.026
289.149
289.27
289.39
289.508
289.625
289.741
289.855
289.967
290.078
290.188
290.296
290.403
290.508
290.612
290.714
290.815
290.914
291.012
291.109
291.204
291.297
291.389
291.48
291.569
291.657
291.743
291.828
291.912
291.994
292.075
292.155
292.233
292.311
292.387
292.462
292.536
292.608
292.68
292.75
292.82
292.888
292.955
293.021
293.086
293.15
293.213
293.274
293.335
293.395
293.453
293.511
293.568
293.624
293.679
293.733
293.786
293.839
293.891
293.943
293.993
294.043
294.092
294.141
294.189
294.236
294.283
294.33
294.376
294.422
294.467
294.512
294.557
294.601
294.645
294.689
294.733
294.776
294.819
294.862
294.905
294.947
294.988
295.029
295.069
295.108
295.146
295.18
276.002
276.009
276.023
276.049
276.088
276.144
276.219
276.312
276.424
276.554
276.7
276.862
277.035
277.216
277.405
277.597
277.791
277.985
278.177
278.368
278.555
278.738
278.916
279.091
279.26
279.425
279.585
279.741
279.892
280.039
280.182
280.32
280.455
280.587
280.715
280.84
280.962
281.08
281.196
281.31
281.42
281.529
281.635
281.74
281.842
281.943
282.043
282.14
282.236
282.332
282.425
282.518
282.609
282.7
282.789
282.878
282.967
283.054
283.141
283.228
283.314
283.4
283.486
283.572
283.657
283.744
283.83
283.918
284.005
284.094
284.183
284.274
284.365
284.459
284.553
284.649
284.748
284.848
284.95
285.054
285.161
285.269
285.38
285.492
285.607
285.724
285.842
285.962
286.083
286.206
286.33
286.455
286.581
286.708
286.836
286.964
287.093
287.221
287.35
287.479
287.608
287.736
287.865
287.992
288.12
288.246
288.372
288.498
288.622
288.745
288.868
288.989
289.109
289.229
289.346
289.463
289.579
289.693
289.805
289.917
290.027
290.136
290.243
290.349
290.454
290.557
290.659
290.759
290.858
290.956
291.052
291.147
291.241
291.333
291.423
291.513
291.601
291.687
291.772
291.856
291.939
292.02
292.1
292.179
292.257
292.333
292.409
292.483
292.556
292.628
292.699
292.769
292.837
292.905
292.972
293.037
293.102
293.165
293.227
293.289
293.349
293.408
293.466
293.523
293.58
293.635
293.69
293.744
293.797
293.849
293.901
293.952
294.003
294.052
294.101
294.149
294.197
294.245
294.291
294.338
294.384
294.429
294.474
294.519
294.564
294.608
294.652
294.696
294.739
294.783
294.826
294.868
294.911
294.952
294.994
295.034
295.074
295.113
295.151
295.185
276.012
276.047
276.109
276.202
276.33
276.489
276.678
276.889
277.117
277.355
277.599
277.844
278.085
278.322
278.551
278.771
278.984
279.187
279.382
279.568
279.747
279.918
280.081
280.239
280.389
280.534
280.673
280.807
280.937
281.062
281.183
281.3
281.414
281.525
281.631
281.736
281.837
281.936
282.033
282.128
282.22
282.311
282.399
282.486
282.572
282.657
282.74
282.822
282.903
282.983
283.062
283.141
283.218
283.295
283.372
283.448
283.523
283.598
283.673
283.748
283.823
283.897
283.972
284.047
284.121
284.197
284.273
284.349
284.427
284.505
284.584
284.664
284.746
284.829
284.914
285
285.088
285.178
285.27
285.365
285.462
285.561
285.661
285.765
285.87
285.977
286.087
286.198
286.311
286.425
286.541
286.658
286.776
286.896
287.016
287.137
287.259
287.381
287.504
287.626
287.749
287.872
287.995
288.117
288.239
288.361
288.482
288.603
288.723
288.842
288.961
289.079
289.195
289.311
289.425
289.539
289.651
289.762
289.872
289.981
290.089
290.195
290.3
290.404
290.506
290.607
290.707
290.806
290.903
290.999
291.094
291.187
291.279
291.37
291.459
291.547
291.633
291.719
291.803
291.885
291.967
292.047
292.127
292.205
292.281
292.357
292.431
292.505
292.577
292.648
292.719
292.788
292.856
292.923
292.989
293.054
293.118
293.181
293.242
293.303
293.363
293.421
293.479
293.536
293.592
293.647
293.702
293.755
293.808
293.86
293.912
293.962
294.012
294.062
294.11
294.158
294.206
294.253
294.3
294.346
294.391
294.437
294.482
294.526
294.571
294.615
294.659
294.702
294.746
294.789
294.832
294.874
294.917
294.958
294.999
295.04
295.08
295.119
295.156
295.19
276.099
276.289
276.555
276.878
277.239
277.615
277.988
278.343
278.675
278.982
279.266
279.526
279.766
279.988
280.192
280.382
280.56
280.727
280.882
281.029
281.169
281.3
281.425
281.545
281.658
281.767
281.872
281.973
282.07
282.164
282.255
282.343
282.428
282.512
282.593
282.672
282.75
282.825
282.899
282.971
283.043
283.113
283.182
283.25
283.318
283.384
283.45
283.515
283.58
283.644
283.708
283.771
283.834
283.897
283.959
284.022
284.084
284.146
284.209
284.271
284.334
284.397
284.46
284.523
284.587
284.651
284.717
284.783
284.849
284.917
284.986
285.056
285.128
285.201
285.276
285.352
285.43
285.511
285.593
285.678
285.765
285.854
285.946
286.04
286.136
286.234
286.335
286.437
286.541
286.647
286.755
286.864
286.975
287.087
287.2
287.314
287.428
287.544
287.66
287.777
287.894
288.011
288.128
288.245
288.362
288.479
288.596
288.712
288.827
288.942
289.057
289.171
289.284
289.396
289.507
289.617
289.726
289.834
289.941
290.047
290.152
290.256
290.359
290.46
290.56
290.659
290.757
290.854
290.949
291.044
291.137
291.228
291.319
291.408
291.496
291.582
291.667
291.751
291.834
291.916
291.996
292.076
292.154
292.231
292.307
292.381
292.455
292.528
292.599
292.67
292.739
292.808
292.875
292.941
293.007
293.071
293.134
293.197
293.258
293.318
293.377
293.436
293.493
293.549
293.605
293.66
293.714
293.767
293.819
293.871
293.922
293.973
294.022
294.071
294.12
294.168
294.215
294.262
294.308
294.354
294.4
294.445
294.49
294.534
294.578
294.622
294.666
294.709
294.753
294.795
294.838
294.881
294.923
294.964
295.005
295.046
295.085
295.124
295.162
295.195
277.051
278.046
278.915
279.628
280.192
280.627
280.962
281.216
281.424
281.604
281.761
281.9
282.027
282.142
282.247
282.346
282.438
282.525
282.607
282.684
282.76
282.831
282.899
282.964
283.028
283.09
283.15
283.209
283.266
283.321
283.376
283.43
283.483
283.535
283.586
283.637
283.687
283.736
283.785
283.834
283.882
283.931
283.978
284.026
284.073
284.12
284.168
284.215
284.263
284.31
284.358
284.405
284.453
284.501
284.549
284.598
284.647
284.696
284.746
284.795
284.846
284.897
284.948
285
285.053
285.106
285.161
285.216
285.272
285.33
285.389
285.449
285.51
285.573
285.638
285.705
285.773
285.844
285.917
285.992
286.07
286.15
286.232
286.317
286.404
286.493
286.585
286.679
286.774
286.872
286.972
287.073
287.176
287.281
287.386
287.493
287.601
287.71
287.82
287.931
288.041
288.153
288.264
288.376
288.488
288.6
288.712
288.823
288.934
289.045
289.155
289.265
289.374
289.483
289.591
289.697
289.803
289.909
290.013
290.116
290.218
290.319
290.419
290.518
290.616
290.713
290.809
290.904
290.997
291.09
291.181
291.271
291.36
291.447
291.533
291.619
291.703
291.785
291.867
291.947
292.027
292.105
292.182
292.258
292.333
292.407
292.479
292.551
292.622
292.692
292.76
292.828
292.895
292.96
293.025
293.089
293.152
293.213
293.274
293.334
293.392
293.45
293.507
293.563
293.618
293.673
293.726
293.779
293.831
293.883
293.933
293.983
294.033
294.082
294.13
294.177
294.225
294.271
294.317
294.363
294.408
294.453
294.497
294.542
294.586
294.629
294.673
294.716
294.759
294.802
294.845
294.887
294.929
294.97
295.011
295.051
295.091
295.129
295.167
295.201
293.038
290.848
289.245
288.085
287.25
286.642
286.192
285.86
285.617
285.435
285.289
285.172
285.076
284.997
284.931
284.877
284.833
284.797
284.768
284.745
284.727
284.711
284.701
284.693
284.689
284.687
284.688
284.691
284.696
284.703
284.711
284.722
284.733
284.745
284.759
284.775
284.79
284.808
284.826
284.845
284.866
284.887
284.908
284.931
284.955
284.979
285.004
285.03
285.057
285.085
285.113
285.142
285.172
285.203
285.234
285.267
285.299
285.333
285.368
285.403
285.439
285.476
285.514
285.552
285.592
285.633
285.675
285.718
285.762
285.808
285.855
285.903
285.953
286.005
286.059
286.114
286.172
286.231
286.293
286.358
286.425
286.494
286.566
286.64
286.717
286.796
286.877
286.961
287.048
287.136
287.226
287.319
287.413
287.509
287.606
287.705
287.805
287.906
288.009
288.112
288.216
288.32
288.425
288.531
288.637
288.743
288.849
288.955
289.061
289.167
289.272
289.378
289.482
289.586
289.69
289.793
289.895
289.997
290.098
290.197
290.296
290.394
290.492
290.588
290.683
290.778
290.871
290.963
291.054
291.145
291.234
291.322
291.409
291.494
291.579
291.662
291.745
291.826
291.906
291.985
292.063
292.14
292.216
292.29
292.364
292.437
292.509
292.579
292.649
292.718
292.786
292.852
292.918
292.983
293.047
293.11
293.172
293.233
293.293
293.352
293.411
293.468
293.524
293.579
293.634
293.688
293.741
293.794
293.845
293.896
293.947
293.996
294.045
294.094
294.142
294.189
294.236
294.282
294.328
294.373
294.418
294.463
294.507
294.551
294.595
294.638
294.682
294.725
294.768
294.81
294.852
294.895
294.936
294.977
295.018
295.058
295.098
295.136
295.173
295.207
297.635
296.93
295.996
294.995
294.003
293.067
292.214
291.41
290.707
290.106
289.595
289.157
288.781
288.454
288.171
287.927
287.715
287.526
287.357
287.207
287.072
286.951
286.841
286.743
286.654
286.575
286.503
286.438
286.379
286.326
286.278
286.235
286.197
286.162
286.131
286.103
286.079
286.058
286.039
286.023
286.01
285.999
285.99
285.983
285.979
285.976
285.975
285.976
285.979
285.983
285.988
285.996
286.005
286.015
286.027
286.04
286.054
286.07
286.087
286.106
286.125
286.146
286.168
286.192
286.216
286.242
286.27
286.299
286.329
286.361
286.395
286.43
286.467
286.506
286.547
286.589
286.634
286.682
286.731
286.783
286.838
286.895
286.955
287.017
287.082
287.15
287.22
287.293
287.368
287.446
287.526
287.608
287.692
287.778
287.866
287.955
288.046
288.139
288.232
288.327
288.423
288.52
288.617
288.715
288.814
288.913
289.013
289.113
289.213
289.313
289.413
289.512
289.612
289.711
289.81
289.908
290.006
290.103
290.2
290.296
290.391
290.485
290.579
290.672
290.764
290.855
290.946
291.035
291.123
291.211
291.298
291.383
291.468
291.551
291.634
291.715
291.796
291.875
291.953
292.031
292.107
292.182
292.256
292.33
292.402
292.474
292.544
292.613
292.682
292.75
292.816
292.882
292.947
293.011
293.074
293.136
293.197
293.258
293.317
293.375
293.432
293.489
293.545
293.599
293.653
293.707
293.759
293.811
293.862
293.913
293.963
294.012
294.061
294.108
294.156
294.203
294.249
294.295
294.34
294.386
294.43
294.474
294.518
294.562
294.606
294.649
294.692
294.735
294.777
294.82
294.862
294.904
294.945
294.986
295.027
295.067
295.106
295.144
295.181
295.214
297.985
297.932
297.809
297.582
297.226
296.742
296.158
295.503
294.823
294.156
293.525
292.941
292.405
291.918
291.474
291.063
290.689
290.351
290.043
289.765
289.511
289.281
289.071
288.882
288.708
288.548
288.401
288.265
288.14
288.025
287.919
287.82
287.729
287.645
287.567
287.495
287.428
287.366
287.309
287.257
287.208
287.163
287.122
287.085
287.051
287.02
286.991
286.966
286.943
286.923
286.905
286.889
286.876
286.865
286.856
286.85
286.845
286.842
286.841
286.841
286.843
286.847
286.853
286.861
286.87
286.881
286.893
286.907
286.924
286.941
286.961
286.983
287.006
287.032
287.059
287.089
287.121
287.156
287.193
287.232
287.274
287.319
287.367
287.417
287.47
287.526
287.585
287.646
287.71
287.776
287.845
287.916
287.99
288.066
288.144
288.223
288.305
288.388
288.473
288.559
288.646
288.735
288.824
288.915
289.006
289.098
289.191
289.284
289.377
289.471
289.565
289.659
289.752
289.846
289.94
290.033
290.126
290.219
290.311
290.403
290.494
290.584
290.674
290.764
290.852
290.94
291.027
291.114
291.199
291.284
291.368
291.451
291.533
291.614
291.694
291.773
291.852
291.929
292.005
292.081
292.155
292.229
292.301
292.373
292.444
292.514
292.583
292.651
292.718
292.785
292.85
292.915
292.979
293.042
293.104
293.165
293.225
293.284
293.343
293.4
293.457
293.512
293.567
293.621
293.675
293.727
293.779
293.831
293.881
293.931
293.98
294.029
294.077
294.125
294.172
294.218
294.264
294.309
294.355
294.399
294.443
294.487
294.531
294.574
294.618
294.661
294.703
294.746
294.788
294.83
294.872
294.914
294.955
294.996
295.036
295.076
295.114
295.152
295.189
295.223
297.999
297.997
297.99
297.974
297.939
297.869
297.74
297.527
297.216
296.817
296.353
295.851
295.336
294.829
294.339
293.871
293.428
293.013
292.625
292.263
291.927
291.614
291.322
291.048
290.793
290.556
290.336
290.132
289.941
289.765
289.601
289.449
289.306
289.172
289.047
288.93
288.821
288.718
288.622
288.533
288.449
288.37
288.296
288.227
288.162
288.102
288.046
287.993
287.944
287.899
287.857
287.818
287.783
287.75
287.72
287.692
287.667
287.645
287.625
287.607
287.592
287.578
287.567
287.558
287.551
287.547
287.544
287.543
287.544
287.548
287.553
287.561
287.57
287.582
287.596
287.613
287.632
287.653
287.677
287.704
287.734
287.766
287.801
287.839
287.88
287.923
287.97
288.02
288.072
288.127
288.185
288.245
288.308
288.373
288.44
288.51
288.581
288.655
288.73
288.807
288.886
288.966
289.047
289.129
289.213
289.297
289.382
289.468
289.555
289.642
289.729
289.817
289.905
289.993
290.081
290.169
290.257
290.345
290.432
290.519
290.606
290.692
290.778
290.864
290.949
291.033
291.116
291.199
291.282
291.363
291.444
291.525
291.604
291.682
291.76
291.837
291.913
291.988
292.062
292.136
292.208
292.28
292.351
292.421
292.49
292.558
292.626
292.692
292.758
292.823
292.887
292.951
293.013
293.075
293.136
293.196
293.255
293.314
293.371
293.427
293.483
293.538
293.592
293.645
293.698
293.75
293.801
293.852
293.902
293.951
294
294.048
294.096
294.142
294.189
294.235
294.28
294.325
294.37
294.414
294.458
294.502
294.545
294.588
294.631
294.673
294.716
294.758
294.8
294.842
294.883
294.925
294.966
295.006
295.046
295.085
295.124
295.162
295.199
295.232
298
298
298
297.999
297.997
297.992
297.983
297.964
297.923
297.845
297.71
297.505
297.229
296.891
296.512
296.107
295.692
295.28
294.876
294.486
294.113
293.758
293.42
293.099
292.795
292.507
292.237
291.981
291.741
291.512
291.296
291.093
290.9
290.719
290.549
290.389
290.238
290.097
289.963
289.837
289.718
289.605
289.499
289.399
289.304
289.215
289.131
289.051
288.976
288.906
288.84
288.777
288.719
288.664
288.612
288.564
288.519
288.477
288.438
288.401
288.368
288.337
288.309
288.283
288.26
288.239
288.22
288.204
288.19
288.179
288.17
288.163
288.159
288.157
288.157
288.16
288.166
288.174
288.185
288.199
288.215
288.235
288.257
288.283
288.311
288.343
288.377
288.415
288.455
288.498
288.544
288.593
288.645
288.699
288.756
288.815
288.877
288.94
289.006
289.073
289.143
289.214
289.286
289.36
289.435
289.511
289.589
289.667
289.747
289.827
289.907
289.988
290.07
290.152
290.234
290.317
290.399
290.481
290.564
290.646
290.728
290.81
290.891
290.973
291.054
291.134
291.214
291.293
291.372
291.451
291.528
291.605
291.682
291.757
291.832
291.907
291.98
292.053
292.125
292.196
292.266
292.336
292.405
292.473
292.54
292.607
292.673
292.738
292.802
292.865
292.928
292.99
293.052
293.112
293.172
293.231
293.289
293.346
293.402
293.458
293.512
293.566
293.62
293.672
293.724
293.775
293.826
293.875
293.925
293.973
294.021
294.069
294.116
294.162
294.208
294.253
294.298
294.343
294.387
294.431
294.474
294.517
294.56
294.603
294.645
294.687
294.729
294.771
294.813
294.854
294.896
294.937
294.977
295.017
295.057
295.096
295.135
295.172
295.209
295.241
298
298
298
298
298
298
297.999
297.998
297.996
297.991
297.98
297.956
297.909
297.825
297.689
297.496
297.249
296.958
296.636
296.297
295.951
295.605
295.265
294.932
294.61
294.299
294
293.715
293.441
293.18
292.931
292.693
292.466
292.25
292.044
291.849
291.662
291.484
291.315
291.154
291.002
290.857
290.72
290.59
290.466
290.349
290.237
290.132
290.031
289.936
289.846
289.76
289.679
289.602
289.529
289.46
289.395
289.333
289.275
289.22
289.168
289.12
289.074
289.032
288.992
288.955
288.92
288.889
288.86
288.834
288.81
288.789
288.77
288.754
288.741
288.73
288.723
288.717
288.715
288.716
288.719
288.726
288.735
288.748
288.764
288.783
288.805
288.831
288.859
288.89
288.925
288.962
289.003
289.046
289.092
289.14
289.191
289.244
289.3
289.357
289.417
289.479
289.542
289.607
289.674
289.742
289.811
289.881
289.953
290.026
290.099
290.174
290.248
290.324
290.4
290.476
290.553
290.63
290.707
290.784
290.861
290.938
291.015
291.091
291.168
291.244
291.32
291.396
291.471
291.546
291.62
291.694
291.767
291.839
291.911
291.983
292.054
292.124
292.193
292.262
292.33
292.397
292.464
292.53
292.595
292.66
292.724
292.787
292.85
292.912
292.973
293.034
293.094
293.153
293.211
293.268
293.325
293.381
293.436
293.491
293.545
293.597
293.65
293.701
293.752
293.802
293.852
293.901
293.95
293.998
294.045
294.092
294.138
294.184
294.229
294.274
294.318
294.362
294.406
294.449
294.492
294.534
294.577
294.619
294.661
294.703
294.744
294.786
294.827
294.868
294.909
294.95
294.99
295.03
295.069
295.108
295.146
295.183
295.219
295.252
298
298
298
298
298
298
298
298
298
298
297.999
297.998
297.995
297.989
297.976
297.948
297.896
297.808
297.674
297.494
297.271
297.016
296.739
296.449
296.152
295.855
295.56
295.271
294.988
294.714
294.448
294.191
293.943
293.704
293.475
293.255
293.043
292.84
292.645
292.459
292.28
292.109
291.945
291.787
291.637
291.493
291.356
291.225
291.1
290.981
290.868
290.76
290.657
290.558
290.465
290.376
290.291
290.21
290.132
290.059
289.99
289.924
289.861
289.802
289.745
289.692
289.642
289.595
289.551
289.51
289.472
289.436
289.403
289.373
289.346
289.322
289.3
289.282
289.266
289.254
289.244
289.238
289.235
289.235
289.238
289.245
289.254
289.267
289.284
289.303
289.326
289.351
289.38
289.412
289.447
289.484
289.524
289.567
289.612
289.66
289.709
289.761
289.815
289.871
289.929
289.988
290.049
290.111
290.175
290.24
290.306
290.373
290.441
290.509
290.579
290.649
290.719
290.79
290.861
290.933
291.004
291.076
291.148
291.22
291.292
291.364
291.436
291.507
291.578
291.649
291.72
291.79
291.86
291.929
291.998
292.066
292.134
292.201
292.268
292.334
292.4
292.465
292.529
292.593
292.656
292.719
292.781
292.842
292.903
292.963
293.022
293.081
293.14
293.197
293.254
293.31
293.366
293.42
293.474
293.527
293.58
293.632
293.683
293.733
293.783
293.833
293.881
293.929
293.977
294.024
294.071
294.117
294.162
294.207
294.252
294.296
294.34
294.383
294.426
294.469
294.511
294.553
294.595
294.637
294.678
294.72
294.761
294.802
294.843
294.884
294.924
294.964
295.004
295.044
295.083
295.121
295.159
295.196
295.231
295.264
298
298
298
298
298
298
298
298
298
298
298
298
298
297.999
297.999
297.997
297.994
297.987
297.971
297.94
297.884
297.794
297.665
297.497
297.296
297.07
296.827
296.574
296.315
296.055
295.797
295.541
295.29
295.044
294.805
294.572
294.346
294.128
293.916
293.712
293.514
293.324
293.14
292.963
292.793
292.629
292.471
292.32
292.173
292.033
291.898
291.768
291.644
291.526
291.413
291.304
291.2
291.101
291.005
290.914
290.827
290.744
290.665
290.589
290.517
290.448
290.383
290.32
290.261
290.205
290.152
290.103
290.056
290.012
289.971
289.933
289.898
289.867
289.838
289.812
289.79
289.771
289.755
289.742
289.733
289.726
289.724
289.724
289.728
289.736
289.747
289.76
289.778
289.798
289.821
289.847
289.877
289.909
289.943
289.98
290.02
290.062
290.106
290.153
290.201
290.251
290.303
290.357
290.412
290.469
290.527
290.587
290.647
290.709
290.771
290.835
290.899
290.963
291.028
291.094
291.16
291.226
291.293
291.36
291.427
291.494
291.561
291.628
291.695
291.762
291.828
291.895
291.961
292.026
292.092
292.157
292.222
292.286
292.35
292.413
292.476
292.538
292.6
292.662
292.722
292.783
292.843
292.902
292.961
293.019
293.076
293.134
293.19
293.246
293.301
293.356
293.41
293.463
293.516
293.567
293.619
293.669
293.719
293.769
293.817
293.866
293.913
293.961
294.007
294.053
294.099
294.144
294.189
294.233
294.277
294.32
294.363
294.406
294.448
294.491
294.532
294.574
294.615
294.656
294.697
294.738
294.779
294.82
294.86
294.9
294.94
294.98
295.019
295.059
295.097
295.135
295.172
295.209
295.244
295.276
298
298
298
298
298
298
298
298
298
298
298
298
298
298
298
298
298
297.999
297.999
297.997
297.993
297.985
297.967
297.933
297.874
297.785
297.661
297.506
297.324
297.122
296.907
296.683
296.454
296.223
295.992
295.764
295.538
295.316
295.099
294.886
294.679
294.478
294.282
294.092
293.908
293.729
293.556
293.389
293.227
293.07
292.919
292.774
292.633
292.497
292.365
292.239
292.117
292
291.888
291.78
291.677
291.577
291.482
291.39
291.302
291.218
291.138
291.061
290.987
290.917
290.85
290.786
290.726
290.668
290.614
290.563
290.514
290.47
290.428
290.389
290.354
290.322
290.294
290.268
290.246
290.228
290.213
290.201
290.193
290.188
290.187
290.189
290.194
290.203
290.215
290.23
290.248
290.269
290.293
290.32
290.349
290.381
290.415
290.452
290.49
290.531
290.574
290.619
290.666
290.715
290.765
290.816
290.869
290.923
290.978
291.035
291.092
291.15
291.209
291.268
291.328
291.389
291.45
291.511
291.573
291.635
291.697
291.759
291.822
291.884
291.946
292.009
292.071
292.133
292.194
292.256
292.317
292.378
292.439
292.499
292.559
292.619
292.678
292.737
292.795
292.853
292.91
292.967
293.024
293.08
293.136
293.191
293.245
293.3
293.353
293.406
293.458
293.51
293.561
293.611
293.661
293.711
293.759
293.807
293.855
293.902
293.949
293.995
294.04
294.086
294.13
294.175
294.218
294.262
294.305
294.347
294.39
294.432
294.473
294.515
294.556
294.597
294.637
294.678
294.718
294.759
294.799
294.839
294.879
294.918
294.958
294.997
295.036
295.075
295.113
295.151
295.187
295.224
295.259
295.29
298
298
298
298
298
298
298
298
298
298
298
298
298
298
298
298
298
298
298
298
298
297.999
297.999
297.997
297.992
297.983
297.963
297.927
297.867
297.78
297.663
297.52
297.354
297.173
296.979
296.779
296.574
296.366
296.158
295.952
295.747
295.545
295.346
295.151
294.96
294.774
294.592
294.415
294.242
294.075
293.912
293.753
293.6
293.451
293.306
293.166
293.031
292.9
292.773
292.65
292.531
292.416
292.306
292.2
292.097
291.999
291.904
291.813
291.725
291.641
291.561
291.484
291.41
291.339
291.272
291.207
291.146
291.089
291.034
290.983
290.936
290.891
290.85
290.812
290.778
290.747
290.72
290.696
290.676
290.659
290.646
290.637
290.63
290.627
290.628
290.631
290.638
290.648
290.661
290.677
290.696
290.717
290.742
290.768
290.797
290.829
290.863
290.899
290.936
290.976
291.018
291.061
291.106
291.152
291.2
291.249
291.299
291.35
291.402
291.455
291.509
291.563
291.619
291.674
291.731
291.787
291.844
291.901
291.959
292.017
292.074
292.132
292.19
292.248
292.306
292.364
292.421
292.479
292.536
292.593
292.65
292.706
292.763
292.819
292.874
292.929
292.984
293.039
293.093
293.147
293.2
293.254
293.306
293.358
293.41
293.461
293.511
293.561
293.611
293.66
293.708
293.756
293.803
293.85
293.896
293.942
293.987
294.032
294.077
294.121
294.165
294.208
294.251
294.293
294.335
294.377
294.418
294.459
294.5
294.541
294.581
294.622
294.662
294.702
294.741
294.781
294.821
294.86
294.899
294.939
294.978
295.016
295.055
295.093
295.131
295.168
295.204
295.24
295.274
295.306
298
298
298
298
298
298
298
298
298
298
298
298
298
298
298
298
298
298
298
298
298
298
298
298
298
297.999
297.998
297.996
297.991
297.981
297.96
297.923
297.864
297.779
297.669
297.536
297.385
297.22
297.046
296.864
296.679
296.491
296.302
296.114
295.926
295.741
295.558
295.378
295.202
295.029
294.859
294.693
294.532
294.374
294.22
294.07
293.924
293.782
293.644
293.51
293.38
293.254
293.131
293.012
292.897
292.785
292.677
292.572
292.472
292.375
292.281
292.191
292.105
292.021
291.942
291.865
291.792
291.722
291.655
291.592
291.532
291.475
291.422
291.373
291.326
291.284
291.244
291.209
291.177
291.148
291.123
291.102
291.084
291.069
291.058
291.051
291.047
291.045
291.048
291.053
291.061
291.072
291.086
291.103
291.122
291.144
291.168
291.195
291.223
291.254
291.287
291.322
291.359
291.397
291.437
291.478
291.521
291.565
291.61
291.656
291.703
291.751
291.8
291.85
291.9
291.951
292.003
292.055
292.107
292.16
292.213
292.266
292.32
292.373
292.427
292.481
292.534
292.588
292.642
292.695
292.749
292.802
292.855
292.908
292.961
293.013
293.065
293.117
293.169
293.22
293.271
293.322
293.372
293.422
293.472
293.521
293.57
293.618
293.665
293.713
293.759
293.805
293.851
293.896
293.941
293.986
294.03
294.074
294.117
294.16
294.202
294.244
294.286
294.328
294.369
294.409
294.45
294.49
294.53
294.57
294.61
294.649
294.688
294.728
294.767
294.806
294.845
294.883
294.922
294.961
294.999
295.037
295.075
295.113
295.15
295.186
295.222
295.257
295.292
295.322
298
298
298
298
298
298
298
298
298
298
298
298
298
298
298
298
298
298
298
298
298
298
298
298
298
298
298
298
298
297.999
297.998
297.996
297.991
297.979
297.957
297.92
297.862
297.781
297.678
297.555
297.417
297.266
297.107
296.942
296.773
296.601
296.428
296.256
296.083
295.912
295.743
295.577
295.412
295.251
295.092
294.937
294.785
294.636
294.49
294.348
294.209
294.074
293.943
293.814
293.689
293.567
293.449
293.333
293.221
293.112
293.007
292.905
292.807
292.712
292.62
292.532
292.447
292.366
292.287
292.212
292.141
292.073
292.008
291.947
291.889
291.835
291.784
291.737
291.693
291.653
291.617
291.584
291.555
291.529
291.506
291.488
291.472
291.46
291.452
291.446
291.444
291.444
291.448
291.454
291.464
291.476
291.49
291.507
291.527
291.549
291.573
291.599
291.627
291.657
291.689
291.722
291.757
291.794
291.832
291.871
291.911
291.953
291.995
292.039
292.083
292.128
292.174
292.22
292.267
292.315
292.363
292.411
292.46
292.509
292.558
292.607
292.657
292.707
292.756
292.806
292.856
292.906
292.955
293.005
293.055
293.104
293.153
293.202
293.251
293.3
293.349
293.397
293.445
293.492
293.54
293.587
293.633
293.679
293.725
293.77
293.815
293.86
293.904
293.948
293.991
294.034
294.076
294.119
294.161
294.202
294.244
294.284
294.325
294.365
294.405
294.445
294.484
294.524
294.563
294.602
294.641
294.679
294.718
294.756
294.794
294.833
294.871
294.909
294.947
294.985
295.023
295.06
295.097
295.134
295.171
295.207
295.242
295.277
295.31
295.341
298
298
298
298
298
298
298
298
298
298
298
298
298
298
298
298
298
298
298
298
298
298
298
298
298
298
298
298
298
298
298
298
298
297.999
297.998
297.996
297.99
297.978
297.956
297.919
297.863
297.786
297.69
297.576
297.448
297.31
297.164
297.013
296.858
296.7
296.541
296.382
296.223
296.064
295.907
295.752
295.598
295.447
295.298
295.152
295.008
294.868
294.73
294.595
294.463
294.333
294.207
294.084
293.963
293.846
293.732
293.62
293.512
293.406
293.304
293.205
293.109
293.017
292.928
292.842
292.76
292.681
292.605
292.533
292.464
292.399
292.337
292.278
292.224
292.173
292.125
292.081
292.041
292.004
291.971
291.941
291.915
291.892
291.872
291.856
291.843
291.833
291.827
291.823
291.822
291.824
291.829
291.837
291.847
291.86
291.875
291.892
291.912
291.933
291.957
291.982
292.009
292.038
292.068
292.1
292.133
292.168
292.204
292.241
292.279
292.317
292.357
292.398
292.439
292.481
292.524
292.567
292.611
292.655
292.699
292.744
292.789
292.835
292.881
292.926
292.972
293.018
293.064
293.111
293.157
293.203
293.249
293.295
293.341
293.387
293.433
293.478
293.524
293.569
293.614
293.659
293.703
293.747
293.79
293.834
293.877
293.919
293.962
294.003
294.045
294.086
294.128
294.168
294.209
294.249
294.289
294.328
294.368
294.407
294.446
294.484
294.523
294.561
294.599
294.637
294.675
294.712
294.75
294.787
294.825
294.862
294.9
294.937
294.974
295.011
295.048
295.085
295.122
295.158
295.194
295.229
295.264
295.298
295.331
295.361
298
298
298
298
298
298
298
298
298
298
298
298
298
298
298
298
298
298
298
298
298
298
298
298
298
298
298
298
298
298
298
298
298
298
298
298
298
297.999
297.998
297.995
297.99
297.978
297.956
297.919
297.866
297.793
297.703
297.598
297.48
297.353
297.219
297.079
296.936
296.79
296.643
296.495
296.347
296.2
296.053
295.908
295.764
295.622
295.482
295.344
295.208
295.074
294.943
294.814
294.688
294.564
294.444
294.325
294.209
294.096
293.986
293.878
293.773
293.671
293.572
293.477
293.384
293.295
293.209
293.127
293.048
292.972
292.9
292.831
292.766
292.704
292.646
292.592
292.541
292.493
292.449
292.409
292.372
292.338
292.308
292.282
292.258
292.238
292.221
292.208
292.197
292.189
292.185
292.183
292.183
292.187
292.193
292.201
292.212
292.225
292.24
292.257
292.276
292.297
292.32
292.344
292.37
292.397
292.426
292.456
292.488
292.52
292.554
292.588
292.624
292.66
292.697
292.735
292.773
292.812
292.852
292.892
292.932
292.973
293.015
293.056
293.098
293.14
293.183
293.225
293.268
293.31
293.353
293.396
293.439
293.482
293.524
293.567
293.61
293.652
293.695
293.737
293.779
293.82
293.862
293.903
293.944
293.984
294.024
294.065
294.104
294.144
294.183
294.222
294.261
294.3
294.338
294.377
294.414
294.452
294.49
294.527
294.564
294.601
294.638
294.675
294.712
294.748
294.785
294.822
294.858
294.895
294.931
294.968
295.004
295.04
295.077
295.113
295.149
295.184
295.219
295.254
295.288
295.321
295.353
295.383
298
298
298
298
298
298
298
298
298
298
298
298
298
298
298
298
298
298
298
298
298
298
298
298
298
298
298
298
298
298
298
298
298
298
298
298
298
298
298
298
298
297.999
297.998
297.995
297.99
297.978
297.956
297.921
297.871
297.802
297.718
297.62
297.511
297.394
297.27
297.14
297.008
296.873
296.736
296.598
296.46
296.322
296.185
296.048
295.913
295.779
295.646
295.515
295.386
295.259
295.134
295.011
294.891
294.772
294.656
294.543
294.431
294.323
294.216
294.113
294.012
293.913
293.818
293.727
293.638
293.553
293.471
293.393
293.318
293.246
293.178
293.113
293.052
292.994
292.94
292.89
292.843
292.799
292.759
292.722
292.688
292.658
292.631
292.608
292.587
292.57
292.555
292.544
292.535
292.53
292.526
292.526
292.528
292.532
292.539
292.547
292.558
292.571
292.586
292.603
292.621
292.641
292.663
292.686
292.71
292.736
292.763
292.792
292.821
292.851
292.882
292.915
292.948
292.981
293.016
293.051
293.086
293.123
293.159
293.197
293.234
293.272
293.31
293.349
293.388
293.427
293.466
293.505
293.545
293.584
293.624
293.664
293.703
293.743
293.782
293.822
293.861
293.9
293.939
293.978
294.017
294.055
294.093
294.131
294.169
294.207
294.244
294.282
294.319
294.356
294.393
294.429
294.466
294.502
294.538
294.574
294.61
294.646
294.681
294.717
294.753
294.788
294.824
294.859
294.895
294.93
294.966
295.001
295.037
295.072
295.108
295.143
295.178
295.212
295.247
295.281
295.314
295.346
295.378
295.407
298
298
298
298
298
298
298
298
298
298
298
298
298
298
298
298
298
298
298
298
298
298
298
298
298
298
298
298
298
298
298
298
298
298
298
298
298
298
298
298
298
298
298
298
298
297.999
297.998
297.995
297.99
297.978
297.958
297.925
297.877
297.813
297.735
297.643
297.542
297.433
297.318
297.198
297.074
296.948
296.821
296.692
296.562
296.433
296.303
296.175
296.047
295.92
295.794
295.67
295.547
295.426
295.306
295.189
295.074
294.96
294.849
294.74
294.633
294.529
294.427
294.328
294.231
294.137
294.047
293.959
293.875
293.795
293.717
293.643
293.573
293.505
293.442
293.382
293.325
293.271
293.221
293.175
293.132
293.092
293.055
293.022
292.992
292.965
292.941
292.92
292.902
292.887
292.875
292.865
292.859
292.854
292.852
292.853
292.855
292.86
292.867
292.876
292.887
292.899
292.914
292.93
292.947
292.966
292.986
293.008
293.031
293.055
293.081
293.107
293.134
293.162
293.191
293.221
293.252
293.283
293.315
293.347
293.38
293.414
293.448
293.482
293.517
293.552
293.587
293.623
293.659
293.695
293.732
293.768
293.805
293.841
293.878
293.914
293.951
293.987
294.024
294.06
294.096
294.132
294.168
294.204
294.24
294.275
294.311
294.346
294.382
294.417
294.452
294.487
294.521
294.556
294.591
294.625
294.66
294.694
294.729
294.763
294.797
294.832
294.866
294.9
294.935
294.969
295.004
295.038
295.073
295.107
295.142
295.176
295.21
295.244
295.277
295.31
295.342
295.374
295.405
295.433
298
298
298
298
298
298
298
298
298
298
298
298
298
298
298
298
298
298
298
298
298
298
298
298
298
298
298
298
298
298
298
298
298
298
298
298
298
298
298
298
298
298
298
298
298
298
298
298
298
297.999
297.998
297.996
297.99
297.979
297.96
297.929
297.884
297.824
297.751
297.666
297.572
297.471
297.363
297.252
297.136
297.018
296.898
296.777
296.655
296.533
296.411
296.289
296.168
296.047
295.928
295.81
295.693
295.577
295.463
295.351
295.24
295.132
295.026
294.921
294.819
294.72
294.622
294.528
294.436
294.347
294.261
294.179
294.1
294.024
293.951
293.882
293.816
293.754
293.694
293.639
293.586
293.537
293.491
293.449
293.409
293.373
293.34
293.31
293.283
293.259
293.238
293.219
293.204
293.191
293.18
293.172
293.167
293.164
293.162
293.163
293.167
293.172
293.178
293.187
293.198
293.21
293.223
293.238
293.255
293.272
293.291
293.312
293.333
293.355
293.379
293.403
293.429
293.455
293.482
293.509
293.538
293.566
293.596
293.626
293.656
293.687
293.719
293.751
293.783
293.815
293.848
293.881
293.914
293.948
293.981
294.015
294.048
294.082
294.115
294.149
294.183
294.216
294.25
294.283
294.317
294.35
294.383
294.417
294.45
294.483
294.516
294.549
294.582
294.615
294.648
294.681
294.714
294.747
294.78
294.813
294.846
294.879
294.912
294.945
294.979
295.012
295.045
295.079
295.112
295.145
295.179
295.212
295.245
295.278
295.31
295.342
295.374
295.405
295.435
295.462
298
298
298
298
298
298
298
298
298
298
298
298
298
298
298
298
298
298
298
298
298
298
298
298
298
298
298
298
298
298
298
298
298
298
298
298
298
298
298
298
298
298
298
298
298
298
298
298
298
298
298
298
298
297.999
297.998
297.996
297.991
297.98
297.962
297.933
297.891
297.836
297.768
297.689
297.601
297.507
297.406
297.302
297.194
297.083
296.97
296.856
296.741
296.625
296.509
296.394
296.279
296.164
296.05
295.937
295.826
295.716
295.607
295.5
295.394
295.291
295.189
295.09
294.993
294.898
294.806
294.716
294.629
294.546
294.465
294.388
294.314
294.243
294.175
294.111
294.05
293.992
293.937
293.886
293.838
293.793
293.751
293.712
293.676
293.644
293.614
293.587
293.563
293.541
293.522
293.506
293.492
293.481
293.472
293.465
293.46
293.458
293.457
293.458
293.462
293.467
293.473
293.481
293.491
293.503
293.515
293.529
293.545
293.561
293.579
293.598
293.617
293.638
293.66
293.682
293.706
293.73
293.755
293.78
293.806
293.833
293.86
293.888
293.916
293.945
293.974
294.003
294.033
294.063
294.093
294.123
294.154
294.184
294.215
294.246
294.276
294.307
294.338
294.369
294.4
294.431
294.462
294.493
294.524
294.556
294.587
294.618
294.649
294.68
294.711
294.743
294.774
294.805
294.837
294.868
294.9
294.931
294.963
294.995
295.027
295.059
295.091
295.123
295.155
295.187
295.22
295.252
295.284
295.315
295.347
295.378
295.408
295.438
295.467
295.494
298
298
298
298
298
298
298
298
298
298
298
298
298
298
298
298
298
298
298
298
298
298
298
298
298
298
298
298
298
298
298
298
298
298
298
298
298
298
298
298
298
298
298
298
298
298
298
298
298
298
298
298
298
298
298
298
298
297.999
297.998
297.996
297.991
297.982
297.965
297.938
297.899
297.848
297.785
297.712
297.63
297.541
297.447
297.349
297.247
297.143
297.036
296.928
296.819
296.71
296.6
296.49
296.38
296.271
296.163
296.055
295.949
295.844
295.74
295.638
295.538
295.44
295.343
295.249
295.157
295.068
294.981
294.896
294.815
294.736
294.661
294.589
294.52
294.454
294.391
294.332
294.275
294.222
294.172
294.125
294.081
294.039
294.001
293.966
293.933
293.904
293.877
293.852
293.831
293.811
293.794
293.78
293.767
293.757
293.749
293.743
293.739
293.737
293.737
293.738
293.741
293.746
293.752
293.76
293.769
293.779
293.791
293.804
293.818
293.834
293.85
293.867
293.885
293.904
293.924
293.945
293.967
293.989
294.012
294.035
294.059
294.084
294.109
294.134
294.16
294.187
294.213
294.24
294.267
294.295
294.322
294.35
294.378
294.406
294.434
294.462
294.491
294.519
294.548
294.576
294.605
294.634
294.663
294.692
294.721
294.751
294.78
294.809
294.839
294.868
294.898
294.928
294.958
294.988
295.018
295.048
295.079
295.11
295.14
295.171
295.202
295.233
295.264
295.295
295.326
295.356
295.386
295.416
295.446
295.475
295.503
295.529
298
298
298
298
298
298
298
298
298
298
298
298
298
298
298
298
298
298
298
298
298
298
298
298
298
298
298
298
298
298
298
298
298
298
298
298
298
298
298
298
298
298
298
298
298
298
298
298
298
298
298
298
298
298
298
298
298
298
298
298
298
297.999
297.999
297.997
297.992
297.984
297.969
297.944
297.909
297.861
297.803
297.734
297.658
297.574
297.486
297.393
297.297
297.198
297.097
296.995
296.892
296.788
296.683
296.579
296.474
296.371
296.267
296.165
296.064
295.964
295.866
295.769
295.674
295.581
295.49
295.402
295.315
295.231
295.149
295.07
294.994
294.921
294.851
294.784
294.72
294.659
294.601
294.546
294.494
294.445
294.399
294.355
294.315
294.277
294.243
294.21
294.181
294.154
294.129
294.107
294.087
294.069
294.054
294.04
294.029
294.02
294.013
294.007
294.004
294.002
294.001
294.003
294.006
294.01
294.016
294.023
294.031
294.041
294.052
294.063
294.076
294.09
294.105
294.121
294.138
294.155
294.174
294.193
294.212
294.233
294.254
294.275
294.297
294.32
294.343
294.366
294.39
294.414
294.438
294.462
294.487
294.512
294.537
294.563
294.588
294.614
294.64
294.667
294.693
294.719
294.746
294.773
294.8
294.827
294.854
294.882
294.909
294.937
294.965
294.993
295.021
295.05
295.078
295.107
295.136
295.165
295.194
295.224
295.253
295.283
295.313
295.342
295.372
295.401
295.43
295.458
295.487
295.514
295.542
295.566
298
298
298
298
298
298
298
298
298
298
298
298
298
298
298
298
298
298
298
298
298
298
298
298
298
298
298
298
298
298
298
298
298
298
298
298
298
298
298
298
298
298
298
298
298
298
298
298
298
298
298
298
298
298
298
298
298
298
298
298
298
298
298
298
298
298
297.999
297.997
297.993
297.986
297.972
297.95
297.918
297.874
297.82
297.756
297.684
297.606
297.522
297.435
297.344
297.25
297.154
297.057
296.959
296.86
296.761
296.662
296.563
296.464
296.366
296.269
296.174
296.079
295.986
295.895
295.805
295.718
295.632
295.549
295.467
295.388
295.312
295.238
295.168
295.1
295.035
294.973
294.914
294.857
294.804
294.753
294.706
294.66
294.618
294.578
294.541
294.507
294.475
294.445
294.418
294.393
294.37
294.35
294.331
294.315
294.301
294.289
294.278
294.27
294.263
294.258
294.254
294.253
294.252
294.253
294.256
294.26
294.265
294.271
294.279
294.288
294.298
294.308
294.32
294.333
294.346
294.361
294.376
294.392
294.409
294.426
294.444
294.463
294.482
294.501
294.521
294.542
294.563
294.584
294.605
294.627
294.649
294.672
294.694
294.717
294.74
294.764
294.788
294.812
294.836
294.86
294.885
294.91
294.935
294.96
294.986
295.012
295.038
295.064
295.09
295.117
295.144
295.171
295.198
295.226
295.253
295.281
295.309
295.337
295.365
295.394
295.422
295.449
295.477
295.504
295.531
295.558
295.584
295.608
298
298
298
298
298
298
298
298
298
298
298
298
298
298
298
298
298
298
298
298
298
298
298
298
298
298
298
298
298
298
298
298
298
298
298
298
298
298
298
298
298
298
298
298
298
298
298
298
298
298
298
298
298
298
298
298
298
298
298
298
298
298
298
298
298
298
298
298
298
298
297.999
297.998
297.994
297.988
297.976
297.956
297.927
297.886
297.836
297.776
297.709
297.635
297.556
297.474
297.387
297.299
297.208
297.116
297.023
296.929
296.835
296.741
296.647
296.554
296.461
296.37
296.279
296.19
296.103
296.017
295.933
295.85
295.77
295.692
295.616
295.542
295.471
295.403
295.338
295.275
295.215
295.157
295.103
295.051
295.001
294.955
294.91
294.869
294.83
294.793
294.759
294.727
294.697
294.67
294.645
294.622
294.601
294.582
294.565
294.549
294.536
294.525
294.515
294.507
294.501
294.496
294.493
294.491
294.49
294.491
294.493
294.497
294.501
294.507
294.513
294.521
294.53
294.54
294.55
294.562
294.574
294.587
294.601
294.616
294.631
294.646
294.662
294.679
294.696
294.714
294.732
294.75
294.769
294.788
294.808
294.828
294.848
294.869
294.89
294.911
294.933
294.955
294.977
295
295.022
295.045
295.069
295.092
295.116
295.141
295.165
295.19
295.215
295.24
295.266
295.291
295.317
295.344
295.37
295.396
295.423
295.45
295.476
295.502
295.529
295.555
295.58
295.605
295.63
295.653
298
298
298
298
298
298
298
298
298
298
298
298
298
298
298
298
298
298
298
298
298
298
298
298
298
298
298
298
298
298
298
298
298
298
298
298
298
298
298
298
298
298
298
298
298
298
298
298
298
298
298
298
298
298
298
298
298
298
298
298
298
298
298
298
298
298
298
298
298
298
298
298
298
298
297.999
297.998
297.995
297.99
297.979
297.961
297.935
297.898
297.851
297.796
297.732
297.663
297.589
297.51
297.429
297.345
297.259
297.172
297.084
296.995
296.907
296.818
296.729
296.641
296.554
296.468
296.383
296.299
296.217
296.136
296.057
295.981
295.906
295.833
295.762
295.694
295.628
295.564
295.504
295.446
295.39
295.337
295.286
295.238
295.192
295.149
295.108
295.07
295.033
294.999
294.968
294.938
294.91
294.885
294.861
294.84
294.82
294.803
294.787
294.773
294.76
294.75
294.74
294.733
294.726
294.722
294.718
294.716
294.716
294.716
294.718
294.72
294.724
294.729
294.735
294.742
294.75
294.758
294.768
294.778
294.789
294.801
294.813
294.826
294.839
294.853
294.868
294.883
294.898
294.914
294.93
294.947
294.964
294.982
295
295.019
295.038
295.057
295.076
295.096
295.117
295.137
295.158
295.18
295.202
295.224
295.246
295.269
295.292
295.315
295.339
295.363
295.387
295.411
295.436
295.461
295.486
295.51
295.535
295.56
295.585
295.609
295.633
295.657
295.68
295.702
298
298
298
298
298
298
298
298
298
298
298
298
298
298
298
298
298
298
298
298
298
298
298
298
298
298
298
298
298
298
298
298
298
298
298
298
298
298
298
298
298
298
298
298
298
298
298
298
298
298
298
298
298
298
298
298
298
298
298
298
298
298
298
298
298
298
298
298
298
298
298
298
298
298
298
298
298
298
297.999
297.998
297.996
297.991
297.982
297.967
297.943
297.909
297.866
297.814
297.755
297.69
297.62
297.546
297.469
297.39
297.309
297.227
297.144
297.061
296.977
296.893
296.81
296.727
296.645
296.564
296.485
296.406
296.33
296.254
296.181
296.109
296.04
295.972
295.906
295.842
295.781
295.722
295.666
295.612
295.56
295.511
295.464
295.419
295.377
295.337
295.299
295.263
295.229
295.197
295.168
295.14
295.114
295.091
295.069
295.049
295.03
295.014
294.999
294.985
294.973
294.963
294.954
294.947
294.941
294.936
294.933
294.93
294.929
294.929
294.93
294.933
294.936
294.94
294.945
294.951
294.958
294.965
294.973
294.982
294.992
295.002
295.012
295.024
295.036
295.048
295.061
295.075
295.089
295.103
295.118
295.134
295.15
295.166
295.183
295.201
295.218
295.237
295.255
295.274
295.294
295.313
295.334
295.354
295.375
295.396
295.418
295.44
295.462
295.485
295.507
295.53
295.553
295.577
295.6
295.623
295.646
295.668
295.691
295.713
295.735
295.755
298
298
298
298
298
298
298
298
298
298
298
298
298
298
298
298
298
298
298
298
298
298
298
298
298
298
298
298
298
298
298
298
298
298
298
298
298
298
298
298
298
298
298
298
298
298
298
298
298
298
298
298
298
298
298
298
298
298
298
298
298
298
298
298
298
298
298
298
298
298
298
298
298
298
298
298
298
298
298
298
298
298
297.999
297.999
297.997
297.993
297.985
297.971
297.95
297.92
297.88
297.833
297.777
297.717
297.651
297.582
297.51
297.435
297.359
297.282
297.204
297.125
297.047
296.968
296.89
296.813
296.736
296.661
296.586
296.513
296.442
296.372
296.303
296.236
296.171
296.108
296.047
295.988
295.931
295.876
295.824
295.774
295.726
295.68
295.636
295.594
295.555
295.517
295.482
295.448
295.417
295.387
295.36
295.334
295.31
295.287
295.267
295.248
295.231
295.215
295.2
295.188
295.176
295.166
295.158
295.151
295.144
295.14
295.136
295.133
295.132
295.131
295.132
295.134
295.136
295.139
295.143
295.148
295.153
295.16
295.167
295.174
295.183
295.191
295.201
295.211
295.222
295.233
295.245
295.258
295.271
295.284
295.298
295.313
295.328
295.343
295.359
295.376
295.393
295.41
295.428
295.446
295.465
295.484
295.504
295.523
295.544
295.564
295.585
295.606
295.627
295.648
295.669
295.69
295.712
295.733
295.753
295.774
295.794
295.813
298
298
298
298
298
298
298
298
298
298
298
298
298
298
298
298
298
298
298
298
298
298
298
298
298
298
298
298
298
298
298
298
298
298
298
298
298
298
298
298
298
298
298
298
298
298
298
298
298
298
298
298
298
298
298
298
298
298
298
298
298
298
298
298
298
298
298
298
298
298
298
298
298
298
298
298
298
298
298
298
298
298
298
298
298
298
298
297.999
297.997
297.994
297.988
297.976
297.957
297.93
297.895
297.851
297.8
297.743
297.682
297.618
297.55
297.481
297.409
297.337
297.264
297.191
297.117
297.044
296.971
296.899
296.827
296.757
296.688
296.62
296.553
296.487
296.424
296.362
296.301
296.242
296.185
296.13
296.077
296.026
295.977
295.93
295.886
295.843
295.802
295.763
295.726
295.691
295.658
295.627
295.597
295.57
295.544
295.519
295.497
295.475
295.456
295.438
295.421
295.406
295.393
295.38
295.369
295.36
295.351
295.344
295.338
295.333
295.329
295.326
295.324
295.323
295.323
295.323
295.325
295.327
295.33
295.334
295.338
295.344
295.35
295.356
295.364
295.372
295.38
295.389
295.399
295.41
295.421
295.433
295.445
295.458
295.471
295.485
295.499
295.514
295.53
295.545
295.562
295.579
295.596
295.613
295.631
295.65
295.668
295.687
295.706
295.725
295.744
295.764
295.783
295.802
295.821
295.84
295.858
295.876
298
298
298
298
298
298
298
298
298
298
298
298
298
298
298
298
298
298
298
298
298
298
298
298
298
298
298
298
298
298
298
298
298
298
298
298
298
298
298
298
298
298
298
298
298
298
298
298
298
298
298
298
298
298
298
298
298
298
298
298
298
298
298
298
298
298
298
298
298
298
298
298
298
298
298
298
298
298
298
298
298
298
298
298
298
298
298
298
298
298
298
297.999
297.998
297.995
297.99
297.98
297.964
297.941
297.909
297.869
297.823
297.771
297.714
297.654
297.592
297.527
297.461
297.393
297.325
297.257
297.189
297.12
297.052
296.985
296.919
296.853
296.788
296.725
296.663
296.602
296.542
296.484
296.428
296.373
296.32
296.268
296.219
296.172
296.126
296.082
296.041
296.001
295.963
295.926
295.892
295.859
295.828
295.798
295.77
295.744
295.72
295.697
295.675
295.655
295.637
295.619
295.604
295.589
295.576
295.564
295.553
295.544
295.535
295.528
295.521
295.516
295.512
295.508
295.505
295.504
295.503
295.503
295.503
295.505
295.507
295.51
295.514
295.519
295.524
295.53
295.536
295.544
295.552
295.56
295.57
295.58
295.59
295.601
295.613
295.625
295.638
295.652
295.666
295.68
295.695
295.71
295.726
295.742
295.758
295.775
295.791
295.808
295.826
295.843
295.86
295.877
295.894
295.911
295.928
295.943
298
298
298
298
298
298
298
298
298
298
298
298
298
298
298
298
298
298
298
298
298
298
298
298
298
298
298
298
298
298
298
298
298
298
298
298
298
298
298
298
298
298
298
298
298
298
298
298
298
298
298
298
298
298
298
298
298
298
298
298
298
298
298
298
298
298
298
298
298
298
298
298
298
298
298
298
298
298
298
298
298
298
298
298
298
298
298
298
298
298
298
298
298
298
298
297.999
297.999
297.997
297.992
297.984
297.971
297.951
297.924
297.889
297.847
297.799
297.747
297.692
297.634
297.574
297.513
297.451
297.387
297.324
297.26
297.197
297.134
297.071
297.009
296.948
296.888
296.829
296.771
296.714
296.658
296.604
296.552
296.501
296.451
296.403
296.357
296.313
296.27
296.229
296.19
296.153
296.117
296.083
296.05
296.02
295.99
295.962
295.936
295.911
295.888
295.866
295.846
295.827
295.809
295.793
295.777
295.763
295.75
295.739
295.728
295.718
295.71
295.702
295.695
295.689
295.684
295.68
295.677
295.675
295.674
295.673
295.673
295.674
295.676
295.679
295.682
295.686
295.691
295.697
295.703
295.71
295.718
295.726
295.735
295.744
295.755
295.765
295.777
295.788
295.801
295.813
295.827
295.84
295.854
295.869
295.883
295.898
295.913
295.928
295.943
295.958
295.973
295.988
296.003
296.016
298
298
298
298
298
298
298
298
298
298
298
298
298
298
298
298
298
298
298
298
298
298
298
298
298
298
298
298
298
298
298
298
298
298
298
298
298
298
298
298
298
298
298
298
298
298
298
298
298
298
298
298
298
298
298
298
298
298
298
298
298
298
298
298
298
298
298
298
298
298
298
298
298
298
298
298
298
298
298
298
298
298
298
298
298
298
298
298
298
298
298
298
298
298
298
298
298
298
298
298
297.999
297.998
297.994
297.988
297.978
297.961
297.938
297.908
297.871
297.828
297.781
297.731
297.678
297.623
297.566
297.509
297.45
297.391
297.332
297.273
297.214
297.156
297.098
297.042
296.986
296.93
296.877
296.824
296.772
296.722
296.673
296.625
296.579
296.534
296.491
296.45
296.41
296.372
296.335
296.3
296.266
296.234
296.203
296.174
296.146
296.12
296.095
296.072
296.05
296.029
296.009
295.991
295.973
295.957
295.943
295.929
295.916
295.904
295.893
295.884
295.875
295.867
295.86
295.854
295.849
295.844
295.841
295.838
295.837
295.836
295.836
295.837
295.838
295.841
295.844
295.848
295.853
295.858
295.864
295.871
295.878
295.886
295.895
295.904
295.914
295.924
295.935
295.946
295.957
295.969
295.981
295.994
296.006
296.019
296.032
296.044
296.057
296.07
296.083
296.095
298
298
298
298
298
298
298
298
298
298
298
298
298
298
298
298
298
298
298
298
298
298
298
298
298
298
298
298
298
298
298
298
298
298
298
298
298
298
298
298
298
298
298
298
298
298
298
298
298
298
298
298
298
298
298
298
298
298
298
298
298
298
298
298
298
298
298
298
298
298
298
298
298
298
298
298
298
298
298
298
298
298
298
298
298
298
298
298
298
298
298
298
298
298
298
298
298
298
298
298
298
298
298
298
297.999
297.998
297.996
297.992
297.984
297.971
297.952
297.927
297.895
297.858
297.816
297.77
297.722
297.671
297.619
297.566
297.512
297.458
297.403
297.349
297.294
297.24
297.187
297.134
297.082
297.031
296.981
296.931
296.883
296.837
296.791
296.746
296.703
296.661
296.621
296.582
296.545
296.509
296.474
296.441
296.409
296.379
296.35
296.322
296.296
296.271
296.247
296.225
296.204
296.184
296.165
296.147
296.13
296.114
296.099
296.086
296.073
296.061
296.05
296.041
296.032
296.024
296.017
296.011
296.005
296.001
295.998
295.995
295.994
295.993
295.993
295.994
295.995
295.998
296.001
296.005
296.009
296.015
296.021
296.027
296.034
296.042
296.05
296.058
296.067
296.076
296.086
296.096
296.106
296.116
296.127
296.137
296.148
296.159
296.169
296.18
298
298
298
298
298
298
298
298
298
298
298
298
298
298
298
298
298
298
298
298
298
298
298
298
298
298
298
298
298
298
298
298
298
298
298
298
298
298
298
298
298
298
298
298
298
298
298
298
298
298
298
298
298
298
298
298
298
298
298
298
298
298
298
298
298
298
298
298
298
298
298
298
298
298
298
298
298
298
298
298
298
298
298
298
298
298
298
298
298
298
298
298
298
298
298
298
298
298
298
298
298
298
298
298
298
298
298
298
298
297.999
297.998
297.995
297.989
297.98
297.965
297.945
297.919
297.887
297.85
297.809
297.766
297.72
297.672
297.624
297.574
297.524
297.474
297.423
297.373
297.323
297.274
297.225
297.177
297.129
297.083
297.037
296.992
296.948
296.906
296.864
296.824
296.784
296.746
296.71
296.675
296.641
296.608
296.577
296.547
296.518
296.491
296.465
296.44
296.416
296.393
296.371
296.35
296.331
296.312
296.295
296.278
296.263
296.248
296.235
296.222
296.211
296.2
296.191
296.182
296.174
296.167
296.162
296.157
296.153
296.15
296.147
296.146
296.145
296.146
296.146
296.148
296.15
296.154
296.157
296.161
296.166
296.172
296.177
296.184
296.19
296.197
296.205
296.212
296.22
296.228
296.236
296.245
296.253
296.262
296.27
298
298
298
298
298
298
298
298
298
298
298
298
298
298
298
298
298
298
298
298
298
298
298
298
298
298
298
298
298
298
298
298
298
298
298
298
298
298
298
298
298
298
298
298
298
298
298
298
298
298
298
298
298
298
298
298
298
298
298
298
298
298
298
298
298
298
298
298
298
298
298
298
298
298
298
298
298
298
298
298
298
298
298
298
298
298
298
298
298
298
298
298
298
298
298
298
298
298
298
298
298
298
298
298
298
298
298
298
298
298
298
298
298
297.999
297.999
297.997
297.993
297.987
297.976
297.961
297.94
297.914
297.883
297.847
297.809
297.767
297.725
297.68
297.635
297.589
297.543
297.497
297.451
297.405
297.359
297.314
297.269
297.225
297.182
297.139
297.098
297.057
297.017
296.978
296.94
296.904
296.868
296.834
296.8
296.768
296.738
296.708
296.679
296.652
296.626
296.6
296.576
296.553
296.531
296.51
296.49
296.471
296.453
296.436
296.42
296.405
296.391
296.378
296.366
296.354
296.344
296.335
296.327
296.32
296.314
296.308
296.304
296.3
296.297
296.295
296.294
296.293
296.294
296.294
296.296
296.298
296.3
296.304
296.307
296.311
296.315
296.32
296.325
296.33
296.336
296.342
296.348
296.354
296.36
296.366
298
298
298
298
298
298
298
298
298
298
298
298
298
298
298
298
298
298
298
298
298
298
298
298
298
298
298
298
298
298
298
298
298
298
298
298
298
298
298
298
298
298
298
298
298
298
298
298
298
298
298
298
298
298
298
298
298
298
298
298
298
298
298
298
298
298
298
298
298
298
298
298
298
298
298
298
298
298
298
298
298
298
298
298
298
298
298
298
298
298
298
298
298
298
298
298
298
298
298
298
298
298
298
298
298
298
298
298
298
298
298
298
298
298
298
298
298
298
297.999
297.998
297.996
297.992
297.985
297.975
297.959
297.939
297.913
297.884
297.85
297.814
297.776
297.736
297.695
297.654
297.612
297.569
297.527
297.485
297.443
297.401
297.359
297.319
297.278
297.239
297.2
297.162
297.125
297.089
297.053
297.018
296.985
296.952
296.921
296.89
296.861
296.833
296.806
296.779
296.754
296.73
296.706
296.684
296.663
296.642
296.623
296.605
296.587
296.571
296.555
296.541
296.528
296.515
296.504
296.494
296.484
296.476
296.468
296.462
296.456
296.451
296.447
296.443
296.44
296.438
296.437
296.436
296.436
296.436
296.437
296.438
296.44
296.442
296.445
296.447
296.45
296.453
296.457
296.461
296.465
296.469
298
298
298
298
298
298
298
298
298
298
298
298
298
298
298
298
298
298
298
298
298
298
298
298
298
298
298
298
298
298
298
298
298
298
298
298
298
298
298
298
298
298
298
298
298
298
298
298
298
298
298
298
298
298
298
298
298
298
298
298
298
298
298
298
298
298
298
298
298
298
298
298
298
298
298
298
298
298
298
298
298
298
298
298
298
298
298
298
298
298
298
298
298
298
298
298
298
298
298
298
298
298
298
298
298
298
298
298
298
298
298
298
298
298
298
298
298
298
298
298
298
298
298
297.999
297.998
297.996
297.992
297.985
297.975
297.96
297.941
297.917
297.889
297.858
297.825
297.79
297.754
297.716
297.678
297.64
297.601
297.562
297.524
297.485
297.447
297.409
297.372
297.335
297.299
297.263
297.228
297.194
297.161
297.129
297.097
297.066
297.036
297.007
296.979
296.952
296.926
296.901
296.876
296.853
296.83
296.809
296.789
296.769
296.751
296.733
296.717
296.701
296.687
296.673
296.661
296.649
296.639
296.629
296.62
296.613
296.605
296.599
296.594
296.589
296.585
296.581
296.578
296.575
296.574
296.572
296.571
296.57
296.57
296.57
296.571
296.571
296.572
296.574
296.575
296.577
298
298
298
298
298
298
298
298
298
298
298
298
298
298
298
298
298
298
298
298
298
298
298
298
298
298
298
298
298
298
298
298
298
298
298
298
298
298
298
298
298
298
298
298
298
298
298
298
298
298
298
298
298
298
298
298
298
298
298
298
298
298
298
298
298
298
298
298
298
298
298
298
298
298
298
298
298
298
298
298
298
298
298
298
298
298
298
298
298
298
298
298
298
298
298
298
298
298
298
298
298
298
298
298
298
298
298
298
298
298
298
298
298
298
298
298
298
298
298
298
298
298
298
298
298
298
298
298
297.999
297.998
297.996
297.992
297.986
297.977
297.963
297.946
297.925
297.9
297.872
297.841
297.809
297.776
297.742
297.707
297.672
297.637
297.601
297.566
297.531
297.496
297.461
297.427
297.393
297.36
297.327
297.295
297.264
297.234
297.204
297.174
297.146
297.118
297.091
297.066
297.041
297.016
296.993
296.971
296.95
296.929
296.91
296.892
296.874
296.858
296.842
296.828
296.815
296.802
296.79
296.78
296.77
296.761
296.752
296.745
296.738
296.731
296.726
296.72
296.716
296.712
296.708
296.705
296.702
296.699
296.697
296.695
296.694
296.693
296.692
296.692
298
298
298
298
298
298
298
298
298
298
298
298
298
298
298
298
298
298
298
298
298
298
298
298
298
298
298
298
298
298
298
298
298
298
298
298
298
298
298
298
298
298
298
298
298
298
298
298
298
298
298
298
298
298
298
298
298
298
298
298
298
298
298
298
298
298
298
298
298
298
298
298
298
298
298
298
298
298
298
298
298
298
298
298
298
298
298
298
298
298
298
298
298
298
298
298
298
298
298
298
298
298
298
298
298
298
298
298
298
298
298
298
298
298
298
298
298
298
298
298
298
298
298
298
298
298
298
298
298
298
298
298
298
297.999
297.998
297.997
297.993
297.988
297.98
297.969
297.954
297.935
297.913
297.888
297.861
297.832
297.802
297.771
297.739
297.707
297.675
297.643
297.61
297.578
297.546
297.515
297.483
297.452
297.422
297.392
297.363
297.334
297.305
297.278
297.251
297.225
297.199
297.174
297.151
297.128
297.106
297.085
297.065
297.046
297.028
297.01
296.994
296.979
296.965
296.951
296.939
296.927
296.916
296.905
296.896
296.887
296.878
296.871
296.863
296.856
296.85
296.844
296.839
296.834
296.829
296.825
296.821
296.818
296.815
296.812
298
298
298
298
298
298
298
298
298
298
298
298
298
298
298
298
298
298
298
298
298
298
298
298
298
298
298
298
298
298
298
298
298
298
298
298
298
298
298
298
298
298
298
298
298
298
298
298
298
298
298
298
298
298
298
298
298
298
298
298
298
298
298
298
298
298
298
298
298
298
298
298
298
298
298
298
298
298
298
298
298
298
298
298
298
298
298
298
298
298
298
298
298
298
298
298
298
298
298
298
298
298
298
298
298
298
298
298
298
298
298
298
298
298
298
298
298
298
298
298
298
298
298
298
298
298
298
298
298
298
298
298
298
298
298
298
298
298
297.999
297.999
297.997
297.995
297.991
297.985
297.975
297.963
297.947
297.929
297.907
297.883
297.857
297.83
297.802
297.773
297.744
297.715
297.686
297.656
297.627
297.598
297.569
297.54
297.512
297.484
297.456
297.429
297.402
297.376
297.351
297.326
297.302
297.279
297.257
297.235
297.215
297.195
297.176
297.158
297.142
297.126
297.11
297.096
297.083
297.07
297.058
297.046
297.035
297.025
297.015
297.006
296.997
296.989
296.981
296.973
296.966
296.96
296.953
296.948
296.943
296.938
298
298
298
298
298
298
298
298
298
298
298
298
298
298
298
298
298
298
298
298
298
298
298
298
298
298
298
298
298
298
298
298
298
298
298
298
298
298
298
298
298
298
298
298
298
298
298
298
298
298
298
298
298
298
298
298
298
298
298
298
298
298
298
298
298
298
298
298
298
298
298
298
298
298
298
298
298
298
298
298
298
298
298
298
298
298
298
298
298
298
298
298
298
298
298
298
298
298
298
298
298
298
298
298
298
298
298
298
298
298
298
298
298
298
298
298
298
298
298
298
298
298
298
298
298
298
298
298
298
298
298
298
298
298
298
298
298
298
298
298
298
298
298
298
297.999
297.998
297.997
297.994
297.989
297.982
297.972
297.96
297.945
297.926
297.906
297.883
297.859
297.834
297.809
297.783
297.756
297.73
297.703
297.677
297.65
297.623
297.597
297.571
297.545
297.52
297.495
297.47
297.446
297.423
297.401
297.379
297.359
297.339
297.319
297.301
297.284
297.267
297.251
297.236
297.222
297.208
297.195
297.182
297.17
297.159
297.147
297.137
297.127
297.117
297.108
297.099
297.09
297.083
297.075
297.069
298
298
298
298
298
298
298
298
298
298
298
298
298
298
298
298
298
298
298
298
298
298
298
298
298
298
298
298
298
298
298
298
298
298
298
298
298
298
298
298
298
298
298
298
298
298
298
298
298
298
298
298
298
298
298
298
298
298
298
298
298
298
298
298
298
298
298
298
298
298
298
298
298
298
298
298
298
298
298
298
298
298
298
298
298
298
298
298
298
298
298
298
298
298
298
298
298
298
298
298
298
298
298
298
298
298
298
298
298
298
298
298
298
298
298
298
298
298
298
298
298
298
298
298
298
298
298
298
298
298
298
298
298
298
298
298
298
298
298
298
298
298
298
298
298
298
298
298
298
297.999
297.999
297.998
297.996
297.993
297.988
297.981
297.972
297.96
297.946
297.929
297.91
297.89
297.868
297.845
297.822
297.798
297.774
297.75
297.726
297.701
297.677
297.653
297.629
297.605
297.582
297.559
297.537
297.516
297.495
297.475
297.456
297.437
297.42
297.403
297.386
297.37
297.355
297.341
297.327
297.313
297.3
297.287
297.275
297.264
297.252
297.241
297.231
297.221
297.212
297.203
298
298
298
298
298
298
298
298
298
298
298
298
298
298
298
298
298
298
298
298
298
298
298
298
298
298
298
298
298
298
298
298
298
298
298
298
298
298
298
298
298
298
298
298
298
298
298
298
298
298
298
298
298
298
298
298
298
298
298
298
298
298
298
298
298
298
298
298
298
298
298
298
298
298
298
298
298
298
298
298
298
298
298
298
298
298
298
298
298
298
298
298
298
298
298
298
298
298
298
298
298
298
298
298
298
298
298
298
298
298
298
298
298
298
298
298
298
298
298
298
298
298
298
298
298
298
298
298
298
298
298
298
298
298
298
298
298
298
298
298
298
298
298
298
298
298
298
298
298
298
298
298
298
298
298
297.999
297.999
297.998
297.996
297.993
297.989
297.983
297.974
297.964
297.951
297.936
297.919
297.901
297.881
297.861
297.84
297.818
297.796
297.773
297.751
297.729
297.706
297.685
297.663
297.642
297.622
297.602
297.583
297.565
297.547
297.53
297.514
297.498
297.482
297.467
297.453
297.439
297.425
297.411
297.398
297.386
297.374
297.362
297.351
297.341
298
298
298
298
298
298
298
298
298
298
298
298
298
298
298
298
298
298
298
298
298
298
298
298
298
298
298
298
298
298
298
298
298
298
298
298
298
298
298
298
298
298
298
298
298
298
298
298
298
298
298
298
298
298
298
298
298
298
298
298
298
298
298
298
298
298
298
298
298
298
298
298
298
298
298
298
298
298
298
298
298
298
298
298
298
298
298
298
298
298
298
298
298
298
298
298
298
298
298
298
298
298
298
298
298
298
298
298
298
298
298
298
298
298
298
298
298
298
298
298
298
298
298
298
298
298
298
298
298
298
298
298
298
298
298
298
298
298
298
298
298
298
298
298
298
298
298
298
298
298
298
298
298
298
298
298
298
298
298
298
298
298
297.999
297.998
297.997
297.994
297.991
297.985
297.978
297.97
297.959
297.946
297.931
297.915
297.897
297.878
297.859
297.839
297.818
297.798
297.778
297.758
297.738
297.719
297.701
297.683
297.666
297.649
297.633
297.617
297.601
297.586
297.572
297.557
297.543
297.53
297.516
297.503
297.491
297.479
298
298
298
298
298
298
298
298
298
298
298
298
298
298
298
298
298
298
298
298
298
298
298
298
298
298
298
298
298
298
298
298
298
298
298
298
298
298
298
298
298
298
298
298
298
298
298
298
298
298
298
298
298
298
298
298
298
298
298
298
298
298
298
298
298
298
298
298
298
298
298
298
298
298
298
298
298
298
298
298
298
298
298
298
298
298
298
298
298
298
298
298
298
298
298
298
298
298
298
298
298
298
298
298
298
298
298
298
298
298
298
298
298
298
298
298
298
298
298
298
298
298
298
298
298
298
298
298
298
298
298
298
298
298
298
298
298
298
298
298
298
298
298
298
298
298
298
298
298
298
298
298
298
298
298
298
298
298
298
298
298
298
298
298
298
298
298
298
297.999
297.999
297.997
297.996
297.993
297.989
297.984
297.977
297.968
297.957
297.944
297.929
297.913
297.896
297.878
297.86
297.842
297.824
297.807
297.79
297.773
297.757
297.741
297.726
297.711
297.696
297.682
297.668
297.654
297.641
297.628
297.615
298
298
298
298
298
298
298
298
298
298
298
298
298
298
298
298
298
298
298
298
298
298
298
298
298
298
298
298
298
298
298
298
298
298
298
298
298
298
298
298
298
298
298
298
298
298
298
298
298
298
298
298
298
298
298
298
298
298
298
298
298
298
298
298
298
298
298
298
298
298
298
298
298
298
298
298
298
298
298
298
298
298
298
298
298
298
298
298
298
298
298
298
298
298
298
298
298
298
298
298
298
298
298
298
298
298
298
298
298
298
298
298
298
298
298
298
298
298
298
298
298
298
298
298
298
298
298
298
298
298
298
298
298
298
298
298
298
298
298
298
298
298
298
298
298
298
298
298
298
298
298
298
298
298
298
298
298
298
298
298
298
298
298
298
298
298
298
298
298
298
298
298
298
298
297.999
297.999
297.998
297.997
297.995
297.992
297.988
297.982
297.975
297.965
297.954
297.942
297.928
297.913
297.898
297.883
297.868
297.853
297.838
297.824
297.81
297.796
297.782
297.769
297.756
297.744
298
298
298
298
298
298
298
298
298
298
298
298
298
298
298
298
298
298
298
298
298
298
298
298
298
298
298
298
298
298
298
298
298
298
298
298
298
298
298
298
298
298
298
298
298
298
298
298
298
298
298
298
298
298
298
298
298
298
298
298
298
298
298
298
298
298
298
298
298
298
298
298
298
298
298
298
298
298
298
298
298
298
298
298
298
298
298
298
298
298
298
298
298
298
298
298
298
298
298
298
298
298
298
298
298
298
298
298
298
298
298
298
298
298
298
298
298
298
298
298
298
298
298
298
298
298
298
298
298
298
298
298
298
298
298
298
298
298
298
298
298
298
298
298
298
298
298
298
298
298
298
298
298
298
298
298
298
298
298
298
298
298
298
298
298
298
298
298
298
298
298
298
298
298
298
298
298
298
298
298
298
297.999
297.999
297.998
297.996
297.994
297.99
297.985
297.979
297.971
297.962
297.952
297.941
297.93
297.918
297.906
297.894
297.882
297.87
297.858
298
298
298
298
298
298
298
298
298
298
298
298
298
298
298
298
298
298
298
298
298
298
298
298
298
298
298
298
298
298
298
298
298
298
298
298
298
298
298
298
298
298
298
298
298
298
298
298
298
298
298
298
298
298
298
298
298
298
298
298
298
298
298
298
298
298
298
298
298
298
298
298
298
298
298
298
298
298
298
298
298
298
298
298
298
298
298
298
298
298
298
298
298
298
298
298
298
298
298
298
298
298
298
298
298
298
298
298
298
298
298
298
298
298
298
298
298
298
298
298
298
298
298
298
298
298
298
298
298
298
298
298
298
298
298
298
298
298
298
298
298
298
298
298
298
298
298
298
298
298
298
298
298
298
298
298
298
298
298
298
298
298
298
298
298
298
298
298
298
298
298
298
298
298
298
298
298
298
298
298
298
298
298
298
298
298
298
297.999
297.999
297.998
297.997
297.995
297.992
297.988
297.984
297.978
297.971
297.964
297.956
297.948
298
298
298
298
298
298
298
298
298
298
298
298
298
298
298
298
298
298
298
298
298
298
298
298
298
298
298
298
298
298
298
298
298
298
298
298
298
298
298
298
298
298
298
298
298
298
298
298
298
298
298
298
298
298
298
298
298
298
298
298
298
298
298
298
298
298
298
298
298
298
298
298
298
298
298
298
298
298
298
298
298
298
298
298
298
298
298
298
298
298
298
298
298
298
298
298
298
298
298
298
298
298
298
298
298
298
298
298
298
298
298
298
298
298
298
298
298
298
298
298
298
298
298
298
298
298
298
298
298
298
298
298
298
298
298
298
298
298
298
298
298
298
298
298
298
298
298
298
298
298
298
298
298
298
298
298
298
298
298
298
298
298
298
298
298
298
298
298
298
298
298
298
298
298
298
298
298
298
298
298
298
298
298
298
298
298
298
298
298
298
298
298
298
298
297.999
297.999
297.998
297.996
297.995
297.992
298
298
298
298
298
298
298
298
298
298
298
298
298
298
298
298
298
298
298
298
298
298
298
298
298
298
298
298
298
298
298
298
298
298
298
298
298
298
298
298
298
298
298
298
298
298
298
298
298
298
298
298
298
298
298
298
298
298
298
298
298
298
298
298
298
298
298
298
298
298
298
298
298
298
298
298
298
298
298
298
298
298
298
298
298
298
298
298
298
298
298
298
298
298
298
298
298
298
298
298
298
298
298
298
298
298
298
298
298
298
298
298
298
298
298
298
298
298
298
298
298
298
298
298
298
298
298
298
298
298
298
298
298
298
298
298
298
298
298
298
298
298
298
298
298
298
298
298
298
298
298
298
298
298
298
298
298
298
298
298
298
298
298
298
298
298
298
298
298
298
298
298
298
298
298
298
298
298
298
298
298
298
298
298
298
298
298
298
298
298
298
298
298
298
298
298
298
298
298
298
298
298
298
298
298
298
298
298
298
298
298
298
298
298
298
298
298
298
298
298
298
298
298
298
298
298
298
298
298
298
298
298
298
298
298
298
298
298
298
298
298
298
298
298
298
298
298
298
298
298
298
298
298
298
298
298
298
298
298
298
298
298
298
298
298
298
298
298
298
298
298
298
298
298
298
298
298
298
298
298
298
298
298
298
298
298
298
298
298
298
298
298
298
298
298
298
298
298
298
298
298
298
298
298
298
298
298
298
298
298
298
298
298
298
298
298
298
298
298
298
298
298
298
298
298
298
298
298
298
298
298
298
298
298
298
298
298
298
298
298
298
298
298
298
298
298
298
298
298
298
298
298
298
298
298
298
298
298
298
298
298
298
298
298
298
298
298
298
298
298
298
298
298
298
298
298
298
298
298
298
298
298
298
298
298
298
298
298
298
298
298
298
298
298
298
298
298
298
298
298
298
298
298
298
298
298
298
298
298
298
298
298
298
298
298
298
298
298
298
298
298
298
298
298
298
298
298
298
298
298
298
298
298
298
298
298
298
298
298
298
298
298
298
298
298
298
298
298
298
298
298
298
298
298
298
298
298
298
298
298
298
298
298
298
298
298
298
298
298
298
298
298
298
298
298
298
298
298
298
298
298
298
298
298
298
298
298
298
298
298
298
298
298
298
298
298
298
298
298
298
298
298
298
298
298
298
298
298
298
298
298
298
298
298
298
298
298
298
298
298
298
298
298
298
298
298
298
298
298
298
298
298
298
298
298
298
298
298
298
298
298
298
298
298
298
298
298
298
298
298
298
298
298
298
298
298
298
298
298
298
298
298
298
298
298
298
298
298
298
298
298
298
298
298
298
298
298
298
298
298
298
298
298
298
298
298
298
298
298
298
298
298
298
298
298
298
298
298
298
298
298
298
298
298
298
298
298
298
298
298
298
298
298
298
298
298
298
298
298
298
298
298
298
298
298
298
298
298
298
298
298
298
298
298
298
298
298
298
298
298
298
298
298
298
298
298
298
298
298
298
298
298
298
298
298
298
298
298
298
298
298
298
298
298
298
298
298
298
298
298
298
298
298
298
298
298
298
298
298
298
298
298
298
298
298
298
298
298
298
298
298
298
298
298
298
298
298
298
298
298
298
298
298
298
298
298
298
298
298
298
298
298
298
298
298
298
298
298
298
298
298
298
298
298
298
298
298
298
298
298
298
298
298
298
298
298
298
298
298
298
298
298
298
298
298
298
298
298
298
298
298
298
298
298
298
298
298
298
298
298
298
298
298
298
298
298
298
298
298
298
298
298
298
298
298
298
298
298
298
298
298
298
298
298
298
298
298
298
298
298
298
298
298
298
298
298
298
298
298
298
)
;

boundaryField
{
    nozzle
    {
        type            fixedValue;
        value           uniform 276;
    }
    coflow
    {
        type            fixedValue;
        value           uniform 298;
    }
    walls
    {
        type            zeroGradient;
    }
    back
    {
        type            wedge;
    }
    front
    {
        type            wedge;
    }
    outlet
    {
        type            zeroGradient;
    }
    defaultFaces
    {
        type            empty;
    }
}


// ************************************************************************* //
