0.001 859.531
0.0101633 870.123
0.0193265 882.683
0.0284898 919.477
0.0376531 1081.97
0.0468163 1718.59
0.0559796 3365.95
0.0651429 5469.22
0.0743061 6625.97
0.0834694 6587.05
0.0926327 5878.17
0.101796 4960.54
0.110959 4073.07
0.120122 3305.67
0.129286 2673.16
0.138449 2165.16
0.147612 1762.7
0.156776 1443.25
0.165939 1190.33
0.175102 988.679
0.184265 826.737
0.193429 696.41
0.202592 590.595
0.211755 504.07
0.220918 432.866
0.230082 374.007
0.239245 324.85
0.248408 283.54
0.257571 248.763
0.266735 219.34
0.275898 194.142
0.285061 172.633
0.294224 154.031
0.303388 138.01
0.312551 124.021
0.321714 111.865
0.330878 101.222
0.340041 91.8317
0.349204 83.5639
0.358367 76.266
0.367531 69.7527
0.376694 63.9505
0.385857 58.7715
0.39502 54.1279
0.404184 49.9597
0.413347 46.1962
0.42251 42.7917
0.431673 39.7061
0.440837 36.9045
0.45 34.3558
