0.001 30.9582 	0.00121036 	-2.39494e-19 	
0.0101633 30.6344 	0.00169281 	-5.86396e-13 	
0.0193265 30.3024 	0.00167226 	-1.80472e-14 	
0.0284898 29.9569 	0.00184141 	1.22618e-13 	
0.0376531 29.524 	0.00269273 	6.49798e-13 	
0.0468163 28.7786 	0.0050687 	1.72472e-13 	
0.0559796 27.3696 	0.00921048 	1.0106e-12 	
0.0651429 25.3325 	0.0115264 	9.51866e-15 	
0.0743061 23.1252 	0.0111994 	-1.37815e-13 	
0.0834694 21.0785 	0.00995143 	8.69132e-14 	
0.0926327 19.2943 	0.0086158 	-4.93743e-14 	
0.101796 17.7689 	0.00722621 	1.2213e-13 	
0.110959 16.471 	0.00607546 	-1.79763e-12 	
0.120122 15.363 	0.00519184 	-2.21901e-12 	
0.129286 14.4112 	0.00446913 	7.35895e-13 	
0.138449 13.5885 	0.00396635 	1.36474e-13 	
0.147612 12.8727 	0.00340442 	-2.27705e-13 	
0.156776 12.2439 	0.00301711 	3.44576e-14 	
0.165939 11.6895 	0.0026266 	-4.53139e-13 	
0.175102 11.1969 	0.00237117 	1.09493e-13 	
0.184265 10.7562 	0.00214257 	1.74998e-13 	
0.193429 10.3608 	0.00191659 	1.00876e-12 	
0.202592 10.0038 	0.00172748 	8.20663e-14 	
0.211755 9.68015 	0.00157324 	7.23181e-14 	
0.220918 9.38539 	0.00144152 	2.01302e-13 	
0.230082 9.11623 	0.00130851 	4.30955e-13 	
0.239245 8.86909 	0.00118886 	2.5386e-14 	
0.248408 8.64138 	0.00109002 	-1.89221e-13 	
0.257571 8.43131 	0.00103131 	-6.55912e-13 	
0.266735 8.237 	0.000939127 	3.54962e-13 	
0.275898 8.0562 	0.000877473 	-3.47575e-13 	
0.285061 7.88819 	0.000817445 	1.09624e-13 	
0.294224 7.73108 	0.000762216 	-6.33861e-13 	
0.303388 7.58444 	0.00071303 	-3.34676e-13 	
0.312551 7.44669 	0.000676172 	2.04541e-12 	
0.321714 7.31753 	0.00062336 	-3.97936e-13 	
0.330878 7.19605 	0.000596368 	4.38214e-13 	
0.340041 7.08136 	0.000563154 	-1.93801e-12 	
0.349204 6.97317 	0.00052299 	-6.49581e-15 	
0.358367 6.87104 	0.000500822 	-1.6259e-14 	
0.367531 6.77411 	0.000479683 	-9.90664e-14 	
0.376694 6.68221 	0.000454755 	-6.68255e-14 	
0.385857 6.59499 	0.000426768 	1.84313e-13 	
0.39502 6.51206 	0.000404194 	-2.77377e-13 	
0.404184 6.43318 	0.000387314 	-8.20133e-14 	
0.413347 6.35795 	0.000371153 	-5.3587e-13 	
0.42251 6.28614 	0.00035557 	5.17647e-13 	
0.431673 6.21757 	0.000340681 	2.55657e-12 	
0.440837 6.15208 	0.000325842 	1.68345e-13 	
0.45 6.08954 	0.000312124 	7.00014e-14 	
