0.001 2.80856
0.0101633 2.82499
0.0193265 2.85029
0.0284898 2.92988
0.0376531 3.27
0.0468163 4.49127
0.0559796 7.38228
0.0651429 11.0976
0.0743061 13.7534
0.0834694 14.8185
0.0926327 14.7344
0.101796 14.0174
0.110959 13.0123
0.120122 11.9267
0.129286 10.8569
0.138449 9.85385
0.147612 8.94401
0.156776 8.1287
0.165939 7.40378
0.175102 6.76077
0.184265 6.19056
0.193429 5.68558
0.202592 5.23685
0.211755 4.83703
0.220918 4.47993
0.230082 4.16059
0.239245 3.87355
0.248408 3.61478
0.257571 3.3814
0.266735 3.17044
0.275898 2.97841
0.285061 2.80405
0.294224 2.64449
0.303388 2.49891
0.312551 2.36497
0.321714 2.24211
0.330878 2.12894
0.340041 2.0242
0.349204 1.92739
0.358367 1.83782
0.367531 1.75439
0.376694 1.67678
0.385857 1.60451
0.39502 1.53706
0.404184 1.47407
0.413347 1.41503
0.42251 1.35964
0.431673 1.30762
0.440837 1.2587
0.45 1.21264
