0 28.373 	0 	0 	
0.00153061 26.6488 	0.126558 	2.76356e-12 	
0.00306122 22.1358 	0.251024 	1.90011e-12 	
0.00459184 16.9915 	0.268876 	1.05269e-12 	
0.00612245 12.3348 	0.178815 	5.44523e-13 	
0.00765306 8.53401 	0.0194065 	6.4343e-13 	
0.00918367 5.65361 	-0.158748 	-1.27527e-13 	
0.0107143 3.7766 	-0.304531 	6.44355e-12 	
0.0122449 2.93528 	-0.359096 	9.08963e-12 	
0.0137755 2.82921 	-0.328367 	1.65742e-11 	
0.0153061 2.84504 	-0.295197 	2.1959e-11 	
0.0168367 2.85983 	-0.267592 	2.47565e-11 	
0.0183673 2.87311 	-0.244256 	1.62339e-11 	
0.019898 2.88504 	-0.22417 	5.21624e-12 	
0.0214286 2.8957 	-0.20681 	-2.43662e-12 	
0.0229592 2.90505 	-0.191984 	-2.80587e-12 	
0.0244898 2.91353 	-0.178691 	-2.37967e-12 	
0.0260204 2.92133 	-0.166559 	-1.53475e-12 	
0.027551 2.92805 	-0.156214 	1.52724e-12 	
0.0290816 2.93427 	-0.14664 	2.01112e-12 	
0.0306122 2.93991 	-0.137989 	-5.84233e-13 	
0.0321429 2.94492 	-0.130258 	-1.71969e-12 	
0.0336735 2.94962 	-0.122994 	-2.23686e-12 	
0.0352041 2.95375 	-0.116622 	-2.6902e-12 	
0.0367347 2.95763 	-0.11064 	-3.1577e-12 	
0.0382653 2.96113 	-0.105155 	-3.35866e-12 	
0.0397959 2.9643 	-0.1001 	-3.35631e-12 	
0.0413265 2.96737 	-0.0952205 	-3.08251e-12 	
0.0428571 2.96998 	-0.0912286 	-9.56139e-13 	
0.0443878 2.97259 	-0.0872368 	1.17023e-12 	
0.0459184 2.9749 	-0.0835173 	1.75866e-12 	
0.047449 2.97698 	-0.0800087 	1.25557e-12 	
0.0489796 2.97906 	-0.0765002 	7.52473e-13 	
0.0505102 2.9809 	-0.0737371 	1.42616e-13 	
0.0520408 2.98266 	-0.0712875 	-5.88465e-13 	
0.0535714 2.98441 	-0.0688378 	-1.31955e-12 	
0.055102 2.98592 	-0.0663605 	-8.46713e-13 	
0.0566327 2.98725 	-0.0638593 	6.15467e-13 	
0.0581633 2.98859 	-0.0613581 	2.07765e-12 	
0.0596939 2.9899 	-0.0590186 	3.08646e-12 	
0.0612245 2.99114 	-0.0578536 	1.0449e-13 	
0.0627551 2.99237 	-0.0566886 	-2.87748e-12 	
0.0642857 2.99361 	-0.0555237 	-5.85945e-12 	
0.0658163 2.9947 	-0.0540864 	-7.10302e-12 	
0.0673469 2.99554 	-0.0521112 	-5.10503e-12 	
0.0688776 2.99638 	-0.0501361 	-3.10704e-12 	
0.0704082 2.99721 	-0.0481609 	-1.10906e-12 	
0.0719388 2.99789 	-0.0465533 	3.92742e-13 	
0.0734694 2.99789 	-0.0465533 	3.92742e-13 	
