0 5.3056
0.00153061 9.54984
0.00306122 17.7564
0.00459184 20.7232
0.00612245 17.9772
0.00765306 12.3043
0.00918367 6.34439
0.0107143 2.04815
0.0122449 0.232505
0.0137755 0.00158194
0.0153061 0.00014752
0.0168367 0.000140051
0.0183673 0.00014014
0.019898 0.000140308
0.0214286 0.000140491
0.0229592 0.000140672
0.0244898 0.000140846
0.0260204 0.000141012
0.027551 0.00014116
0.0290816 0.000141298
0.0306122 0.000141425
0.0321429 0.000141538
0.0336735 0.000141644
0.0352041 0.000141736
0.0367347 0.000141823
0.0382653 0.0001419
0.0397959 0.000141969
0.0413265 0.000142036
0.0428571 0.000142092
0.0443878 0.000142148
0.0459184 0.000142199
0.047449 0.000142246
0.0489796 0.000142293
0.0505102 0.000142387
0.0520408 0.000142503
0.0535714 0.000142618
0.055102 0.000143591
0.0566327 0.000145233
0.0581633 0.000146875
0.0596939 0.000151769
0.0612245 0.000180876
0.0627551 0.000209982
0.0642857 0.000239088
0.0658163 0.000370633
0.0673469 0.000702782
0.0688776 0.00103493
0.0704082 0.00136708
0.0719388 0.00163761
0.0734694 0.00163761
