0 8.60402 	0.000166481 	-7.2687e-06 	
0.00153061 8.57512 	0.0183069 	-2.23435e-12 	
0.00306122 8.48913 	0.0358456 	-2.57476e-12 	
0.00459184 8.34862 	0.0519253 	6.41115e-13 	
0.00612245 8.16051 	0.0660357 	-8.48459e-13 	
0.00765306 7.93073 	0.0776136 	-3.69027e-12 	
0.00918367 7.66814 	0.086474 	-2.58489e-12 	
0.0107143 7.37944 	0.0924396 	-1.50918e-12 	
0.0122449 7.07283 	0.0955546 	-6.92441e-14 	
0.0137755 6.75247 	0.0957899 	1.87139e-12 	
0.0153061 6.42581 	0.0932149 	1.24494e-12 	
0.0168367 6.09712 	0.0882023 	2.02927e-12 	
0.0183673 5.77012 	0.080959 	3.45552e-12 	
0.019898 5.4478 	0.0717635 	5.36672e-12 	
0.0214286 5.13445 	0.0609139 	3.70684e-12 	
0.0229592 4.8314 	0.0481973 	3.25887e-12 	
0.0244898 4.54035 	0.0344838 	2.25501e-12 	
0.0260204 4.26011 	0.0200985 	7.2317e-13 	
0.027551 4.00057 	0.00474439 	-1.43263e-12 	
0.0290816 3.75824 	-0.0105573 	-2.36166e-12 	
0.0306122 3.53591 	-0.0256494 	-2.49098e-12 	
0.0321429 3.34974 	-0.0397009 	-1.93775e-12 	
0.0336735 3.18064 	-0.0532236 	-7.93983e-13 	
0.0352041 3.07705 	-0.0602887 	2.00608e-12 	
0.0367347 2.99851 	-0.0648789 	7.10272e-12 	
0.0382653 2.96125 	-0.0654504 	8.10461e-12 	
0.0397959 2.95541 	-0.0629835 	7.02695e-12 	
0.0413265 2.95152 	-0.0606039 	6.64223e-12 	
0.0428571 2.95465 	-0.0588112 	5.47303e-12 	
0.0443878 2.95778 	-0.0570248 	4.54633e-12 	
0.0459184 2.96081 	-0.0551902 	3.55232e-12 	
0.047449 2.96372 	-0.0533293 	1.11602e-12 	
0.0489796 2.96664 	-0.0514685 	-1.32028e-12 	
0.0505102 2.96934 	-0.0501481 	-1.01484e-13 	
0.0520408 2.97193 	-0.0490591 	2.81474e-12 	
0.0535714 2.97452 	-0.0479701 	5.73095e-12 	
0.055102 2.97698 	-0.0466238 	5.03224e-12 	
0.0566327 2.97934 	-0.0451039 	1.07265e-12 	
0.0581633 2.98169 	-0.043584 	-2.88694e-12 	
0.0596939 2.98397 	-0.0422013 	-5.74485e-12 	
0.0612245 2.98586 	-0.0417048 	-6.99695e-12 	
0.0627551 2.98773 	-0.0412176 	-9.2792e-12 	
0.0642857 2.98961 	-0.0407305 	-1.15614e-11 	
0.0658163 2.99126 	-0.039909 	-1.22896e-11 	
0.0673469 2.99248 	-0.0384871 	-1.20575e-11 	
0.0688776 2.99369 	-0.0370652 	-1.18253e-11 	
0.0704082 2.99491 	-0.0356434 	-1.15931e-11 	
0.0719388 2.99589 	-0.0344974 	-1.26796e-11 	
0.0734694 2.99589 	-0.034493 	-1.14937e-11 	
