0 6.08952 	5.72303e-05 	2.49873e-06 	
0.00153061 6.08334 	0.00523042 	7.11618e-13 	
0.00306122 6.06458 	0.0103718 	1.79763e-12 	
0.00459184 6.03329 	0.0153541 	1.06577e-12 	
0.00612245 5.9904 	0.0201023 	3.66221e-12 	
0.00765306 5.93572 	0.024553 	5.41567e-12 	
0.00918367 5.87083 	0.0286335 	6.95738e-12 	
0.0107143 5.79638 	0.0322955 	7.03523e-12 	
0.0122449 5.71309 	0.0355236 	3.59128e-12 	
0.0137755 5.62268 	0.0382535 	5.99015e-12 	
0.0153061 5.52409 	0.0404635 	4.7232e-12 	
0.0168367 5.42016 	0.0421601 	5.11238e-12 	
0.0183673 5.31143 	0.0433396 	3.38345e-12 	
0.019898 5.19921 	0.0440174 	2.95868e-12 	
0.0214286 5.08371 	0.0441795 	2.09122e-12 	
0.0229592 4.96334 	0.0437076 	4.09924e-13 	
0.0244898 4.84332 	0.0428188 	1.07837e-12 	
0.0260204 4.72372 	0.0415981 	3.69999e-12 	
0.027551 4.59989 	0.0396518 	4.01482e-12 	
0.0290816 4.47879 	0.037456 	4.6743e-12 	
0.0306122 4.35745 	0.0348287 	8.13941e-12 	
0.0321429 4.23811 	0.0317971 	7.25996e-12 	
0.0336735 4.11988 	0.0285161 	7.79829e-12 	
0.0352041 4.00409 	0.0248228 	6.54637e-12 	
0.0367347 3.88957 	0.0208954 	7.34334e-12 	
0.0382653 3.7799 	0.0168218 	7.31872e-12 	
0.0397959 3.67257 	0.0124352 	7.20625e-12 	
0.0413265 3.56951 	0.00816736 	1.04801e-11 	
0.0428571 3.47113 	0.00347693 	6.68318e-12 	
0.0443878 3.37511 	-0.00112342 	6.98766e-12 	
0.0459184 3.28885 	-0.00575598 	6.0477e-12 	
0.047449 3.21135 	-0.0104426 	6.424e-12 	
0.0489796 3.13492 	-0.0150468 	9.16943e-12 	
0.0505102 3.08458 	-0.0178127 	7.07366e-12 	
0.0520408 3.04845 	-0.0196302 	1.09086e-11 	
0.0535714 3.01213 	-0.021472 	1.71018e-11 	
0.055102 2.99428 	-0.0218663 	1.51256e-11 	
0.0566327 2.99214 	-0.0210727 	9.45078e-12 	
0.0581633 2.99011 	-0.0202779 	4.63637e-12 	
0.0596939 2.9879 	-0.019631 	4.98194e-12 	
0.0612245 2.98931 	-0.0194057 	3.85152e-12 	
0.0627551 2.99069 	-0.0191995 	3.52446e-12 	
0.0642857 2.99205 	-0.0189947 	3.92433e-12 	
0.0658163 2.99318 	-0.01862 	5.30448e-12 	
0.0673469 2.99396 	-0.0179129 	9.9728e-14 	
0.0688776 2.99472 	-0.0172209 	-5.68777e-12 	
0.0704082 2.99548 	-0.0165327 	-1.17142e-11 	
0.0719388 2.99607 	-0.0160052 	-1.71471e-11 	
0.0734694 2.99607 	-0.0159977 	-1.1006e-11 	
