0 5.36
0.00153061 5.37073
0.00306122 5.40374
0.00459184 5.43688
0.00612245 5.44519
0.00765306 5.40352
0.00918367 5.29686
0.0107143 5.1159
0.0122449 4.86459
0.0137755 4.543
0.0153061 4.16308
0.0168367 3.74082
0.0183673 3.28738
0.019898 2.81479
0.0214286 2.33929
0.0229592 1.86066
0.0244898 1.40685
0.0260204 0.981427
0.027551 0.626296
0.0290816 0.345954
0.0306122 0.142127
0.0321429 0.0531361
0.0336735 0.0124181
0.0352041 0.00162974
0.0367347 0.000467744
0.0382653 3.86891e-05
0.0397959 3.48832e-05
0.0413265 3.2252e-05
0.0428571 3.28122e-05
0.0443878 3.33714e-05
0.0459184 3.48777e-05
0.047449 3.71344e-05
0.0489796 3.93747e-05
0.0505102 4.63675e-05
0.0520408 5.5335e-05
0.0535714 6.42945e-05
0.055102 8.69652e-05
0.0566327 0.000119932
0.0581633 0.000152899
0.0596939 0.000193312
0.0612245 0.000292707
0.0627551 0.000390888
0.0642857 0.000489069
0.0658163 0.000612601
0.0673469 0.00078524
0.0688776 0.000956473
0.0704082 0.00112771
0.0719388 0.00126528
0.0734694 0.00126528
