0 1672.46
0.00153061 1689.57
0.00306122 1730.24
0.00459184 1759.22
0.00612245 1743.77
0.00765306 1664.3
0.00918367 1526.07
0.0107143 1341.39
0.0122449 1134.36
0.0137755 917.564
0.0153061 706.581
0.0168367 514.792
0.0183673 349.082
0.019898 214.257
0.0214286 113.678
0.0229592 52.5313
0.0244898 18.933
0.0260204 2.6057
0.027551 0.856452
0.0290816 0.0305162
0.0306122 0.00745312
0.0321429 0.00104054
0.0336735 0.00097172
0.0352041 0.0009557
0.0367347 0.000956893
0.0382653 0.000958458
0.0397959 0.000960295
0.0413265 0.000962527
0.0428571 0.000966652
0.0443878 0.000970705
0.0459184 0.000980938
0.047449 0.000996034
0.0489796 0.00101041
0.0505102 0.00105973
0.0520408 0.00112337
0.0535714 0.00118407
0.055102 0.00134343
0.0566327 0.00157746
0.0581633 0.00180294
0.0596939 0.00206802
0.0612245 0.00265146
0.0627551 0.00322007
0.0642857 0.00377223
0.0658163 0.00431232
0.0673469 0.00483091
0.0688776 0.00533753
0.0704082 0.00583015
0.0719388 0.00623092
0.0734694 0.00623083
