0 1.9191
0.00153061 1.92033
0.00306122 1.92372
0.00459184 1.92827
0.00612245 1.93245
0.00765306 1.93441
0.00918367 1.93232
0.0107143 1.92424
0.0122449 1.90896
0.0137755 1.88457
0.0153061 1.84979
0.0168367 1.80501
0.0183673 1.74977
0.019898 1.68476
0.0214286 1.61084
0.0229592 1.52425
0.0244898 1.43027
0.0260204 1.33225
0.027551 1.22368
0.0290816 1.11116
0.0306122 0.996873
0.0321429 0.877432
0.0336735 0.759173
0.0352041 0.638797
0.0367347 0.52097
0.0382653 0.408542
0.0397959 0.303021
0.0413265 0.20539
0.0428571 0.136843
0.0443878 0.0687318
0.0459184 0.0336652
0.047449 0.0189759
0.0489796 0.00487935
0.0505102 0.00102598
0.0520408 0.000617571
0.0535714 0.000225971
0.055102 0.000124122
0.0566327 0.000166682
0.0581633 0.000209242
0.0596939 0.000256878
0.0612245 0.000348072
0.0627551 0.000437006
0.0642857 0.00052582
0.0658163 0.000619142
0.0673469 0.000723852
0.0688776 0.000826625
0.0704082 0.000929397
0.0719388 0.00101092
0.0734694 0.00101091
