0 2.55111
0.00153061 2.5533
0.00306122 2.55931
0.00459184 2.56694
0.00612245 2.57294
0.00765306 2.57349
0.00918367 2.56504
0.0107143 2.54429
0.0122449 2.50913
0.0137755 2.45739
0.0153061 2.38634
0.0168367 2.29829
0.0183673 2.1941
0.019898 2.07557
0.0214286 1.94272
0.0229592 1.7917
0.0244898 1.63384
0.0260204 1.47551
0.027551 1.30018
0.0290816 1.12861
0.0306122 0.955304
0.0321429 0.781182
0.0336735 0.614886
0.0352041 0.458911
0.0367347 0.315157
0.0382653 0.20124
0.0397959 0.113919
0.0413265 0.0411715
0.0428571 0.0238522
0.0443878 0.00827057
0.0459184 0.000956001
0.047449 0.000571739
0.0489796 0.000164912
0.0505102 5.37574e-05
0.0520408 6.80689e-05
0.0535714 8.12635e-05
0.055102 0.000111976
0.0566327 0.000155899
0.0581633 0.000196955
0.0596939 0.000244391
0.0612245 0.000342411
0.0627551 0.000437911
0.0642857 0.000528226
0.0658163 0.000630127
0.0673469 0.000754834
0.0688776 0.000876568
0.0704082 0.000991985
0.0719388 0.0010861
0.0734694 0.00108609
