0 1.21249
0.00153061 1.21297
0.00306122 1.21436
0.00459184 1.21639
0.00612245 1.21858
0.00765306 1.22037
0.00918367 1.22109
0.0107143 1.22008
0.0122449 1.2167
0.0137755 1.21037
0.0153061 1.20019
0.0168367 1.18609
0.0183673 1.16773
0.019898 1.14509
0.0214286 1.11776
0.0229592 1.08426
0.0244898 1.04718
0.0260204 1.00715
0.027551 0.959623
0.0290816 0.91037
0.0306122 0.856851
0.0321429 0.800123
0.0336735 0.741134
0.0352041 0.679045
0.0367347 0.614913
0.0382653 0.550761
0.0397959 0.484108
0.0413265 0.419727
0.0428571 0.35296
0.0443878 0.287585
0.0459184 0.227089
0.047449 0.170182
0.0489796 0.114253
0.0505102 0.0772142
0.0520408 0.0501129
0.0535714 0.0229408
0.055102 0.00895364
0.0566327 0.00605011
0.0581633 0.00322123
0.0596939 0.00039727
0.0612245 0.000438158
0.0627551 0.000486891
0.0642857 0.00053309
0.0658163 0.000582306
0.0673469 0.000663092
0.0688776 0.000742515
0.0704082 0.000821579
0.0719388 0.000882791
0.0734694 0.000882786
