0 18.0512 	0 	0 	
0.00153061 17.591 	0.121125 	4.70742e-13 	
0.00306122 16.3341 	0.210362 	-1.12162e-12 	
0.00459184 14.6168 	0.253328 	-5.54755e-13 	
0.00612245 12.7416 	0.253901 	1.58313e-12 	
0.00765306 10.8971 	0.219907 	3.77852e-12 	
0.00918367 9.17673 	0.162385 	5.52604e-12 	
0.0107143 7.62216 	0.0894423 	6.08352e-12 	
0.0122449 6.24826 	0.00809855 	6.07405e-12 	
0.0137755 5.0787 	-0.0741275 	5.33121e-12 	
0.0153061 4.15233 	-0.147571 	1.86526e-12 	
0.0168367 3.4644 	-0.206498 	1.2195e-12 	
0.0183673 3.04483 	-0.238675 	3.67252e-12 	
0.019898 2.88245 	-0.23823 	6.94824e-13 	
0.0214286 2.87252 	-0.220484 	-4.12841e-13 	
0.0229592 2.87978 	-0.205784 	3.63192e-12 	
0.0244898 2.88759 	-0.192655 	1.13671e-12 	
0.0260204 2.89504 	-0.180668 	-6.35654e-12 	
0.027551 2.90187 	-0.170458 	-7.31851e-12 	
0.0290816 2.90835 	-0.16106 	-7.76285e-12 	
0.0306122 2.91445 	-0.152583 	-7.06597e-12 	
0.0321429 2.92008 	-0.145003 	-5.71972e-12 	
0.0336735 2.92547 	-0.137883 	-3.07908e-12 	
0.0352041 2.93042 	-0.131646 	-4.15379e-12 	
0.0367347 2.93517 	-0.125799 	-6.86001e-12 	
0.0382653 2.9396 	-0.120395 	-7.0342e-12 	
0.0397959 2.94375 	-0.115382 	-5.56874e-12 	
0.0413265 2.94779 	-0.110568 	-5.16075e-12 	
0.0428571 2.95142 	-0.10663 	-2.51068e-12 	
0.0443878 2.95504 	-0.102713 	-8.82711e-14 	
0.0459184 2.95836 	-0.0989596 	7.63689e-13 	
0.047449 2.96148 	-0.0953437 	2.42636e-12 	
0.0489796 2.9646 	-0.0917297 	4.11195e-12 	
0.0505102 2.96744 	-0.0889598 	3.21842e-12 	
0.0520408 2.97017 	-0.0865457 	1.09638e-12 	
0.0535714 2.9729 	-0.0841316 	-1.02565e-12 	
0.055102 2.9754 	-0.0815022 	-1.09525e-12 	
0.0566327 2.97773 	-0.0787196 	-5.37271e-13 	
0.0581633 2.98006 	-0.0759371 	2.07116e-14 	
0.0596939 2.98233 	-0.0733807 	3.67999e-13 	
0.0612245 2.98441 	-0.0722307 	-3.26461e-12 	
0.0627551 2.98648 	-0.0710986 	-7.99016e-12 	
0.0642857 2.98855 	-0.0699664 	-1.27157e-11 	
0.0658163 2.99042 	-0.0683874 	-1.44685e-11 	
0.0673469 2.99197 	-0.0659472 	-1.04697e-11 	
0.0688776 2.99351 	-0.0635126 	-6.80831e-12 	
0.0704082 2.99505 	-0.0610781 	-3.14693e-12 	
0.0719388 2.99629 	-0.0591216 	-2.0834e-12 	
0.0734694 2.99629 	-0.0591116 	-1.81909e-12 	
