0 2170.62
0.00153061 5937.4
0.00306122 14745.4
0.00459184 17343.8
0.00612245 13263.4
0.00765306 7411.77
0.00918367 2894.51
0.0107143 654.911
0.0122449 52.0327
0.0137755 0.212786
0.0153061 0.00975958
0.0168367 0.00875418
0.0183673 0.00877463
0.019898 0.00880146
0.0214286 0.00882788
0.0229592 0.00885253
0.0244898 0.00887544
0.0260204 0.0088969
0.027551 0.00891555
0.0290816 0.00893286
0.0306122 0.00894851
0.0321429 0.00896234
0.0336735 0.0089752
0.0352041 0.0089864
0.0367347 0.00899685
0.0382653 0.00900616
0.0397959 0.00901446
0.0413265 0.00902251
0.0428571 0.0090292
0.0443878 0.00903588
0.0459184 0.00904178
0.047449 0.00904703
0.0489796 0.00905229
0.0505102 0.0090589
0.0520408 0.00906608
0.0535714 0.00907327
0.055102 0.00910662
0.0566327 0.0091603
0.0581633 0.00921399
0.0596939 0.00933147
0.0612245 0.00991978
0.0627551 0.0105081
0.0642857 0.0110964
0.0658163 0.0112079
0.0673469 0.0103986
0.0688776 0.00958926
0.0704082 0.00877995
0.0719388 0.00811645
0.0734694 0.00811645
