0 51.7997
0.00153061 51.8583
0.00306122 52.0282
0.00459184 52.2804
0.00612245 52.5645
0.00765306 52.8235
0.00918367 52.9896
0.0107143 53.0021
0.0122449 52.8081
0.0137755 52.3599
0.0153061 51.5924
0.0168367 50.5138
0.0183673 49.1189
0.019898 47.4238
0.0214286 45.417
0.0229592 43.0065
0.0244898 40.4385
0.0260204 37.7618
0.027551 34.6769
0.0290816 31.6518
0.0306122 28.487
0.0321429 25.2653
0.0336735 22.1011
0.0352041 18.9481
0.0367347 15.8936
0.0382653 13.0225
0.0397959 10.2376
0.0413265 7.74267
0.0428571 5.64636
0.0443878 3.68327
0.0459184 2.31756
0.047449 1.43901
0.0489796 0.595311
0.0505102 0.260393
0.0520408 0.157506
0.0535714 0.0533877
0.055102 0.00559903
0.0566327 0.00405323
0.0581633 0.00268884
0.0596939 0.00126345
0.0612245 0.00156743
0.0627551 0.00186318
0.0642857 0.00214419
0.0658163 0.00243143
0.0673469 0.00273874
0.0688776 0.00303541
0.0704082 0.00332025
0.0719388 0.00354958
0.0734694 0.00354953
