0 618.964
0.00153061 620.706
0.00306122 627.454
0.00459184 634.334
0.00612245 636.505
0.00765306 629.379
0.00918367 610.639
0.0107143 579.354
0.0122449 537.347
0.0137755 485.584
0.0153061 427.726
0.0168367 366.967
0.0183673 305.716
0.019898 246.088
0.0214286 190.634
0.0229592 140.372
0.0244898 96.9845
0.0260204 59.7605
0.027551 34.5044
0.0290816 16.4544
0.0306122 6.00222
0.0321429 1.87585
0.0336735 0.419585
0.0352041 0.0434884
0.0367347 0.0122311
0.0382653 0.000696819
0.0397959 0.000600991
0.0413265 0.0005333
0.0428571 0.00054021
0.0443878 0.000547091
0.0459184 0.000564076
0.047449 0.000588832
0.0489796 0.000613442
0.0505102 0.000680445
0.0520408 0.000764453
0.0535714 0.000848402
0.055102 0.00102301
0.0566327 0.00126342
0.0581633 0.00150383
0.0596939 0.0017724
0.0612245 0.00226932
0.0627551 0.00275883
0.0642857 0.00324834
0.0658163 0.00372997
0.0673469 0.00420141
0.0688776 0.00466946
0.0704082 0.0051375
0.0719388 0.00551231
0.0734694 0.00551228
