0 34.3428
0.00153061 34.3779
0.00306122 34.4801
0.00459184 34.6366
0.00612245 34.8226
0.00765306 35.0078
0.00918367 35.1572
0.0107143 35.2387
0.0122449 35.2228
0.0137755 35.0833
0.0153061 34.7823
0.0168367 34.3158
0.0183673 33.6738
0.019898 32.857
0.0214286 31.8528
0.0229592 30.6155
0.0244898 29.2563
0.0260204 27.791
0.027551 26.0751
0.0290816 24.3342
0.0306122 22.4543
0.0321429 20.5378
0.0336735 18.5561
0.0352041 16.5729
0.0367347 14.5427
0.0382653 12.622
0.0397959 10.6825
0.0413265 8.85584
0.0428571 7.14137
0.0443878 5.46093
0.0459184 4.07324
0.047449 2.89514
0.0489796 1.73569
0.0505102 1.09099
0.0520408 0.692927
0.0535714 0.292862
0.055102 0.0937918
0.0566327 0.0627896
0.0581633 0.0326009
0.0596939 0.00228258
0.0612245 0.00220787
0.0627551 0.0022113
0.0642857 0.00219641
0.0658163 0.00221258
0.0673469 0.00248142
0.0688776 0.00274565
0.0704082 0.00300871
0.0719388 0.00321248
0.0734694 0.00321246
