0 8.72292
0.00153061 8.77734
0.00306122 8.90559
0.00459184 9.00217
0.00612245 8.96293
0.00765306 8.71385
0.00918367 8.2506
0.0107143 7.58893
0.0122449 6.78816
0.0137755 5.87664
0.0153061 4.89542
0.0168367 3.90566
0.0183673 2.94552
0.019898 2.05593
0.0214286 1.27455
0.0229592 0.674268
0.0244898 0.288496
0.0260204 0.0533902
0.027551 0.017764
0.0290816 0.000819094
0.0306122 0.000213956
0.0321429 4.58e-05
0.0336735 4.38865e-05
0.0352041 4.34356e-05
0.0367347 4.34604e-05
0.0382653 4.35055e-05
0.0397959 4.35675e-05
0.0413265 4.36534e-05
0.0428571 4.38685e-05
0.0443878 4.4077e-05
0.0459184 4.47251e-05
0.047449 4.57258e-05
0.0489796 4.66681e-05
0.0505102 5.04596e-05
0.0520408 5.54541e-05
0.0535714 6.0185e-05
0.055102 7.56641e-05
0.0566327 9.93834e-05
0.0581633 0.000122276
0.0596939 0.000153177
0.0612245 0.00024698
0.0627551 0.000339094
0.0642857 0.000427921
0.0658163 0.000560755
0.0673469 0.000780757
0.0688776 0.000994265
0.0704082 0.00120303
0.0719388 0.00137299
0.0734694 0.00137298
