0 1.50223
0.00153061 1.50297
0.00306122 1.5051
0.00459184 1.50808
0.00612245 1.51109
0.00765306 1.51314
0.00918367 1.51315
0.0107143 1.51004
0.0122449 1.5029
0.0137755 1.4908
0.0153061 1.47241
0.0168367 1.44783
0.0183673 1.41683
0.019898 1.37955
0.0214286 1.33548
0.0229592 1.28208
0.0244898 1.22413
0.0260204 1.16333
0.027551 1.0913
0.0290816 1.01861
0.0306122 0.941339
0.0321429 0.85877
0.0336735 0.776666
0.0352041 0.68935
0.0367347 0.60324
0.0382653 0.516545
0.0397959 0.428237
0.0413265 0.346566
0.0428571 0.266044
0.0443878 0.190597
0.0459184 0.130594
0.047449 0.0838809
0.0489796 0.0391914
0.0505102 0.01968
0.0520408 0.0119631
0.0535714 0.00417788
0.055102 0.000603786
0.0566327 0.00048105
0.0581633 0.000374646
0.0596939 0.000265381
0.0612245 0.000352657
0.0627551 0.000436955
0.0642857 0.000517466
0.0658163 0.000601827
0.0673469 0.000695694
0.0688776 0.000786448
0.0704082 0.000873474
0.0719388 0.000943513
0.0734694 0.000943505
