0 276.882
0.00153061 277.596
0.00306122 279.473
0.00459184 281.75
0.00612245 283.363
0.00765306 283.153
0.00918367 280.244
0.0107143 273.947
0.0122449 264.146
0.0137755 250.621
0.0153061 233.842
0.0168367 214.496
0.0183673 193.217
0.019898 170.698
0.0214286 147.803
0.0229592 124.831
0.0244898 102.631
0.0260204 81.3016
0.027551 62.1588
0.0290816 44.8808
0.0306122 29.9502
0.0321429 18.8312
0.0336735 9.59522
0.0352041 4.84078
0.0367347 1.86113
0.0382653 0.434453
0.0397959 0.194506
0.0413265 0.00567157
0.0428571 0.00344843
0.0443878 0.00119866
0.0459184 0.000395457
0.047449 0.000421856
0.0489796 0.000448255
0.0505102 0.000522446
0.0520408 0.000615511
0.0535714 0.000708576
0.055102 0.0008821
0.0566327 0.00111468
0.0581633 0.00134726
0.0596939 0.00160296
0.0612245 0.00203423
0.0627551 0.00246179
0.0642857 0.00288935
0.0658163 0.00331548
0.0673469 0.00373281
0.0688776 0.00415014
0.0704082 0.00456747
0.0719388 0.00490362
0.0734694 0.00490361
