0 3.57172
0.00153061 3.57652
0.00306122 3.58902
0.00459184 3.60351
0.00612245 3.61205
0.00765306 3.6056
0.00918367 3.57687
0.0107143 3.51954
0.0122449 3.43124
0.0137755 3.30866
0.0153061 3.15273
0.0168367 2.96757
0.0183673 2.75651
0.019898 2.52402
0.0214286 2.27597
0.0229592 2.01094
0.0244898 1.74023
0.0260204 1.4673
0.027551 1.19538
0.0290816 0.933034
0.0306122 0.68401
0.0321429 0.469922
0.0336735 0.273382
0.0352041 0.153419
0.0367347 0.0633454
0.0382653 0.0185356
0.0397959 0.00834462
0.0413265 0.00031095
0.0428571 0.00019256
0.0443878 7.27248e-05
0.0459184 3.1153e-05
0.047449 3.44878e-05
0.0489796 3.78227e-05
0.0505102 4.76114e-05
0.0520408 6.00523e-05
0.0535714 7.24932e-05
0.055102 0.000100104
0.0566327 0.000139096
0.0581633 0.000178089
0.0596939 0.000224011
0.0612245 0.000322387
0.0627551 0.000420024
0.0642857 0.000517661
0.0658163 0.000631227
0.0673469 0.000772849
0.0688776 0.000914471
0.0704082 0.00105609
0.0719388 0.00117033
0.0734694 0.00117033
