0 12.7014 	0 	0 	
0.00153061 12.5741 	0.0550368 	-1.78689e-13 	
0.00306122 12.2 	0.103807 	1.95772e-12 	
0.00459184 11.6206 	0.141685 	1.51828e-12 	
0.00612245 10.899 	0.166476 	2.07316e-12 	
0.00765306 10.0827 	0.17693 	6.61399e-13 	
0.00918367 9.23321 	0.174447 	1.06909e-12 	
0.0107143 8.37776 	0.160371 	1.62829e-12 	
0.0122449 7.55008 	0.13735 	4.30956e-12 	
0.0137755 6.75531 	0.106574 	6.39739e-12 	
0.0153061 6.0039 	0.0695537 	3.96342e-12 	
0.0168367 5.312 	0.0291141 	3.35451e-12 	
0.0183673 4.6867 	-0.0128799 	5.28311e-12 	
0.019898 4.13611 	-0.0539356 	5.04653e-12 	
0.0214286 3.66813 	-0.0921008 	5.78733e-12 	
0.0229592 3.30945 	-0.124395 	3.11514e-12 	
0.0244898 3.07519 	-0.142506 	1.72224e-12 	
0.0260204 2.92888 	-0.150638 	-1.96893e-12 	
0.027551 2.91105 	-0.143218 	1.32955e-12 	
0.0290816 2.90563 	-0.136123 	1.69564e-12 	
0.0306122 2.91105 	-0.129421 	-8.08263e-12 	
0.0321429 2.91642 	-0.123256 	-3.55741e-12 	
0.0336735 2.92151 	-0.117753 	-6.95112e-12 	
0.0352041 2.92642 	-0.112689 	-3.10369e-12 	
0.0367347 2.93104 	-0.108168 	-3.16322e-12 	
0.0382653 2.93547 	-0.103853 	-2.76561e-12 	
0.0397959 2.93971 	-0.0997993 	-6.35498e-13 	
0.0413265 2.94373 	-0.0960834 	-1.69191e-12 	
0.0428571 2.94759 	-0.092821 	-3.68989e-13 	
0.0443878 2.95124 	-0.0898302 	-1.01601e-12 	
0.0459184 2.95476 	-0.0867805 	-8.64483e-13 	
0.047449 2.95815 	-0.0837461 	6.50862e-13 	
0.0489796 2.96139 	-0.080919 	3.14077e-12 	
0.0505102 2.96448 	-0.0786558 	2.04765e-12 	
0.0520408 2.96747 	-0.0767025 	-1.83627e-13 	
0.0535714 2.97033 	-0.0748841 	-1.62106e-12 	
0.055102 2.97309 	-0.072686 	-1.42186e-12 	
0.0566327 2.97576 	-0.0702276 	3.07663e-13 	
0.0581633 2.97833 	-0.0679145 	3.45253e-12 	
0.0596939 2.98084 	-0.0657994 	6.25843e-12 	
0.0612245 2.98315 	-0.0648554 	2.44136e-12 	
0.0627551 2.9854 	-0.0639649 	-1.46094e-12 	
0.0642857 2.98758 	-0.0631353 	-5.38114e-12 	
0.0658163 2.98958 	-0.0618197 	-6.61817e-12 	
0.0673469 2.99125 	-0.0595392 	-2.57621e-12 	
0.0688776 2.99288 	-0.0573459 	-1.21632e-12 	
0.0704082 2.99446 	-0.0552337 	-3.26693e-12 	
0.0719388 2.99575 	-0.0535094 	-4.72807e-12 	
0.0734694 2.99575 	-0.0534725 	-2.32044e-12 	
