0 143.643
0.00153061 143.897
0.00306122 144.608
0.00459184 145.562
0.00612245 146.438
0.00765306 146.873
0.00918367 146.529
0.0107143 145.127
0.0122449 142.493
0.0137755 138.496
0.0153061 132.972
0.0168367 126.181
0.0183673 118.276
0.019898 109.473
0.0214286 99.8668
0.0229592 89.3865
0.0244898 78.8625
0.0260204 68.5846
0.027551 57.9377
0.0290816 48.0023
0.0306122 38.4383
0.0321429 29.648
0.0336735 21.6056
0.0352041 15.0109
0.0367347 9.33881
0.0382653 5.37437
0.0397959 2.88211
0.0413265 0.822543
0.0428571 0.473891
0.0443878 0.160667
0.0459184 0.0144722
0.047449 0.00855478
0.0489796 0.0022941
0.0505102 0.000483783
0.0520408 0.0005653
0.0535714 0.000638518
0.055102 0.000799067
0.0566327 0.00102569
0.0581633 0.00123781
0.0596939 0.00146887
0.0612245 0.00186115
0.0627551 0.00224426
0.0642857 0.00260577
0.0658163 0.0029753
0.0673469 0.00336064
0.0688776 0.00373632
0.0704082 0.00409301
0.0719388 0.00438388
0.0734694 0.00438381
