0 6.46872 	3.43342e-05 	1.49906e-06 	
0.00153061 6.4605 	0.0067457 	-2.30574e-12 	
0.00306122 6.43543 	0.0133465 	-3.78087e-12 	
0.00459184 6.39368 	0.0197028 	-4.76688e-13 	
0.00612245 6.33664 	0.0257061 	2.25356e-12 	
0.00765306 6.26393 	0.0312619 	1.24616e-12 	
0.00918367 6.17834 	0.0362502 	1.82342e-12 	
0.0107143 6.08089 	0.0406123 	1.63213e-12 	
0.0122449 5.97319 	0.0443214 	2.65418e-12 	
0.0137755 5.85626 	0.0473273 	3.39075e-12 	
0.0153061 5.72946 	0.0495752 	1.27244e-12 	
0.0168367 5.59687 	0.0510939 	6.44467e-13 	
0.0183673 5.45986 	0.05189 	7.46845e-13 	
0.019898 5.31979 	0.0520021 	1.49543e-12 	
0.0214286 5.17637 	0.0514157 	2.57011e-12 	
0.0229592 5.02699 	0.0499461 	1.92568e-12 	
0.0244898 4.87956 	0.0479457 	1.74821e-12 	
0.0260204 4.73604 	0.0455792 	6.88165e-12 	
0.027551 4.58586 	0.0421948 	4.01324e-12 	
0.0290816 4.44202 	0.0385799 	4.98072e-12 	
0.0306122 4.29975 	0.0344768 	1.08781e-11 	
0.0321429 4.15783 	0.0297727 	5.20842e-12 	
0.0336735 4.0228 	0.0249694 	6.2746e-12 	
0.0352041 3.88807 	0.0195579 	2.73857e-12 	
0.0367347 3.76023 	0.014109 	3.00111e-12 	
0.0382653 3.63675 	0.00844915 	2.58789e-12 	
0.0397959 3.51726 	0.00252288 	8.70008e-13 	
0.0413265 3.40703 	-0.0031027 	3.76407e-12 	
0.0428571 3.30554 	-0.00946206 	5.74137e-13 	
0.0443878 3.21066 	-0.0154377 	1.46255e-12 	
0.0459184 3.13558 	-0.0199498 	1.22748e-12 	
0.047449 3.07814 	-0.0232063 	-3.26137e-13 	
0.0489796 3.02303 	-0.0263747 	-1.44661e-12 	
0.0505102 3.00013 	-0.0270915 	-1.00408e-12 	
0.0520408 2.9924 	-0.0266862 	5.71254e-12 	
0.0535714 2.98442 	-0.026374 	2.00668e-11 	
0.055102 2.98186 	-0.0257352 	1.77536e-11 	
0.0566327 2.98374 	-0.02484 	5.14348e-12 	
0.0581633 2.98556 	-0.0240042 	1.79195e-12 	
0.0596939 2.98726 	-0.023252 	3.24186e-12 	
0.0612245 2.9888 	-0.0229449 	1.26944e-12 	
0.0627551 2.9903 	-0.0226536 	-1.34332e-12 	
0.0642857 2.99172 	-0.0223893 	-4.56216e-12 	
0.0658163 2.99295 	-0.0219394 	-5.62508e-12 	
0.0673469 2.9938 	-0.0211098 	-2.15203e-12 	
0.0688776 2.99463 	-0.0203153 	-4.82023e-12 	
0.0704082 2.99542 	-0.0195625 	-1.22773e-11 	
0.0719388 2.99606 	-0.0189566 	-1.78304e-11 	
0.0734694 2.99606 	-0.0189435 	-8.68007e-12 	
