0 14.186
0.00153061 14.666
0.00306122 15.5679
0.00459184 15.9062
0.00612245 15.2659
0.00765306 13.7238
0.00918367 11.6153
0.0107143 9.22584
0.0122449 6.78692
0.0137755 4.49513
0.0153061 2.58982
0.0168367 1.17516
0.0183673 0.341435
0.019898 0.0348359
0.0214286 0.00225929
0.0229592 0.000205889
0.0244898 6.84988e-05
0.0260204 6.73755e-05
0.027551 6.7396e-05
0.0290816 6.74261e-05
0.0306122 6.74654e-05
0.0321429 6.75092e-05
0.0336735 6.75545e-05
0.0352041 6.76014e-05
0.0367347 6.76484e-05
0.0382653 6.76956e-05
0.0397959 6.77425e-05
0.0413265 6.77923e-05
0.0428571 6.78557e-05
0.0443878 6.79194e-05
0.0459184 6.80661e-05
0.047449 6.8282e-05
0.0489796 6.84978e-05
0.0505102 6.9579e-05
0.0520408 7.10466e-05
0.0535714 7.25141e-05
0.055102 7.92334e-05
0.0566327 9.01019e-05
0.0581633 0.00010097
0.0596939 0.00011868
0.0612245 0.000188208
0.0627551 0.000257526
0.0642857 0.000326843
0.0658163 0.000465708
0.0673469 0.000736617
0.0688776 0.001007
0.0704082 0.00127738
0.0719388 0.00149604
0.0734694 0.00149603
