0 6.96415 	6.4783e-05 	-2.82849e-06 	
0.00153061 6.95246 	0.00892443 	2.00572e-13 	
0.00306122 6.91734 	0.0176138 	1.10773e-12 	
0.00459184 6.8591 	0.0259027 	-1.02837e-12 	
0.00612245 6.77967 	0.0336372 	-5.39115e-12 	
0.00765306 6.67986 	0.0406146 	-4.61969e-12 	
0.00918367 6.56277 	0.0467285 	-2.92837e-12 	
0.0107143 6.42985 	0.0518855 	-1.46212e-12 	
0.0122449 6.28447 	0.0560319 	-2.07817e-12 	
0.0137755 6.12747 	0.0591097 	-2.64831e-12 	
0.0153061 5.96054 	0.061048 	-1.04986e-12 	
0.0168367 5.78758 	0.0619353 	3.04737e-13 	
0.0183673 5.60956 	0.0617834 	1.7342e-12 	
0.019898 5.42874 	0.0606633 	3.19761e-12 	
0.0214286 5.2473 	0.0586318 	5.94347e-12 	
0.0229592 5.06221 	0.0554313 	5.26848e-12 	
0.0244898 4.87911 	0.0514751 	5.63736e-12 	
0.0260204 4.69959 	0.0470233 	8.22732e-12 	
0.027551 4.52068 	0.0414826 	4.88531e-12 	
0.0290816 4.34588 	0.0354593 	4.59177e-12 	
0.0306122 4.17644 	0.0290497 	4.57065e-12 	
0.0321429 4.01257 	0.0219663 	4.21979e-12 	
0.0336735 3.85383 	0.0147927 	3.51725e-12 	
0.0352041 3.70347 	0.00715433 	3.05287e-12 	
0.0367347 3.55869 	-0.000445393 	2.47962e-12 	
0.0382653 3.42708 	-0.00829518 	2.92949e-12 	
0.0397959 3.30652 	-0.0161305 	6.24213e-12 	
0.0413265 3.19598 	-0.0233668 	1.02943e-11 	
0.0428571 3.11953 	-0.0283187 	6.53327e-12 	
0.0443878 3.04345 	-0.0332741 	5.44951e-12 	
0.0459184 3.00552 	-0.0348956 	4.66516e-12 	
0.047449 2.99063 	-0.0345316 	-1.03433e-12 	
0.0489796 2.97646 	-0.0341264 	-7.22569e-12 	
0.0505102 2.97441 	-0.0333568 	-3.95791e-12 	
0.0520408 2.97635 	-0.0325174 	3.76394e-12 	
0.0535714 2.97829 	-0.03169 	1.17191e-11 	
0.055102 2.98037 	-0.0307373 	1.03713e-11 	
0.0566327 2.98244 	-0.0297244 	9.19436e-12 	
0.0581633 2.9845 	-0.0287115 	8.01743e-12 	
0.0596939 2.98646 	-0.0278031 	1.16038e-11 	
0.0612245 2.98808 	-0.0274819 	4.21014e-12 	
0.0627551 2.98965 	-0.027177 	-2.80771e-12 	
0.0642857 2.99122 	-0.0268729 	-9.85208e-12 	
0.0658163 2.99255 	-0.0263432 	-1.22993e-11 	
0.0673469 2.99348 	-0.0253697 	-9.04046e-12 	
0.0688776 2.9944 	-0.0244195 	-8.23324e-12 	
0.0704082 2.99531 	-0.0234693 	-7.42601e-12 	
0.0719388 2.99604 	-0.0227193 	-1.03605e-11 	
0.0734694 2.99604 	-0.0227104 	-7.39116e-12 	
