0 10.1022 	0 	0 	
0.00153061 10.0476 	0.0296966 	1.50075e-12 	
0.00306122 9.88655 	0.0574838 	2.6105e-12 	
0.00459184 9.62772 	0.0817668 	4.79163e-13 	
0.00612245 9.28887 	0.101474 	2.76307e-13 	
0.00765306 8.88584 	0.115607 	-7.30346e-13 	
0.00918367 8.43926 	0.124066 	5.63918e-13 	
0.0107143 7.96324 	0.126822 	1.51332e-12 	
0.0122449 7.47378 	0.124364 	3.05858e-12 	
0.0137755 6.97831 	0.116887 	1.85905e-12 	
0.0153061 6.48853 	0.104919 	1.44963e-12 	
0.0168367 6.0113 	0.0893917 	2.71814e-12 	
0.0183673 5.55088 	0.0708582 	4.83586e-12 	
0.019898 5.11069 	0.049964 	7.801e-12 	
0.0214286 4.6977 	0.0275342 	3.68912e-12 	
0.0229592 4.31235 	0.00328627 	3.16889e-13 	
0.0244898 3.96211 	-0.0206434 	-1.88786e-12 	
0.0260204 3.64301 	-0.0439143 	-5.39586e-12 	
0.027551 3.38447 	-0.0656061 	-5.94978e-12 	
0.0290816 3.17972 	-0.0821527 	-7.28925e-12 	
0.0306122 3.02871 	-0.0935705 	-1.07149e-11 	
0.0321429 2.96444 	-0.095371 	-9.68285e-12 	
0.0336735 2.93624 	-0.093244 	-6.50247e-12 	
0.0352041 2.93212 	-0.089747 	-5.43959e-12 	
0.0367347 2.93565 	-0.0859274 	-3.07274e-12 	
0.0382653 2.93943 	-0.0825298 	-2.45393e-12 	
0.0397959 2.94326 	-0.0794824 	-1.36267e-12 	
0.0413265 2.94702 	-0.0765645 	-9.85381e-13 	
0.0428571 2.95052 	-0.0741871 	-1.49853e-12 	
0.0443878 2.95399 	-0.0718418 	-2.31122e-12 	
0.0459184 2.95729 	-0.0695015 	-1.88184e-12 	
0.047449 2.96043 	-0.0671974 	5.76589e-13 	
0.0489796 2.96356 	-0.0649053 	3.04586e-12 	
0.0505102 2.96647 	-0.0632024 	2.7674e-12 	
0.0520408 2.96927 	-0.0617775 	2.80822e-12 	
0.0535714 2.97206 	-0.0603537 	2.88381e-12 	
0.055102 2.97471 	-0.0586404 	2.50184e-12 	
0.0566327 2.97723 	-0.0567489 	-2.60876e-13 	
0.0581633 2.97975 	-0.0548574 	-3.02359e-12 	
0.0596939 2.98219 	-0.0531443 	-5.15637e-12 	
0.0612245 2.9843 	-0.0524784 	-4.62494e-12 	
0.0627551 2.98638 	-0.0518349 	-5.47127e-12 	
0.0642857 2.98846 	-0.0511914 	-6.31761e-12 	
0.0658163 2.99031 	-0.0501536 	-7.28097e-12 	
0.0673469 2.99175 	-0.0483612 	-6.16051e-12 	
0.0688776 2.99318 	-0.0465883 	-5.84271e-12 	
0.0704082 2.99461 	-0.0448154 	-5.52491e-12 	
0.0719388 2.99576 	-0.0433976 	-6.843e-12 	
0.0734694 2.99576 	-0.0433855 	-5.45794e-12 	
