0 5143.11
0.00153061 5435.15
0.00306122 5966.92
0.00459184 6102.7
0.00612245 5637.8
0.00765306 4725.29
0.00918367 3640.72
0.0107143 2578.78
0.0122449 1652.69
0.0137755 926.041
0.0153061 443.529
0.0168367 161.81
0.0183673 35.8122
0.019898 2.67829
0.0214286 0.163638
0.0229592 0.0109079
0.0244898 0.00226132
0.0260204 0.00219488
0.027551 0.00219758
0.0290816 0.00220064
0.0306122 0.00220398
0.0321429 0.0022074
0.0336735 0.00221078
0.0352041 0.00221412
0.0367347 0.00221737
0.0382653 0.00222053
0.0397959 0.00222354
0.0413265 0.00222662
0.0428571 0.00222977
0.0443878 0.00223294
0.0459184 0.00223775
0.047449 0.00224387
0.0489796 0.00224999
0.0505102 0.0022725
0.0520408 0.00230216
0.0535714 0.00233181
0.055102 0.0024408
0.0566327 0.00261098
0.0581633 0.00278117
0.0596939 0.00300772
0.0612245 0.00365796
0.0627551 0.00430378
0.0642857 0.0049496
0.0658163 0.00551281
0.0673469 0.00592745
0.0688776 0.006342
0.0704082 0.00675655
0.0719388 0.00708703
0.0734694 0.00708701
