0 7.6375 	2.92345e-05 	-1.2764e-06 	
0.00153061 7.62029 	0.0123763 	-6.0332e-12 	
0.00306122 7.56776 	0.024349 	-1.23678e-11 	
0.00459184 7.48101 	0.0356117 	-5.12383e-12 	
0.00612245 7.36382 	0.045881 	-6.20745e-12 	
0.00765306 7.21661 	0.0548835 	-5.07175e-13 	
0.00918367 7.04695 	0.0623758 	-5.63638e-13 	
0.0107143 6.85729 	0.0682622 	-8.83599e-13 	
0.0122449 6.65249 	0.0725102 	-2.24612e-13 	
0.0137755 6.43478 	0.0750701 	3.86992e-13 	
0.0153061 6.2046 	0.075842 	6.40893e-13 	
0.0168367 5.96963 	0.0750274 	9.66048e-13 	
0.0183673 5.73262 	0.072717 	-2.70127e-13 	
0.019898 5.49591 	0.0690603 	4.21151e-13 	
0.0214286 5.25937 	0.0640716 	5.79976e-13 	
0.0229592 5.02052 	0.0574498 	5.29901e-13 	
0.0244898 4.78867 	0.0499721 	7.73854e-14 	
0.0260204 4.56926 	0.0421075 	1.79918e-12 	
0.027551 4.3479 	0.0326022 	1.32036e-12 	
0.0290816 4.13982 	0.0229549 	1.6591e-12 	
0.0306122 3.94032 	0.0127868 	4.46424e-12 	
0.0321429 3.74986 	0.00216297 	1.95059e-12 	
0.0336735 3.57346 	-0.00818792 	1.01936e-11 	
0.0352041 3.41412 	-0.0188667 	4.66277e-12 	
0.0367347 3.27061 	-0.0291683 	3.54301e-12 	
0.0382653 3.15687 	-0.0370346 	3.09453e-12 	
0.0397959 3.07025 	-0.042738 	1.84329e-12 	
0.0413265 2.99825 	-0.0472577 	3.92772e-12 	
0.0428571 2.98299 	-0.0464833 	8.86753e-13 	
0.0443878 2.96935 	-0.0457828 	2.68631e-12 	
0.0459184 2.9645 	-0.0445698 	2.29732e-12 	
0.047449 2.96701 	-0.0429414 	-6.28001e-13 	
0.0489796 2.96929 	-0.0414655 	-3.39791e-12 	
0.0505102 2.97177 	-0.0403565 	-2.2187e-12 	
0.0520408 2.97427 	-0.0394244 	2.18794e-12 	
0.0535714 2.97661 	-0.0386016 	1.14121e-11 	
0.055102 2.97892 	-0.0375061 	1.00678e-11 	
0.0566327 2.9812 	-0.0362101 	1.38415e-12 	
0.0581633 2.98333 	-0.0350277 	4.61956e-13 	
0.0596939 2.9854 	-0.0339568 	8.14066e-13 	
0.0612245 2.98718 	-0.0335336 	3.35066e-13 	
0.0627551 2.98892 	-0.0331311 	-2.48144e-12 	
0.0642857 2.99056 	-0.0327751 	-9.62586e-12 	
0.0658163 2.99201 	-0.0321297 	-1.18811e-11 	
0.0673469 2.9931 	-0.0309146 	-4.51221e-12 	
0.0688776 2.99416 	-0.0297378 	-2.14116e-12 	
0.0704082 2.99516 	-0.0286416 	-7.61065e-12 	
0.0719388 2.99598 	-0.0277441 	-1.1031e-11 	
0.0734694 2.99598 	-0.0277248 	-5.39501e-12 	
