0 82.8638
0.00153061 82.9792
0.00306122 83.303
0.00459184 83.7643
0.00612245 84.2483
0.00765306 84.6166
0.00918367 84.7334
0.0107143 84.4629
0.0122449 83.7251
0.0137755 82.394
0.0153061 80.4105
0.0168367 77.8165
0.0183673 74.6085
0.019898 70.8578
0.0214286 66.6589
0.0229592 61.8472
0.0244898 56.7323
0.0260204 51.5111
0.027551 45.9911
0.0290816 40.418
0.0306122 34.9853
0.0321429 29.5894
0.0336735 24.4267
0.0352041 19.5634
0.0367347 14.9923
0.0382653 11.01
0.0397959 7.60263
0.0413265 4.55447
0.0428571 2.93551
0.0443878 1.32302
0.0459184 0.553775
0.047449 0.309474
0.0489796 0.0753615
0.0505102 0.0125993
0.0520408 0.00734896
0.0535714 0.00231064
0.055102 0.000776277
0.0566327 0.000962182
0.0581633 0.00114809
0.0596939 0.0013518
0.0612245 0.0016928
0.0627551 0.00202458
0.0642857 0.00235597
0.0658163 0.00268532
0.0673469 0.0030197
0.0688776 0.00334815
0.0704082 0.00367661
0.0719388 0.00393665
0.0734694 0.00393662
