0 0.00233526 	-0.00010196 	-0.931494 	
0.000200401 0.107391 	0.000274398 	-0.948958 	
0.000400802 0.182025 	1.20737e-12 	-0.922405 	
0.000601202 0.279094 	1.88242e-12 	-0.916602 	
0.000801603 0.366225 	2.6393e-12 	-0.913099 	
0.001002 0.454042 	3.27706e-12 	-0.910364 	
0.0012024 0.544531 	3.97293e-12 	-0.908832 	
0.00140281 0.634503 	4.21422e-12 	-0.90688 	
0.00160321 0.725141 	4.24774e-12 	-0.904855 	
0.00180361 0.814436 	4.40163e-12 	-0.902021 	
0.00200401 0.903719 	4.91528e-12 	-0.899047 	
0.00220441 0.992161 	4.33808e-12 	-0.895436 	
0.00240481 1.08001 	4.03481e-12 	-0.891558 	
0.00260521 1.16747 	3.22218e-12 	-0.887342 	
0.00280561 1.25391 	2.12849e-12 	-0.882678 	
0.00300601 1.34009 	1.10629e-13 	-0.877836 	
0.00320641 1.42492 	2.64464e-13 	-0.872405 	
0.00340681 1.50963 	1.99402e-12 	-0.866947 	
0.00360721 1.59259 	3.11908e-12 	-0.860762 	
0.00380762 1.67562 	4.32864e-12 	-0.854649 	
0.00400802 1.75654 	3.21046e-12 	-0.847765 	
0.00420842 1.83705 	2.18541e-12 	-0.840696 	
0.00440882 1.91634 	1.34877e-12 	-0.833432 	
0.00460922 1.99446 	7.12193e-13 	-0.825629 	
0.00480962 2.07161 	2.23434e-13 	-0.817774 	
0.00501002 2.1471 	-1.71832e-13 	-0.809243 	
0.00521042 2.22193 	-5.93643e-13 	-0.800802 	
0.00541082 2.29456 	-8.67454e-13 	-0.791551 	
0.00561122 2.36692 	-1.14322e-12 	-0.782528 	
0.00581162 2.43646 	-1.19109e-12 	-0.772563 	
0.00601202 2.50549 	-1.23002e-12 	-0.762462 	
0.00621242 2.57238 	-1.34299e-12 	-0.752289 	
0.00641283 2.63804 	-1.44862e-12 	-0.741482 	
0.00661323 2.70196 	-1.59742e-12 	-0.73074 	
0.00681363 2.76401 	-1.69729e-12 	-0.719233 	
0.00701403 2.82479 	-1.77012e-12 	-0.707925 	
0.00721443 2.88302 	-1.88114e-12 	-0.695722 	
0.00741483 2.9405 	-2.03634e-12 	-0.683852 	
0.00761523 2.99468 	-2.21857e-12 	-0.670955 	
0.00781563 3.04851 	-2.59106e-12 	-0.658124 	
0.00801603 3.09861 	-2.5109e-12 	-0.644932 	
0.00821643 3.14782 	-2.58814e-12 	-0.63121 	
0.00841683 3.19443 	-2.62804e-12 	-0.61765 	
0.00861723 3.23911 	-2.6541e-12 	-0.603232 	
0.00881764 3.28178 	-2.66756e-12 	-0.589106 	
0.00901804 3.32168 	-2.67125e-12 	-0.573983 	
0.00921844 3.36024 	-2.66913e-12 	-0.55928 	
0.00941884 3.39515 	-2.65392e-12 	-0.543438 	
0.00961924 3.42945 	-2.69996e-12 	-0.528036 	
0.00981964 3.45912 	-2.57964e-12 	-0.511568 	
0.01002 3.48796 	-2.52203e-12 	-0.494845 	
0.0102204 3.51317 	-2.3951e-12 	-0.478329 	
0.0104208 3.53649 	-2.29997e-12 	-0.46083 	
0.0106212 3.5569 	-2.2309e-12 	-0.443664 	
0.0108216 3.57444 	-2.21365e-12 	-0.425349 	
0.011022 3.58985 	-2.23941e-12 	-0.407502 	
0.0112224 3.60134 	-1.7915e-12 	-0.38832 	
0.0114228 3.61157 	-1.08205e-12 	-0.369751 	
0.0116232 3.61675 	-1.40717e-12 	-0.349645 	
0.0118236 3.62092 	-1.77678e-12 	-0.329361 	
0.012024 3.62015 	-1.8548e-12 	-0.309202 	
0.0122244 3.61764 	-1.8955e-12 	-0.287894 	
0.0124248 3.61103 	-1.83846e-12 	-0.266861 	
0.0126253 3.60153 	-1.79858e-12 	-0.24444 	
0.0128257 3.58887 	-1.7668e-12 	-0.222434 	
0.0130261 3.57208 	-1.70146e-12 	-0.198789 	
0.0132265 3.55315 	-1.6044e-12 	-0.17575 	
0.0134269 3.52889 	-1.63608e-12 	-0.15072 	
0.0136273 3.50368 	-1.7946e-12 	-0.12584 	
0.0138277 3.47181 	-1.62509e-12 	-0.100022 	
0.0140281 3.43872 	-1.56908e-12 	-0.0733191 	
0.0142285 3.39995 	-1.50759e-12 	-0.0467513 	
0.0144289 3.3581 	-1.44559e-12 	-0.0185498 	
0.0146293 3.3112 	-1.3581e-12 	0.00947106 	
0.0148297 3.26012 	-1.32935e-12 	0.0393387 	
0.0150301 3.20566 	-1.33434e-12 	0.0686687 	
0.0152305 3.14596 	-1.30431e-12 	0.100003 	
0.0154309 3.08443 	-1.27956e-12 	0.130623 	
0.0156313 3.01591 	-1.24302e-12 	0.16309 	
0.0158317 2.94612 	-1.21643e-12 	0.195883 	
0.0160321 2.86916 	-1.07509e-12 	0.228073 	
0.0162325 2.79004 	-9.60104e-13 	0.261575 	
0.0164329 2.70499 	-8.49558e-13 	0.293981 	
0.0166333 2.61622 	-6.94597e-13 	0.327317 	
0.0168337 2.52281 	-4.5332e-13 	0.359039 	
0.0170341 2.42432 	-3.4968e-13 	0.390836 	
0.0172345 2.32269 	-2.75687e-13 	0.420779 	
0.0174349 2.21414 	-1.72756e-13 	0.448651 	
0.0176353 2.10409 	-6.92893e-14 	0.475672 	
0.0178357 1.98606 	-1.0242e-13 	0.495625 	
0.0180361 1.86616 	-1.13209e-13 	0.513895 	
0.0182365 1.73783 	-5.5225e-14 	0.521498 	
0.0184369 1.60702 	-9.06963e-14 	0.522935 	
0.0186373 1.47166 	-2.55919e-13 	0.512109 	
0.0188377 1.32154 	-4.76373e-13 	0.488142 	
0.0190381 1.16244 	-7.75452e-13 	0.449536 	
0.0192385 0.988361 	-1.51788e-12 	0.571456 	
0.0194389 0.808923 	-2.37323e-12 	0.73611 	
0.0196393 0.37926 	-2.97142e-12 	2.00231 	
0.0198397 -0.0178841 	-3.3276e-12 	3.86572 	
0.0200401 -0.30136 	-2.55517e-12 	8.24396 	
0.0202405 -0.422682 	-2.37633e-12 	11.4409 	
0.0204409 -0.288829 	-3.14004e-12 	12.8173 	
0.0206413 -0.254775 	-3.54636e-12 	13.7586 	
0.0208417 -0.29246 	-3.80168e-12 	14.3739 	
0.0210421 -0.313002 	-4.06846e-12 	14.8591 	
0.0212425 -0.327886 	-4.44638e-12 	15.303 	
0.0214429 -0.339242 	-4.31843e-12 	15.658 	
0.0216433 -0.350233 	-4.25495e-12 	15.9993 	
0.0218437 -0.360151 	-4.19448e-12 	16.2852 	
0.0220441 -0.369704 	-4.09894e-12 	16.5552 	
0.0222445 -0.378666 	-3.87186e-12 	16.792 	
0.0224449 -0.386931 	-3.73613e-12 	17.0083 	
0.0226453 -0.394629 	-3.6484e-12 	17.205 	
0.0228457 -0.401276 	-3.4172e-12 	17.377 	
0.0230461 -0.407537 	-3.08444e-12 	17.5386 	
0.0232465 -0.412474 	-2.91586e-12 	17.6718 	
0.0234469 -0.417149 	-2.75605e-12 	17.7991 	
0.0236473 -0.420577 	-2.75338e-12 	17.8989 	
0.0238477 -0.423631 	-2.71135e-12 	17.9913 	
0.0240481 -0.425761 	-2.50351e-12 	18.0632 	
0.0242485 -0.427302 	-2.38283e-12 	18.1231 	
0.0244489 -0.428193 	-2.33326e-12 	18.1688 	
0.0246493 -0.428286 	-2.28305e-12 	18.1982 	
0.0248497 -0.427973 	-2.22107e-12 	18.2185 	
0.0250501 -0.426791 	-2.30499e-12 	18.222 	
0.0252505 -0.425458 	-2.57819e-12 	18.2216 	
0.0254509 -0.423184 	-2.3689e-12 	18.2011 	
0.0256513 -0.42075 	-2.31996e-12 	18.1767 	
0.0258517 -0.417671 	-2.23373e-12 	18.1367 	
0.0260521 -0.414249 	-2.1521e-12 	18.0894 	
0.0262525 -0.410366 	-2.04519e-12 	18.0306 	
0.0264529 -0.406017 	-1.98591e-12 	17.9609 	
0.0266533 -0.401378 	-1.94604e-12 	17.8831 	
0.0268537 -0.396162 	-1.936e-12 	17.7909 	
0.0270541 -0.390808 	-1.94979e-12 	17.6943 	
0.0272545 -0.384776 	-2.01075e-12 	17.5798 	
0.0274549 -0.378623 	-2.08691e-12 	17.4617 	
0.0276553 -0.371945 	-2.146e-12 	17.3271 	
0.0278557 -0.365034 	-2.16405e-12 	17.1863 	
0.0280561 -0.357737 	-2.09112e-12 	17.0321 	
0.0282565 -0.350104 	-2.11611e-12 	16.8675 	
0.0284569 -0.34221 	-2.24425e-12 	16.6928 	
0.0286573 -0.33388 	-2.3191e-12 	16.5027 	
0.0288577 -0.325404 	-2.38874e-12 	16.3057 	
0.0290581 -0.316387 	-2.49e-12 	16.0867 	
0.0292585 -0.307258 	-2.59416e-12 	15.8626 	
0.0294589 -0.297581 	-2.77524e-12 	15.611 	
0.0296593 -0.287667 	-2.88219e-12 	15.3502 	
0.0298597 -0.27719 	-2.7949e-12 	15.0625 	
0.0300601 -0.266176 	-2.71823e-12 	14.7541 	
0.0302605 -0.254577 	-2.62916e-12 	14.4197 	
0.0304609 -0.242263 	-2.57321e-12 	14.0447 	
0.0306613 -0.229655 	-2.52248e-12 	13.6459 	
0.0308617 -0.217857 	-2.37875e-12 	13.1654 	
0.0310621 -0.206382 	-2.38157e-12 	12.6662 	
0.0312625 -0.212556 	-1.94404e-12 	11.9741 	
0.0314629 -0.18894 	-1.65349e-12 	11.141 	
0.0316633 -0.0371887 	-1.00548e-12 	9.71329 	
0.0318637 0.0134522 	1.47681e-12 	7.32484 	
0.0320641 -0.105001 	8.27115e-12 	3.2881 	
0.0322645 -0.317125 	1.29492e-11 	1.11676 	
0.0324649 -0.591247 	1.74113e-11 	0.123908 	
0.0326653 -0.61329 	1.82686e-11 	-0.0960874 	
0.0328657 -0.605685 	1.8847e-11 	-0.187879 	
0.0330661 -0.61324 	1.857e-11 	-0.158959 	
0.0332665 -0.615004 	1.82693e-11 	-0.135493 	
0.0334669 -0.607046 	1.78016e-11 	-0.116246 	
0.0336673 -0.599746 	1.66934e-11 	-0.100838 	
0.0338677 -0.592584 	1.48836e-11 	-0.0871936 	
0.0340681 -0.583646 	1.41756e-11 	-0.076747 	
0.0342685 -0.574005 	1.4003e-11 	-0.0668531 	
0.0344689 -0.56416 	1.27468e-11 	-0.059667 	
0.0346693 -0.554353 	1.19008e-11 	-0.0527651 	
0.0348697 -0.544531 	1.04049e-11 	-0.0475399 	
0.0350701 -0.534998 	9.64423e-12 	-0.0426729 	
0.0352705 -0.525635 	1.11151e-11 	-0.0388314 	
0.0354709 -0.51662 	1.24698e-11 	-0.0353241 	
0.0356713 -0.507835 	1.42223e-11 	-0.0324423 	
0.0358717 -0.499435 	1.52419e-11 	-0.0298472 	
0.0360721 -0.49126 	1.57221e-11 	-0.0276503 	
0.0362725 -0.483467 	1.50894e-11 	-0.0256845 	
0.0364729 -0.475862 	1.32947e-11 	-0.0239802 	
0.0366733 -0.46861 	1.26958e-11 	-0.022457 	
0.0368737 -0.461512 	1.27492e-11 	-0.0211149 	
0.0370741 -0.45473 	1.26128e-11 	-0.0199102 	
0.0372745 -0.44808 	1.23296e-11 	-0.0188376 	
0.0374749 -0.441704 	1.20511e-11 	-0.0178665 	
0.0376754 -0.435447 	1.17028e-11 	-0.0169974 	
0.0378758 -0.42942 	1.27543e-11 	-0.0162011 	
0.0380762 -0.423509 	1.4924e-11 	-0.0154883 	
0.0382766 -0.417787 	1.60282e-11 	-0.0148255 	
0.038477 -0.412183 	1.67015e-11 	-0.0142343 	
0.0386774 -0.406727 	1.70503e-11 	-0.013675 	
0.0388778 -0.401397 	1.72147e-11 	-0.0131794 	
0.0390782 -0.396176 	1.73599e-11 	-0.0127014 	
0.0392786 -0.391091 	1.75389e-11 	-0.0122818 	
0.039479 -0.386079 	1.76455e-11 	-0.0118688 	
0.0396794 -0.381216 	1.76488e-11 	-0.0115101 	
0.0398798 -0.37639 	1.73911e-11 	-0.0111495 	
0.0400802 -0.371728 	1.54198e-11 	-0.0108401 	
0.0402806 -0.367076 	1.39817e-11 	-0.0105232 	
0.040481 -0.362591 	1.34088e-11 	-0.0102531 	
0.0406814 -0.358113 	1.30947e-11 	-0.00998406 	
0.0408818 -0.353775 	1.30157e-11 	-0.00973462 	
0.0410822 -0.349466 	1.29318e-11 	-0.00949869 	
0.0412826 -0.345253 	1.28833e-11 	-0.00927297 	
0.041483 -0.341099 	1.28355e-11 	-0.00906454 	
0.0416834 -0.337001 	1.27889e-11 	-0.00885898 	
0.0418838 -0.332993 	1.27244e-11 	-0.00867351 	
0.0420842 -0.329001 	1.2661e-11 	-0.00848522 	
0.0422846 -0.325127 	1.25318e-11 	-0.00831907 	
0.042485 -0.321259 	1.28987e-11 	-0.00815087 	
0.0426854 -0.317486 	1.21439e-11 	-0.00799587 	
0.0428858 -0.313739 	1.18425e-11 	-0.00784606 	
0.0430862 -0.310055 	1.17063e-11 	-0.00769954 	
0.0432866 -0.306426 	1.16045e-11 	-0.00756369 	
0.043487 -0.30282 	1.15452e-11 	-0.00742652 	
0.0436874 -0.299304 	1.1542e-11 	-0.00730269 	
0.0438878 -0.295797 	1.2422e-11 	-0.00717532 	
0.0440882 -0.292359 	1.15551e-11 	-0.00706041 	
0.0442886 -0.288949 	1.15727e-11 	-0.00694697 	
0.044489 -0.285584 	1.15185e-11 	-0.00683461 	
0.0446894 -0.282274 	1.14092e-11 	-0.0067302 	
0.0448898 -0.278968 	1.12714e-11 	-0.00662341 	
0.0450902 -0.275754 	1.08337e-11 	-0.006527 	
0.0452906 -0.27254 	1.0396e-11 	-0.00643058 	
0.045491 -0.269381 	1.03573e-11 	-0.00633587 	
0.0456914 -0.266258 	1.03678e-11 	-0.00624641 	
0.0458918 -0.263147 	1.04022e-11 	-0.00615552 	
0.0460922 -0.26011 	1.05079e-11 	-0.00607218 	
0.0462926 -0.257074 	1.06137e-11 	-0.00598883 	
0.046493 -0.254092 	1.08122e-11 	-0.00590689 	
0.0466934 -0.251139 	1.10588e-11 	-0.00582894 	
0.0468938 -0.248196 	1.06516e-11 	-0.0057497 	
0.0470942 -0.245322 	8.78307e-12 	-0.00567653 	
0.0472946 -0.242449 	6.9145e-12 	-0.00560337 	
0.047495 -0.23962 	7.6711e-12 	-0.00553094 	
0.0476954 -0.236823 	8.82529e-12 	-0.00546203 	
0.0478958 -0.234027 	9.56575e-12 	-0.00539155 	
0.0480962 -0.231304 	9.69297e-12 	-0.00532646 	
0.0482966 -0.22858 	9.8202e-12 	-0.00526137 	
0.048497 -0.225886 	9.65326e-12 	-0.00519622 	
0.0486974 -0.223233 	9.33602e-12 	-0.00513459 	
0.0488978 -0.220567 	9.13165e-12 	-0.00507092 	
0.0490982 -0.217981 	8.59362e-12 	-0.00501256 	
0.0492986 -0.215396 	8.10764e-12 	-0.00495419 	
0.049499 -0.21282 	7.94179e-12 	-0.00489496 	
0.0496994 -0.210301 	8.11125e-12 	-0.00483962 	
0.0498998 -0.207782 	8.28072e-12 	-0.00478428 	
0.0501002 -0.205292 	7.15427e-12 	-0.00472896 	
0.0503006 -0.202836 	5.44882e-12 	-0.00467637 	
0.050501 -0.200371 	4.1451e-12 	-0.0046219 	
0.0507014 -0.197971 	2.47892e-12 	-0.00457187 	
0.0509018 -0.195577 	8.87022e-13 	-0.0045218 	
0.0511022 -0.193182 	1.71247e-13 	-0.00447056 	
0.0513026 -0.190848 	9.50769e-13 	-0.00442277 	
0.051503 -0.188514 	1.73029e-12 	-0.00437498 	
0.0517034 -0.186191 	1.93925e-12 	-0.00432653 	
0.0519038 -0.183915 	1.84292e-12 	-0.00428082 	
0.0521042 -0.181638 	1.7466e-12 	-0.00423511 	
0.0523046 -0.179384 	1.89339e-12 	-0.00418911 	
0.052505 -0.177163 	2.12529e-12 	-0.0041453 	
0.0527054 -0.174942 	2.49734e-12 	-0.00410026 	
0.0529058 -0.172753 	2.19769e-12 	-0.00405762 	
0.0531062 -0.170587 	2.02825e-12 	-0.00401554 	
0.0533066 -0.168405 	1.89348e-12 	-0.00397195 	
0.053507 -0.166292 	1.71002e-12 	-0.00393145 	
0.0537074 -0.164179 	1.52656e-12 	-0.00389095 	
0.0539078 -0.162055 	1.44267e-12 	-0.00384914 	
0.0541082 -0.159993 	1.78365e-12 	-0.00381008 	
0.0543086 -0.157931 	2.12462e-12 	-0.00377101 	
0.054509 -0.155863 	2.42792e-12 	-0.00373076 	
0.0547094 -0.153851 	2.93761e-12 	-0.003693 	
0.0549098 -0.151839 	3.44731e-12 	-0.00365523 	
0.0551102 -0.149823 	3.81947e-12 	-0.00361633 	
0.0553106 -0.14786 	4.21054e-12 	-0.00357975 	
0.055511 -0.145897 	4.6016e-12 	-0.00354317 	
0.0557114 -0.14393 	4.8748e-12 	-0.00350546 	
0.0559118 -0.142015 	5.1383e-12 	-0.00346994 	
0.0561122 -0.1401 	5.4018e-12 	-0.00343442 	
0.0563126 -0.13818 	5.72832e-12 	-0.00339775 	
0.056513 -0.136311 	6.46562e-12 	-0.00336319 	
0.0567134 -0.134442 	7.20291e-12 	-0.00332863 	
0.0569138 -0.132566 	7.77923e-12 	-0.00329285 	
0.0571142 -0.130743 	8.51772e-12 	-0.00325915 	
0.0573146 -0.12892 	9.25621e-12 	-0.00322544 	
0.057515 -0.127085 	9.79262e-12 	-0.00319045 	
0.0577154 -0.125307 	1.02187e-11 	-0.0031575 	
0.0579158 -0.123528 	1.06448e-11 	-0.00312455 	
0.0581162 -0.121734 	1.09679e-11 	-0.00309022 	
0.0583166 -0.119999 	1.05576e-11 	-0.00305795 	
0.058517 -0.118264 	1.01474e-11 	-0.00302567 	
0.0587174 -0.116526 	1.03686e-11 	-0.00299188 	
0.0589178 -0.114814 	9.84253e-12 	-0.00296023 	
0.0591182 -0.113122 	9.92414e-12 	-0.00292854 	
0.0593186 -0.11143 	1.00057e-11 	-0.00289685 	
0.059519 -0.10975 	1.03375e-11 	-0.00286409 	
0.0597194 -0.108101 	1.08165e-11 	-0.00283291 	
0.0599198 -0.106451 	1.12954e-11 	-0.00280172 	
0.0601202 -0.104804 	1.19749e-11 	-0.00276931 	
0.0603206 -0.103196 	1.31336e-11 	-0.00273855 	
0.060521 -0.101588 	1.42923e-11 	-0.0027078 	
0.0607214 -0.0999719 	1.4962e-11 	-0.00267566 	
0.0609218 -0.0984049 	1.50484e-11 	-0.00264526 	
0.0611222 -0.0968379 	1.51348e-11 	-0.00261486 	
0.0613226 -0.0952619 	1.59264e-11 	-0.00258256 	
0.061523 -0.0937242 	1.52969e-11 	-0.00255284 	
0.0617234 -0.0921977 	1.5394e-11 	-0.00252272 	
0.0619238 -0.0906712 	1.5491e-11 	-0.0024926 	
0.0621242 -0.0891515 	1.53261e-11 	-0.00246111 	
0.0623246 -0.087665 	1.50173e-11 	-0.00243121 	
0.0625251 -0.0861786 	1.47084e-11 	-0.00240132 	
0.0627255 -0.0846843 	1.43552e-11 	-0.00236991 	
0.0629259 -0.0832375 	1.35207e-11 	-0.00234017 	
0.0631263 -0.0817907 	1.26863e-11 	-0.00231043 	
0.0633267 -0.0803398 	1.2468e-11 	-0.00227947 	
0.0635271 -0.0789129 	1.19756e-11 	-0.00224944 	
0.0637275 -0.0775054 	1.20536e-11 	-0.0022198 	
0.0639279 -0.0760979 	1.21316e-11 	-0.00219016 	
0.0641283 -0.074689 	1.22898e-11 	-0.00215888 	
0.0643287 -0.0733205 	1.26221e-11 	-0.00212928 	
0.0645291 -0.071952 	1.29544e-11 	-0.00209968 	
0.0647295 -0.070573 	1.38883e-11 	-0.00206807 	
0.0649299 -0.0692341 	1.20475e-11 	-0.00203877 	
0.0651303 -0.0679044 	1.07558e-11 	-0.00200916 	
0.0653307 -0.0665748 	9.46416e-12 	-0.00197954 	
0.0655311 -0.0652443 	8.72317e-12 	-0.00194813 	
0.0657315 -0.0639534 	7.98809e-12 	-0.00191846 	
0.0659319 -0.0626625 	7.25302e-12 	-0.00188878 	
0.0661323 -0.0613646 	7.20888e-12 	-0.0018572 	
0.0663327 -0.0600972 	4.89077e-12 	-0.00182748 	
0.0665331 -0.0588449 	2.89166e-12 	-0.00179769 	
0.0667335 -0.0575926 	8.9254e-13 	-0.0017679 	
0.0669339 -0.0563342 	3.13772e-13 	-0.00173614 	
0.0671343 -0.0551205 	1.74075e-12 	-0.00170619 	
0.0673347 -0.0539068 	3.16772e-12 	-0.00167624 	
0.0675351 -0.0526931 	4.5947e-12 	-0.00164628 	
0.0677355 -0.0514878 	4.88708e-12 	-0.00161419 	
0.0679359 -0.0503128 	5.11299e-12 	-0.00158403 	
0.0681363 -0.0491378 	5.33891e-12 	-0.00155387 	
0.0683367 -0.0479485 	5.63645e-12 	-0.00152155 	
0.0685371 -0.0468092 	5.48328e-12 	-0.00149121 	
0.0687375 -0.045673 	5.45262e-12 	-0.00146081 	
0.0689379 -0.0445367 	5.42196e-12 	-0.0014304 	
0.0691383 -0.0433947 	5.38705e-12 	-0.00139772 	
0.0693387 -0.0422974 	5.3082e-12 	-0.00136702 	
0.0695391 -0.0412002 	5.22934e-12 	-0.00133633 	
0.0697395 -0.040103 	5.15049e-12 	-0.00130563 	
0.0699399 -0.0390099 	5.0999e-12 	-0.00127248 	
0.0701403 -0.0379518 	5.03494e-12 	-0.0012415 	
0.0703407 -0.0368938 	4.96999e-12 	-0.00121052 	
0.0705411 -0.0358357 	4.90503e-12 	-0.00117954 	
0.0707415 -0.0347905 	4.83209e-12 	-0.00114592 	
0.0709419 -0.033772 	4.73136e-12 	-0.00111465 	
0.0711423 -0.0327536 	4.63064e-12 	-0.00108337 	
0.0713427 -0.0317247 	4.88152e-12 	-0.00104952 	
0.0715431 -0.0307367 	4.38575e-12 	-0.00101796 	
0.0717435 -0.0297582 	4.20462e-12 	-0.000986344 	
0.0719439 -0.0287797 	4.02349e-12 	-0.000954732 	
0.0721443 -0.0277865 	3.89129e-12 	-0.000920407 	
0.0723447 -0.0268485 	3.57038e-12 	-0.000888422 	
0.0725451 -0.0259105 	3.24946e-12 	-0.000856437 	
0.0727455 -0.0249725 	2.92855e-12 	-0.000824453 	
0.0729459 -0.0240235 	2.68033e-12 	-0.000789567 	
0.0731463 -0.0231264 	2.17165e-12 	-0.000757181 	
0.0733467 -0.0222294 	1.66298e-12 	-0.000724794 	
0.0735471 -0.0213324 	1.15431e-12 	-0.000692408 	
0.0737475 -0.0204263 	8.8989e-13 	-0.000656937 	
0.0739479 -0.019571 	1.12945e-12 	-0.000624123 	
0.0741483 -0.0187156 	1.369e-12 	-0.000591309 	
0.0743487 -0.0178602 	1.60856e-12 	-0.000558495 	
0.0745491 -0.016996 	1.50592e-12 	-0.000522432 	
0.0747495 -0.0161828 	-3.58179e-13 	-0.00048922 	
0.0749499 -0.0153696 	-2.22228e-12 	-0.000456008 	
0.0751503 -0.0145564 	-4.08638e-12 	-0.000422796 	
0.0753507 -0.0137328 	-5.15551e-12 	-0.000386176 	
0.0755511 -0.0129625 	-3.95297e-12 	-0.00035265 	
0.0757515 -0.0121921 	-2.75043e-12 	-0.000319123 	
0.0759519 -0.0114218 	-1.5479e-12 	-0.000285596 	
0.0761523 -0.0106382 	-6.86998e-13 	-0.00024852 	
0.0763527 -0.00991104 	-6.49281e-13 	-0.000214842 	
0.0765531 -0.0091845 	-6.10541e-13 	-0.000181196 	
0.0767535 -0.00845797 	-5.71801e-13 	-0.00014755 	
0.0769539 -0.00772126 	-5.52798e-13 	-0.000110744 	
0.0771543 -0.00703023 	-8.57736e-13 	-7.68497e-05 	
0.0773547 -0.00634857 	-1.23079e-12 	-4.35991e-05 	
0.0775551 -0.00566691 	-1.60385e-12 	-1.03484e-05 	
0.0777555 -0.00498525 	-1.9769e-12 	2.29022e-05 	
0.0779559 -0.00432162 	-2.46065e-12 	5.86645e-05 	
0.0781563 -0.00368555 	-3.16463e-12 	9.0071e-05 	
0.0783567 -0.00304948 	-3.86861e-12 	0.000121478 	
0.0785571 -0.00241342 	-4.5726e-12 	0.000152884 	
0.0787575 -0.00177941 	-4.627e-12 	0.000190911 	
0.0789579 -0.00117879 	-4.35108e-12 	0.000225875 	
0.0791583 -0.000578179 	-4.07517e-12 	0.00026084 	
0.0793587 2.24351e-05 	-3.79925e-12 	0.000295804 	
0.0795591 0.000627112 	-3.66821e-12 	0.000340994 	
0.0797595 0.0011617 	-3.74495e-12 	0.000388736 	
0.0799599 0.00169629 	-3.8217e-12 	0.000436477 	
0.0801603 0.00223088 	-3.89844e-12 	0.000484219 	
0.0803607 0.00276547 	-3.97518e-12 	0.000531961 	
0.0805611 0.00330322 	-4.18162e-12 	0.000581662 	
0.0807615 0.00377709 	-3.76011e-12 	0.000618582 	
0.0809619 0.00421982 	-3.29684e-12 	0.000646792 	
0.0811623 0.00466255 	-2.83356e-12 	0.000675001 	
0.0813627 0.00510528 	-2.37028e-12 	0.000703211 	
0.0815631 0.005548 	-1.90701e-12 	0.00073142 	
0.0817635 0.00599073 	-1.44373e-12 	0.00075963 	
0.0819639 0.0064373 	-1.22463e-12 	0.000798022 	
0.0821643 0.00682621 	-9.76648e-13 	0.000830692 	
0.0823647 0.00721512 	-7.28668e-13 	0.000863362 	
0.0825651 0.00760402 	-4.80689e-13 	0.000896032 	
0.0827655 0.00799293 	-2.32709e-13 	0.000928702 	
0.0829659 0.00838184 	1.52712e-14 	0.000961372 	
0.0831663 0.00877154 	1.49179e-13 	0.00100301 	
0.0833667 0.00908644 	2.7288e-13 	0.00103425 	
0.0835671 0.00940134 	3.96581e-13 	0.00106549 	
0.0837675 0.00971624 	5.20281e-13 	0.00109673 	
0.0839679 0.0100311 	6.43982e-13 	0.00112797 	
0.0841683 0.010346 	7.67683e-13 	0.00115922 	
0.0843687 0.0106452 	8.28087e-13 	0.00119926 	
0.0845691 0.0108909 	9.06677e-13 	0.001227 	
0.0847695 0.0111367 	9.85267e-13 	0.00125475 	
0.0849699 0.0113825 	1.06386e-12 	0.00128249 	
0.0851703 0.0116283 	1.14245e-12 	0.00131023 	
0.0853707 0.0118829 	1.29138e-12 	0.00134541 	
0.0855711 0.0120637 	1.25806e-12 	0.00137193 	
0.0857715 0.0122389 	1.32276e-12 	0.00139402 	
0.0859719 0.0124142 	1.38747e-12 	0.00141612 	
0.0861723 0.0125894 	1.45218e-12 	0.00143821 	
0.0863727 0.0127668 	1.54566e-12 	0.00146202 	
0.0865731 0.0128934 	1.5567e-12 	0.00148956 	
0.0867735 0.0129964 	1.61897e-12 	0.00150364 	
0.0869739 0.0130993 	1.68123e-12 	0.00151773 	
0.0871743 0.0132022 	1.7435e-12 	0.00153181 	
0.0873747 0.0133123 	1.92844e-12 	0.00155268 	
0.0875752 0.013348 	1.83318e-12 	0.0015778 	
0.0877756 0.0133708 	1.87828e-12 	0.00159439 	
0.087976 0.0133937 	1.92337e-12 	0.00161098 	
0.0881764 0.0134165 	1.96847e-12 	0.00162758 	
0.0883768 0.0134359 	1.99507e-12 	0.00166717 	
0.0885772 0.0133896 	2.01767e-12 	0.00171218 	
0.0887776 0.0133432 	2.04026e-12 	0.00175718 	
0.088978 0.0132968 	2.06286e-12 	0.00180219 	
0.0891784 0.0132584 	2.18651e-12 	0.00185177 	
0.0893788 0.0131723 	2.34964e-12 	0.00193317 	
0.0895792 0.0130735 	2.68e-12 	0.00201538 	
0.0897796 0.0129747 	3.01037e-12 	0.00209759 	
0.08998 0.0128759 	3.34073e-12 	0.0021798 	
0.0901804 0.0127548 	3.71971e-12 	0.0022681 	
0.0903808 0.0126125 	4.26373e-12 	0.00236043 	
0.0905812 0.0124702 	4.80775e-12 	0.00245275 	
0.0907816 0.0123292 	5.44524e-12 	0.00254481 	
0.090982 0.0121515 	5.59977e-12 	0.00263191 	
0.0911824 0.0119621 	5.94911e-12 	0.00272223 	
0.0913828 0.0117727 	6.29846e-12 	0.00281255 	
0.0915832 0.0115797 	6.41857e-12 	0.00289864 	
0.0917836 0.0113438 	4.43204e-12 	0.00298295 	
0.091984 0.0111079 	2.4455e-12 	0.00306727 	
0.0921844 0.0108719 	4.58969e-13 	0.00315158 	
0.0923848 0.0106095 	-8.1117e-13 	0.00322832 	
0.0925852 0.0103297 	-2.38121e-12 	0.00330479 	
0.0927856 0.0100498 	-3.95125e-12 	0.00338126 	
0.092986 0.00975799 	-4.878e-12 	0.00345309 	
0.0931864 0.00943943 	-5.30668e-12 	0.00352138 	
0.0933868 0.00912088 	-5.73536e-12 	0.00358967 	
0.0935872 0.00879596 	-6.07673e-12 	0.00365451 	
0.0937876 0.00844509 	-6.55916e-12 	0.00371414 	
0.093988 0.00809421 	-7.04158e-12 	0.00377378 	
0.0941884 0.00773657 	-7.04253e-12 	0.00382891 	
0.0943888 0.00736004 	-4.97104e-12 	0.00387741 	
0.0945892 0.00698351 	-2.89954e-12 	0.00392591 	
0.0947896 0.00659792 	-1.11462e-12 	0.00396634 	
0.09499 0.00620397 	1.29662e-12 	0.00400141 	
0.0951904 0.00581003 	3.70786e-12 	0.00403647 	
0.0953908 0.0054073 	3.41441e-12 	0.00405626 	
0.0955912 0.00500518 	2.5643e-12 	0.00407549 	
0.0957916 0.00460027 	2.01271e-12 	0.00408594 	
0.095992 0.00420015 	1.98105e-12 	0.00408716 	
0.0961924 0.00380003 	1.94939e-12 	0.00408839 	
0.0963928 0.00340722 	1.68062e-12 	0.00406696 	
0.0965932 0.00302005 	1.34958e-12 	0.00404881 	
0.0967936 0.00264354 	1.07154e-12 	0.00401109 	
0.096994 0.00228084 	7.428e-13 	0.00397378 	
0.0971944 0.00193094 	2.80755e-13 	0.00391828 	
0.0973948 0.00160436 	-4.62225e-13 	0.00386426 	
0.0975952 0.00129492 	-1.81368e-12 	0.00379179 	
0.0977956 0.00101518 	-4.21646e-12 	0.00372543 	
0.097996 0.000761438 	-4.34847e-12 	0.00363984 	
0.0981964 0.00053643 	-3.0507e-12 	0.00356604 	
0.0983968 0.000351299 	-2.62672e-12 	0.00346712 	
0.0985972 0.000184278 	-2.35019e-12 	0.00336551 	
0.0987976 8.13903e-05 	-2.2934e-12 	0.00324937 	
0.098998 -3.37173e-06 	-2.12867e-12 	0.00308744 	
0.0991984 -5.7672e-05 	-1.8014e-12 	0.00288381 	
0.0993988 -6.44977e-05 	-1.22578e-12 	0.00250854 	
0.0995992 -5.50927e-05 	-7.1089e-13 	0.00191069 	
0.0997996 -2.94688e-05 	-2.54969e-13 	0.000997438 	
