0.001 31.957 	0.0011839 	-3.32361e-19 	
0.0101633 31.6352 	0.00174211 	-8.59076e-13 	
0.0193265 31.3031 	0.00172438 	4.51073e-14 	
0.0284898 30.9589 	0.00189543 	8.19902e-14 	
0.0376531 30.5308 	0.00276524 	7.36387e-13 	
0.0468163 29.7965 	0.00526707 	1.22808e-13 	
0.0559796 28.3784 	0.00990219 	4.01893e-12 	
0.0651429 26.2823 	0.012603 	-3.6675e-14 	
0.0743061 23.999 	0.0122706 	-1.45263e-13 	
0.0834694 21.8828 	0.0109013 	1.6644e-13 	
0.0926327 20.0388 	0.00943205 	-2.38208e-14 	
0.101796 18.4641 	0.00789409 	1.39006e-13 	
0.110959 17.127 	0.0066177 	-1.8819e-12 	
0.120122 15.9884 	0.00563823 	-2.4833e-12 	
0.129286 15.013 	0.004839 	6.63102e-13 	
0.138449 14.1723 	0.00428293 	1.32779e-13 	
0.147612 13.4434 	0.00366043 	-2.70977e-13 	
0.156776 12.8057 	0.00323117 	3.7492e-14 	
0.165939 12.2459 	0.00279831 	-5.53443e-13 	
0.175102 11.7509 	0.00251506 	2.19919e-13 	
0.184265 11.3105 	0.00226139 	1.74689e-13 	
0.193429 10.9177 	0.00201069 	2.00454e-12 	
0.202592 10.5651 	0.00180094 	7.50406e-14 	
0.211755 10.2475 	0.00162995 	9.53499e-14 	
0.220918 9.96024 	0.00148403 	2.15886e-13 	
0.230082 9.69983 	0.00133667 	5.10246e-13 	
0.239245 9.46254 	0.00120408 	3.1669e-14 	
0.248408 9.24562 	0.0010945 	-2.03938e-13 	
0.257571 9.04724 	0.00102932 	-6.72109e-13 	
0.266735 8.86545 	0.000926747 	3.51759e-13 	
0.275898 8.69793 	0.00085796 	-2.70885e-13 	
0.285061 8.54393 	0.000790843 	2.23279e-13 	
0.294224 8.40149 	0.000728838 	-5.22935e-13 	
0.303388 8.27017 	0.000673367 	-3.27367e-13 	
0.312551 8.14835 	0.000631521 	1.82282e-12 	
0.321714 8.03576 	0.000571044 	-2.8826e-13 	
0.330878 7.93147 	0.000539794 	3.48339e-13 	
0.340041 7.83459 	0.000500963 	-1.9105e-12 	
0.349204 7.74487 	0.000453554 	-1.48566e-14 	
0.358367 7.66184 	0.000427242 	-1.20589e-14 	
0.367531 7.58459 	0.000402183 	-1.06912e-13 	
0.376694 7.51289 	0.000372939 	-7.33707e-14 	
0.385857 7.44628 	0.000340918 	1.63678e-13 	
0.39502 7.3842 	0.000316164 	-2.17674e-13 	
0.404184 7.32621 	0.000298724 	-7.22539e-14 	
0.413347 7.2717 	0.000283088 	-4.56279e-13 	
0.42251 7.2202 	0.000269269 	4.85018e-13 	
0.431673 7.17126 	0.00025732 	2.61383e-12 	
0.440837 7.12447 	0.000246907 	1.87666e-13 	
0.45 7.07949 	0.000238305 	7.68387e-14 	
