0 7.07955 	4.65903e-05 	2.03417e-06 	
0.00153061 7.0728 	0.00380233 	7.78364e-13 	
0.00306122 7.05234 	0.00751934 	1.9671e-12 	
0.00459184 7.01822 	0.0111018 	1.48526e-12 	
0.00612245 6.97143 	0.0144908 	4.18384e-12 	
0.00765306 6.91179 	0.0175787 	5.47346e-12 	
0.00918367 6.841 	0.0203233 	6.5878e-12 	
0.0107143 6.75973 	0.0226801 	6.42391e-12 	
0.0122449 6.66883 	0.0246202 	3.43857e-12 	
0.0137755 6.57001 	0.0261098 	5.24009e-12 	
0.0153061 6.46221 	0.0271012 	4.05436e-12 	
0.0168367 6.34849 	0.0276132 	4.36308e-12 	
0.0183673 6.22941 	0.0276437 	2.9514e-12 	
0.019898 6.10639 	0.0272074 	2.63354e-12 	
0.0214286 5.97966 	0.026286 	2.16841e-12 	
0.0229592 5.84733 	0.0247656 	7.04332e-13 	
0.0244898 5.71508 	0.0228727 	1.88728e-12 	
0.0260204 5.58316 	0.0206699 	6.2647e-12 	
0.027551 5.44613 	0.0177481 	5.02888e-12 	
0.0290816 5.31158 	0.0146218 	5.32248e-12 	
0.0306122 5.17643 	0.0110972 	7.36255e-12 	
0.0321429 5.04221 	0.00706204 	6.36937e-12 	
0.0336735 4.90872 	0.00271345 	6.19946e-12 	
0.0352041 4.77614 	-0.00206182 	5.32717e-12 	
0.0367347 4.64424 	-0.00706279 	6.56391e-12 	
0.0382653 4.51612 	-0.0125424 	6.67155e-12 	
0.0397959 4.38881 	-0.0186264 	8.16021e-12 	
0.0413265 4.26846 	-0.024601 	1.2485e-11 	
0.0428571 4.16311 	-0.0312675 	6.76862e-12 	
0.0443878 4.06075 	-0.0377588 	4.98575e-12 	
0.0459184 3.99472 	-0.0413222 	4.31755e-12 	
0.047449 3.96136 	-0.0421737 	5.50252e-12 	
0.0489796 3.92708 	-0.0431838 	8.61667e-12 	
0.0505102 3.91573 	-0.0424316 	6.86199e-12 	
0.0520408 3.91577 	-0.0409276 	1.22533e-11 	
0.0535714 3.9156 	-0.0394352 	2.03294e-11 	
0.055102 3.91619 	-0.0381748 	1.79303e-11 	
0.0566327 3.91779 	-0.0371101 	9.68022e-12 	
0.0581633 3.91938 	-0.0360501 	2.33389e-12 	
0.0596939 3.9209 	-0.0351082 	1.23257e-12 	
0.0612245 3.92227 	-0.0344684 	1.17882e-12 	
0.0627551 3.92359 	-0.0338728 	7.86974e-13 	
0.0642857 3.9249 	-0.0332806 	6.67634e-13 	
0.0658163 3.92595 	-0.0325102 	1.10003e-12 	
0.0673469 3.92654 	-0.0313881 	-2.1907e-12 	
0.0688776 3.92712 	-0.0302953 	-7.05568e-12 	
0.0704082 3.92769 	-0.0292081 	-1.22468e-11 	
0.0719388 3.92814 	-0.0283674 	-1.77647e-11 	
0.0734694 3.92814 	-0.0283543 	-1.15275e-11 	
