0 5.39339
0.00153061 9.95956
0.00306122 18.8605
0.00459184 22.1353
0.00612245 19.2723
0.00765306 13.2467
0.00918367 6.87762
0.0107143 2.25649
0.0122449 0.266212
0.0137755 0.00195905
0.0153061 0.000150336
0.0168367 0.000141105
0.0183673 0.000141198
0.019898 0.000141379
0.0214286 0.000141578
0.0229592 0.000141779
0.0244898 0.000141973
0.0260204 0.00014216
0.027551 0.000142331
0.0290816 0.000142493
0.0306122 0.000142643
0.0321429 0.000142782
0.0336735 0.000142914
0.0352041 0.000143035
0.0367347 0.00014315
0.0382653 0.000143259
0.0397959 0.000143364
0.0413265 0.000143468
0.0428571 0.00014357
0.0443878 0.000143672
0.0459184 0.000143821
0.047449 0.00014401
0.0489796 0.000144198
0.0505102 0.000145044
0.0520408 0.000146174
0.0535714 0.000147304
0.055102 0.000153383
0.0566327 0.000163319
0.0581633 0.000173255
0.0596939 0.000190457
0.0612245 0.000261745
0.0627551 0.000333034
0.0642857 0.000404323
0.0658163 0.000548384
0.0673469 0.000834894
0.0688776 0.00112141
0.0704082 0.00140792
0.0719388 0.00164135
0.0734694 0.00164135
