0 0.00512356
0.00153061 0.00512397
0.00306122 0.00513783
0.00459184 0.00514711
0.00612245 0.00512835
0.00765306 0.00505714
0.00918367 0.0049214
0.0107143 0.00471189
0.0122449 0.00443246
0.0137755 0.00407857
0.0153061 0.00364717
0.0168367 0.00315463
0.0183673 0.00260903
0.019898 0.0020254
0.0214286 0.00141466
0.0229592 0.000811317
0.0244898 0.000373009
0.0260204 6.84436e-05
0.027551 2.25714e-05
0.0290816 9.33992e-07
0.0306122 3.66076e-07
0.0321429 2.10479e-07
0.0336735 2.09925e-07
0.0352041 2.10864e-07
0.0367347 2.12357e-07
0.0382653 2.15979e-07
0.0397959 2.21534e-07
0.0413265 2.291e-07
0.0428571 2.49192e-07
0.0443878 2.68414e-07
0.0459184 3.17317e-07
0.047449 3.90426e-07
0.0489796 4.58867e-07
0.0505102 6.64878e-07
0.0520408 9.30097e-07
0.0535714 1.18033e-06
0.055102 1.797e-06
0.0566327 2.69685e-06
0.0581633 3.56614e-06
0.0596939 4.61725e-06
0.0612245 7.17336e-06
0.0627551 9.69036e-06
0.0642857 1.21112e-05
0.0658163 1.52448e-05
0.0673469 1.97981e-05
0.0688776 2.41982e-05
0.0704082 2.85162e-05
0.0719388 3.06419e-05
0.0734694 2.30995e-05
