0 29.3926 	0 	0 	
0.00153061 27.5996 	0.129795 	3.04836e-12 	
0.00306122 22.9018 	0.261118 	3.04366e-12 	
0.00459184 17.5654 	0.280247 	5.41295e-13 	
0.00612245 12.745 	0.184433 	5.95325e-13 	
0.00765306 8.81337 	0.0169346 	1.33946e-12 	
0.00918367 5.83409 	-0.172017 	1.76234e-12 	
0.0107143 3.88845 	-0.32469 	5.23806e-12 	
0.0122449 3.00368 	-0.380804 	7.18257e-12 	
0.0137755 2.88688 	-0.352523 	1.13838e-11 	
0.0153061 2.90358 	-0.320332 	1.97033e-11 	
0.0168367 2.91941 	-0.293869 	2.31605e-11 	
0.0183673 2.93373 	-0.271746 	1.74396e-11 	
0.019898 2.94669 	-0.252978 	7.90137e-12 	
0.0214286 2.95839 	-0.237008 	-1.03022e-12 	
0.0229592 2.96879 	-0.223656 	-7.78331e-13 	
0.0244898 2.97832 	-0.211878 	-8.24311e-13 	
0.0260204 2.9872 	-0.201297 	-1.25736e-12 	
0.027551 2.99502 	-0.192602 	1.58985e-12 	
0.0290816 3.00237 	-0.184679 	2.02844e-12 	
0.0306122 3.00916 	-0.177683 	-4.11337e-13 	
0.0321429 3.01539 	-0.171743 	-1.19445e-12 	
0.0336735 3.02132 	-0.166341 	-1.23276e-12 	
0.0352041 3.02675 	-0.161716 	-1.77945e-12 	
0.0367347 3.03197 	-0.157434 	-2.58582e-12 	
0.0382653 3.0369 	-0.153918 	-2.67564e-12 	
0.0397959 3.04158 	-0.151067 	-2.16024e-12 	
0.0413265 3.04619 	-0.148295 	-1.57981e-12 	
0.0428571 3.05047 	-0.145924 	-2.66513e-13 	
0.0443878 3.05476 	-0.143554 	1.04679e-12 	
0.0459184 3.05893 	-0.142107 	1.39436e-12 	
0.047449 3.06303 	-0.141382 	1.05321e-12 	
0.0489796 3.06713 	-0.140658 	7.12059e-13 	
0.0505102 3.07125 	-0.139684 	7.99611e-14 	
0.0520408 3.07538 	-0.138604 	-7.47299e-13 	
0.0535714 3.07952 	-0.137524 	-1.57456e-12 	
0.055102 3.08374 	-0.137725 	-1.38769e-12 	
0.0566327 3.08804 	-0.13891 	-4.06267e-13 	
0.0581633 3.09234 	-0.140096 	5.75154e-13 	
0.0596939 3.09674 	-0.141117 	1.25639e-12 	
0.0612245 3.10194 	-0.140921 	-6.84303e-13 	
0.0627551 3.10714 	-0.140726 	-2.62499e-12 	
0.0642857 3.11234 	-0.140531 	-4.56569e-12 	
0.0658163 3.11702 	-0.141328 	-5.34085e-12 	
0.0673469 3.1207 	-0.144063 	-3.91876e-12 	
0.0688776 3.12437 	-0.146798 	-2.49666e-12 	
0.0704082 3.12805 	-0.149533 	-1.07456e-12 	
0.0719388 3.13104 	-0.151761 	-5.64506e-15 	
0.0734694 3.13104 	-0.151761 	-5.64499e-15 	
