0 5.73219
0.00153061 5.74343
0.00306122 5.77784
0.00459184 5.8109
0.00612245 5.81511
0.00765306 5.76295
0.00918367 5.63853
0.0107143 5.43209
0.0122449 5.14823
0.0137755 4.78722
0.0153061 4.36213
0.0168367 3.89055
0.0183673 3.38469
0.019898 2.85769
0.0214286 2.32733
0.0229592 1.79963
0.0244898 1.3081
0.0260204 0.855258
0.027551 0.497507
0.0290816 0.238116
0.0306122 0.0806037
0.0321429 0.0218633
0.0336735 0.00457432
0.0352041 0.000309019
0.0367347 0.000110646
0.0382653 3.965e-05
0.0397959 4.18561e-05
0.0413265 4.49134e-05
0.0428571 5.23361e-05
0.0443878 5.97416e-05
0.0459184 7.36724e-05
0.047449 9.2823e-05
0.0489796 0.000111846
0.0505102 0.000148589
0.0520408 0.000192623
0.0535714 0.000236623
0.055102 0.000303092
0.0566327 0.000386364
0.0581633 0.000469636
0.0596939 0.000555527
0.0612245 0.000670621
0.0627551 0.000783994
0.0642857 0.000897367
0.0658163 0.000999699
0.0673469 0.00108155
0.0688776 0.00116261
0.0704082 0.00124367
0.0719388 0.00130917
0.0734694 0.00130916
