0 2.71844
0.00153061 2.72049
0.00306122 2.726
0.00459184 2.7325
0.00612245 2.73636
0.00765306 2.73307
0.00918367 2.71869
0.0107143 2.68948
0.0122449 2.64322
0.0137755 2.57754
0.0153061 2.48939
0.0168367 2.38172
0.0183673 2.25565
0.019898 2.11334
0.0214286 1.95482
0.0229592 1.77562
0.0244898 1.58874
0.0260204 1.40175
0.027551 1.19496
0.0290816 0.994576
0.0306122 0.794646
0.0321429 0.602822
0.0336735 0.424196
0.0352041 0.275519
0.0367347 0.147538
0.0382653 0.0690569
0.0397959 0.033085
0.0413265 0.00367144
0.0428571 0.0021227
0.0443878 0.000734623
0.0459184 0.000116898
0.047449 0.000144725
0.0489796 0.000169986
0.0505102 0.000219731
0.0520408 0.000278908
0.0535714 0.000333878
0.055102 0.000406881
0.0566327 0.000493292
0.0581633 0.000574192
0.0596939 0.000655108
0.0612245 0.000744356
0.0627551 0.000831219
0.0642857 0.000913478
0.0658163 0.000983934
0.0673469 0.00103116
0.0688776 0.00107685
0.0704082 0.00112057
0.0719388 0.00115622
0.0734694 0.00115621
