0 0.00474527
0.00153061 0.00473483
0.00306122 0.00472487
0.00459184 0.00471141
0.00612245 0.00469289
0.00765306 0.00466714
0.00918367 0.00463265
0.0107143 0.00458723
0.0122449 0.00452912
0.0137755 0.00445607
0.0153061 0.00436481
0.0168367 0.00425572
0.0183673 0.0041271
0.019898 0.00397889
0.0214286 0.0038107
0.0229592 0.0036123
0.0244898 0.00339378
0.0260204 0.00316114
0.027551 0.00289019
0.0290816 0.00260143
0.0306122 0.00229315
0.0321429 0.001956
0.0336735 0.00160926
0.0352041 0.00123602
0.0367347 0.00085563
0.0382653 0.000542371
0.0397959 0.000280117
0.0413265 6.40078e-05
0.0428571 3.74609e-05
0.0443878 1.1137e-05
0.0459184 8.09683e-07
0.047449 1.31235e-06
0.0489796 1.84573e-06
0.0505102 3.59811e-06
0.0520408 5.70938e-06
0.0535714 7.81394e-06
0.055102 1.01509e-05
0.0566327 1.25208e-05
0.0581633 1.48908e-05
0.0596939 1.72228e-05
0.0612245 1.94868e-05
0.0627551 2.17363e-05
0.0642857 2.39801e-05
0.0658163 2.55706e-05
0.0673469 2.62427e-05
0.0688776 2.69483e-05
0.0704082 2.76538e-05
0.0719388 2.68973e-05
0.0734694 1.74109e-05
