0 1.19581
0.00153061 1.19347
0.00306122 1.19197
0.00459184 1.19062
0.00612245 1.18928
0.00765306 1.18791
0.00918367 1.18653
0.0107143 1.18511
0.0122449 1.18368
0.0137755 1.18226
0.0153061 1.18082
0.0168367 1.17941
0.0183673 1.17802
0.019898 1.17667
0.0214286 1.17534
0.0229592 1.17403
0.0244898 1.17277
0.0260204 1.17159
0.027551 1.17041
0.0290816 1.16932
0.0306122 1.16829
0.0321429 1.16735
0.0336735 1.16649
0.0352041 1.16578
0.0367347 1.16517
0.0382653 1.16478
0.0397959 1.16459
0.0413265 1.16443
0.0428571 1.16442
0.0443878 1.1644
0.0459184 1.1644
0.047449 1.1644
0.0489796 1.1644
0.0505102 1.1644
0.0520408 1.1644
0.0535714 1.1644
0.055102 1.1644
0.0566327 1.1644
0.0581633 1.1644
0.0596939 1.1644
0.0612245 1.1644
0.0627551 1.1644
0.0642857 1.1644
0.0658163 1.1644
0.0673469 1.1644
0.0688776 1.1644
0.0704082 1.1644
0.0719388 1.1644
0.0734694 1.1644
