0 7.35223 	3.16843e-05 	1.38336e-06 	
0.00153061 7.3435 	0.004988 	-1.91532e-12 	
0.00306122 7.31688 	0.0098336 	-3.0271e-12 	
0.00459184 7.27254 	0.0144496 	-8.5113e-14 	
0.00612245 7.21198 	0.0187362 	2.43731e-12 	
0.00765306 7.13482 	0.0225416 	1.12331e-12 	
0.00918367 7.04402 	0.025784 	1.49845e-12 	
0.0107143 6.94063 	0.0284004 	1.32821e-12 	
0.0122449 6.82644 	0.0303688 	2.13247e-12 	
0.0137755 6.70242 	0.0316399 	3.06983e-12 	
0.0153061 6.56792 	0.0321518 	9.69863e-13 	
0.0168367 6.42726 	0.0319589 	4.1785e-13 	
0.0183673 6.28184 	0.0310766 	5.06545e-13 	
0.019898 6.13308 	0.0295503 	1.21632e-12 	
0.0214286 5.98062 	0.0273658 	2.42144e-12 	
0.0229592 5.82153 	0.0243395 	1.91047e-12 	
0.0244898 5.66405 	0.0208648 	1.70114e-12 	
0.0260204 5.51056 	0.0170886 	7.00479e-12 	
0.027551 5.34904 	0.0123824 	3.6784e-12 	
0.0290816 5.19324 	0.00752088 	4.5876e-12 	
0.0306122 5.03829 	0.00220305 	9.85312e-12 	
0.0321429 4.88171 	-0.00370435 	4.60104e-12 	
0.0336735 4.73216 	-0.00967614 	5.26761e-12 	
0.0352041 4.5799 	-0.0160327 	2.26299e-12 	
0.0367347 4.43459 	-0.0223201 	2.74765e-12 	
0.0382653 4.2938 	-0.0291194 	2.37902e-12 	
0.0397959 4.15867 	-0.0362794 	1.49581e-12 	
0.0413265 4.0424 	-0.0423713 	5.99692e-12 	
0.0428571 3.98548 	-0.0446859 	1.01901e-12 	
0.0443878 3.93315 	-0.0468065 	2.23649e-12 	
0.0459184 3.90868 	-0.0466869 	1.90572e-12 	
0.047449 3.90766 	-0.0448032 	1.3516e-13 	
0.0489796 3.90631 	-0.0430342 	-2.60946e-13 	
0.0505102 3.9073 	-0.042132 	-1.98334e-13 	
0.0520408 3.90932 	-0.0416348 	4.46986e-12 	
0.0535714 3.91122 	-0.0411881 	1.60363e-11 	
0.055102 3.91311 	-0.0403412 	1.4136e-11 	
0.0566327 3.91499 	-0.0392394 	3.76904e-12 	
0.0581633 3.91679 	-0.0382259 	6.1416e-13 	
0.0596939 3.91848 	-0.0372801 	1.10609e-12 	
0.0612245 3.91983 	-0.036841 	4.36884e-13 	
0.0627551 3.92114 	-0.0364392 	-1.42863e-12 	
0.0642857 3.92239 	-0.0360683 	-4.49779e-12 	
0.0658163 3.92335 	-0.0355242 	-5.56086e-12 	
0.0673469 3.92378 	-0.0346246 	-2.08729e-12 	
0.0688776 3.92417 	-0.0338309 	-4.73947e-12 	
0.0704082 3.92457 	-0.0330405 	-1.2014e-11 	
0.0719388 3.92489 	-0.0323911 	-1.742e-11 	
0.0734694 3.92489 	-0.0323684 	-8.51221e-12 	
