0 1.18746
0.00153061 1.18596
0.00306122 1.1851
0.00459184 1.18436
0.00612245 1.18364
0.00765306 1.1829
0.00918367 1.18215
0.0107143 1.18138
0.0122449 1.18058
0.0137755 1.17979
0.0153061 1.17897
0.0168367 1.17815
0.0183673 1.17732
0.019898 1.1765
0.0214286 1.17568
0.0229592 1.17485
0.0244898 1.17403
0.0260204 1.17323
0.027551 1.17243
0.0290816 1.17164
0.0306122 1.17085
0.0321429 1.17009
0.0336735 1.16934
0.0352041 1.16859
0.0367347 1.16785
0.0382653 1.16713
0.0397959 1.16643
0.0413265 1.16578
0.0428571 1.16529
0.0443878 1.16482
0.0459184 1.16457
0.047449 1.1645
0.0489796 1.16442
0.0505102 1.1644
0.0520408 1.1644
0.0535714 1.1644
0.055102 1.1644
0.0566327 1.1644
0.0581633 1.1644
0.0596939 1.1644
0.0612245 1.1644
0.0627551 1.1644
0.0642857 1.1644
0.0658163 1.1644
0.0673469 1.1644
0.0688776 1.1644
0.0704082 1.1644
0.0719388 1.1644
0.0734694 1.1644
