0 7.73747 	6.142e-05 	-2.68165e-06 	
0.00153061 7.72511 	0.00738401 	1.36524e-13 	
0.00306122 7.68798 	0.0145196 	1.45679e-12 	
0.00459184 7.62645 	0.0212567 	-7.62958e-13 	
0.00612245 7.5426 	0.0274449 	-4.26146e-12 	
0.00765306 7.43738 	0.0327958 	-3.50317e-12 	
0.00918367 7.31409 	0.0372371 	-2.46412e-12 	
0.0107143 7.17433 	0.0406674 	-1.08747e-12 	
0.0122449 7.02167 	0.0430317 	-1.80093e-12 	
0.0137755 6.85704 	0.0442807 	-2.65123e-12 	
0.0153061 6.68226 	0.044332 	-1.4547e-12 	
0.0168367 6.50138 	0.0433004 	-9.15401e-13 	
0.0183673 6.31543 	0.041205 	-5.72547e-13 	
0.019898 6.12676 	0.0381339 	1.68481e-12 	
0.0214286 5.93757 	0.0341621 	4.23011e-12 	
0.0229592 5.7447 	0.0290293 	4.15712e-12 	
0.0244898 5.55391 	0.023181 	4.66769e-12 	
0.0260204 5.36674 	0.0169006 	7.16359e-12 	
0.027551 5.17971 	0.00980093 	4.38145e-12 	
0.0290816 4.99661 	0.00218799 	4.21077e-12 	
0.0306122 4.81817 	-0.0058312 	4.51523e-12 	
0.0321429 4.64695 	-0.0141881 	4.17462e-12 	
0.0336735 4.48103 	-0.0224806 	3.5e-12 	
0.0352041 4.32618 	-0.0308105 	2.79526e-12 	
0.0367347 4.17667 	-0.0389795 	1.53633e-12 	
0.0382653 4.06021 	-0.0451409 	1.96954e-12 	
0.0397959 3.96648 	-0.0497595 	5.47796e-12 	
0.0413265 3.89053 	-0.0533747 	9.17053e-12 	
0.0428571 3.88098 	-0.0528404 	4.76181e-12 	
0.0443878 3.87119 	-0.0523093 	2.10822e-12 	
0.0459184 3.86951 	-0.0523325 	1.80797e-12 	
0.047449 3.87245 	-0.0526123 	-4.21129e-13 	
0.0489796 3.87538 	-0.0529212 	-3.25333e-12 	
0.0505102 3.87848 	-0.0529718 	-1.34702e-12 	
0.0520408 3.88146 	-0.0528323 	2.82059e-12 	
0.0535714 3.88444 	-0.0527113 	7.23078e-12 	
0.055102 3.8872 	-0.052816 	6.38612e-12 	
0.0566327 3.88962 	-0.0529376 	5.40411e-12 	
0.0581633 3.89203 	-0.0530592 	4.4221e-12 	
0.0596939 3.89435 	-0.0532399 	6.72567e-12 	
0.0612245 3.89606 	-0.0532106 	2.62027e-12 	
0.0627551 3.89771 	-0.0531714 	-4.94136e-13 	
0.0642857 3.89936 	-0.0531351 	-3.63053e-12 	
0.0658163 3.90049 	-0.0533064 	-4.80607e-12 	
0.0673469 3.90066 	-0.0536585 	-4.40836e-12 	
0.0688776 3.90083 	-0.053973 	-5.79256e-12 	
0.0704082 3.901 	-0.0542875 	-7.17676e-12 	
0.0719388 3.90113 	-0.0546391 	-1.01488e-11 	
0.0734694 3.90113 	-0.0546151 	-7.24668e-12 	
