0 0.00516417
0.00153061 0.00515568
0.00306122 0.0051523
0.00459184 0.00514656
0.00612245 0.00512962
0.00765306 0.00509097
0.00918367 0.00502234
0.0107143 0.00491596
0.0122449 0.00476857
0.0137755 0.00457484
0.0153061 0.00433229
0.0168367 0.00404464
0.0183673 0.0037122
0.019898 0.00333736
0.0214286 0.00292556
0.0229592 0.00246133
0.0244898 0.00197356
0.0260204 0.00147402
0.027551 0.000960751
0.0290816 0.000537811
0.0306122 0.000202343
0.0321429 6.64938e-05
0.0336735 1.42723e-05
0.0352041 1.23047e-06
0.0367347 4.95424e-07
0.0382653 2.41344e-07
0.0397959 2.63004e-07
0.0413265 2.91851e-07
0.0428571 3.61808e-07
0.0443878 4.3188e-07
0.0459184 5.79519e-07
0.047449 7.93106e-07
0.0489796 1.0047e-06
0.0505102 1.49096e-06
0.0520408 2.09933e-06
0.0535714 2.707e-06
0.055102 3.80438e-06
0.0566327 5.29289e-06
0.0581633 6.78139e-06
0.0596939 8.39925e-06
0.0612245 1.12408e-05
0.0627551 1.40474e-05
0.0642857 1.68539e-05
0.0658163 1.97125e-05
0.0673469 2.26872e-05
0.0688776 2.56303e-05
0.0704082 2.85733e-05
0.0719388 2.96144e-05
0.0734694 1.79833e-05
