#        Time  nozzle coflow outlet walls
          201  -3.3287e-05 -0.000854075  0.000786198  0.000101068
          202  -3.3287e-05 -0.000854075  0.000794857  9.24345e-05
          203  -3.3287e-05 -0.000854075  0.000800723   8.6528e-05
          204  -3.3287e-05 -0.000854075   1.3006e+06 -1.30452e+06
          205  -3.3287e-05 -0.000854075  2.33104e+06 -2.36324e+06
          206  -3.3287e-05 -0.000854075       561697 -5.01877e+06
          207  -3.3287e-05 -0.000854075  2.24193e+06 -4.81169e+06
          208  -3.3287e-05 -0.000854075  1.52188e+06 -3.55016e+06
          209  -3.3287e-05 -0.000854075  1.79513e+06 -2.44118e+06
          210  -3.3287e-05 -0.000854075  1.97699e+06 -1.53331e+06
          211  -3.3287e-05 -0.000854075  2.09674e+06      -790401
          212  -3.3287e-05 -0.000854075  2.17461e+06      -149426
          213  -3.3287e-05 -0.000854075  2.22457e+06       416918
          214  -3.3287e-05 -0.000854075  2.46489e+06   1.0765e+06
          215  -3.3287e-05 -0.000854075  2.91799e+06  1.96744e+06
          216  -3.3287e-05 -0.000854075  3.83108e+06  3.39058e+06
          217  -3.3287e-05 -0.000854075  6.20433e+06  7.01526e+06
          218  -3.3287e-05 -0.000854075  1.75606e+07  4.64065e+07
          219  -3.3287e-05 -0.000854075  3.16408e+08  3.16816e+08
          220  -3.3287e-05 -0.000854075  4.42844e+08  6.90629e+08
          221  -3.3287e-05 -0.000854075  5.25849e+08  1.30977e+09
          222  -3.3287e-05 -0.000854075  5.79847e+08  2.26235e+09
          223  -3.3287e-05 -0.000854075  6.13772e+08  3.52457e+09
          224  -3.3287e-05 -0.000854075  6.33424e+08  4.79241e+09
          225  -3.3287e-05 -0.000854075  6.42831e+08  5.69219e+09
          226  -3.3287e-05 -0.000854075  6.43703e+08  6.08694e+09
          227  -3.3287e-05 -0.000854075   6.3864e+08  6.02259e+09
          228  -3.3287e-05 -0.000854075  6.29049e+08  5.71209e+09
          229  -3.3287e-05 -0.000854075  6.15946e+08  5.51766e+09
          230  -3.3287e-05 -0.000854075  6.00077e+08  5.72311e+09
          231  -3.3287e-05 -0.000854075  5.82037e+08  6.46836e+09
          232  -3.3287e-05 -0.000854075  5.62303e+08  7.26798e+09
          233  -3.3287e-05 -0.000854075  5.41222e+08  8.03133e+09
          234  -3.3287e-05 -0.000854075  5.19066e+08  8.57242e+09
          235  -3.3287e-05 -0.000854075   4.9597e+08  8.95275e+09
          236  -3.3287e-05 -0.000854075 -7.40526e+08  8.31816e+09
          237 -4.02222e-05  -0.00109836 -8.82661e+08  3.93235e+09
          238 -4.02222e-05  -0.00109836 -8.47213e+08 -2.14107e+07
          239 -4.02222e-05  -0.00109836 -7.53567e+08  4.54449e+08
          240 -4.02222e-05  -0.00109836 -9.31295e+08  5.20819e+08
          241 -4.02222e-05  -0.00109836 -8.46788e+08  2.47783e+08
          242 -4.02222e-05  -0.00109836 -7.65414e+08  8.47283e+08
          243 -4.02222e-05  -0.00109836 -6.39149e+08  4.40462e+08
          244 -4.02222e-05  -0.00109836 -4.50936e+08  6.36066e+08
          245 -4.02222e-05  -0.00109836 -4.27969e+08  8.46518e+08
          246 -4.02222e-05  -0.00109836 -5.48701e+08  7.01617e+08
