/*---------------------------------------------------------------------------*\ 
| =========                 |                                                 | 
| \      /  F ield         | OpenFOAM: The Open Source CFD Toolbox           | 
|  \    /   O peration     | Version:  1.6                                   | 
|   \  /    A nd           | Web:      http://www.openfoam.org               | 
|    \/     M anipulation  |                                                 | 
\*---------------------------------------------------------------------------*/ 

FoamFile 
{    version         2.0; 
	format          ascii; 

    class           vectorField; 
    object          points;
}
 // * * * * * * * * * * * * * * * * * * * * * * * * * * * * * * * * * * * * * // 
(
		 (0.0 0.0 -1.0)
		 (0.0 4.9762316037e-05 -1.0)
		 (0.0 9.95246320739e-05 -1.0)
		 (0.0 0.000149286748872 -1.0)
		 (0.0 0.000199049662626 -1.0)
		 (0.0 0.000248811580185 -1.0)
		 (0.0 0.000298573497744 -1.0)
		 (0.0 0.000348336411498 -1.0)
		 (0.0 0.000398098329057 -1.0)
		 (0.0 0.000447861242811 -1.0)
		 (0.0 0.00049762316037 -1.0)
		 (0.0 0.000547386074123 -1.0)
		 (0.0 0.000597147991682 -1.0)
		 (0.0 0.000646909909242 -1.0)
		 (0.0 0.000696672822995 -1.0)
		 (0.0 0.000746434740554 -1.0)
		 (0.0 0.000796197654308 -1.0)
		 (0.0 0.000845959571867 -1.0)
		 (0.0 0.000895721489426 -1.0)
		 (0.0 0.00094548440318 -1.0)
		 (0.0 0.000995246320739 -1.0)
		 (0.0 0.0010450082383 -1.0)
		 (0.0 0.00109476816347 -1.0)
		 (0.0 0.00114453805058 -1.0)
		 (0.0 0.00119429797575 -1.0)
		 (0.0 0.00124405790092 -1.0)
		 (0.0 0.00129381782609 -1.0)
		 (0.0 0.00134358771321 -1.0)
		 (0.0 0.00139334763838 -1.0)
		 (0.0 0.00144310756355 -1.0)
		 (0.0 0.00149286748872 -1.0)
		 (0.0 0.00154262741389 -1.0)
		 (0.0 0.00159239730101 -1.0)
		 (0.0 0.00164215722618 -1.0)
		 (0.0 0.00169191715135 -1.0)
		 (0.0 0.00174167707651 -1.0)
		 (0.0 0.00179144696363 -1.0)
		 (0.0 0.0018412068888 -1.0)
		 (0.0 0.00189096681397 -1.0)
		 (0.0 0.00194072673914 -1.0)
		 (0.0 0.00199049662626 -1.0)
		 (0.0 0.00204025655143 -1.0)
		 (0.0 0.0020900164766 -1.0)
		 (0.0 0.00213977640177 -1.0)
		 (0.0 0.00218954628888 -1.0)
		 (0.0 0.00223930621405 -1.0)
		 (0.0 0.00228906613922 -1.0)
		 (0.0 0.00233882606439 -1.0)
		 (0.0 0.00238859595151 -1.0)
		 (0.0 0.00243835587668 -1.0)
		 (0.0 0.00248811580185 -1.0)
		 (0.0 0.00253787572702 -1.0)
		 (0.0 0.00258764561413 -1.0)
		 (0.0 0.0026374055393 -1.0)
		 (0.0 0.00268716546447 -1.0)
		 (0.0 0.00273692538964 -1.0)
		 (0.0 0.00278669527676 -1.0)
		 (0.0 0.00283645520193 -1.0)
		 (0.0 0.0028862151271 -1.0)
		 (0.0 0.00293597505227 -1.0)
		 (0.0 0.00298573497744 -1.0)
		 (0.0 0.00303550486456 -1.0)
		 (0.0 0.00308526478973 -1.0)
		 (0.0 0.00313502471489 -1.0)
		 (0.0 0.00318478464006 -1.0)
		 (0.0 0.00323455452718 -1.0)
		 (0.0 0.00328431445235 -1.0)
		 (0.0 0.00333407437752 -1.0)
		 (0.0 0.00338383430269 -1.0)
		 (0.0 0.00343360418981 -1.0)
		 (0.0 0.00348336411498 -1.0)
		 (0.0 0.00353312404015 -1.0)
		 (0.0 0.00358288396532 -1.0)
		 (0.0 0.00363265385243 -1.0)
		 (0.0 0.0036824137776 -1.0)
		 (0.0 0.00373217370277 -1.0)
		 (0.0 0.00378193362794 -1.0)
		 (0.0 0.00383170351506 -1.0)
		 (0.0 0.00388146344023 -1.0)
		 (0.0 0.0039312233654 -1.0)
		 (0.0 0.00398098329057 -1.0)
		 (0.0 0.00403075317768 -1.0)
		 (0.0 0.00408051310285 -1.0)
		 (0.0 0.00413027302802 -1.0)
		 (0.0 0.00418003295319 -1.0)
		 (0.0 0.00422980284031 -1.0)
		 (0.0 0.00427956276548 -1.0)
		 (0.0 0.00432932269065 -1.0)
		 (0.0 0.00437908261582 -1.0)
		 (0.0 0.00442884254099 -1.0)
		 (0.0 0.00447861242811 -1.0)
		 (0.0 0.00452837235327 -1.0)
		 (0.0 0.00457813227844 -1.0)
		 (0.0 0.00462789220361 -1.0)
		 (0.0 0.00467766209073 -1.0)
		 (0.0 0.0047274220159 -1.0)
		 (0.0 0.00477718194107 -1.0)
		 (0.0 0.00482694186624 -1.0)
		 (0.0 0.00487671175336 -1.0)
		 (0.0 0.00492647167853 -1.0)
		 (0.0 0.0049762316037 -1.0)
		 (0.0 4.9762316037e-05 1.0)
		 (0.0 9.95246320739e-05 1.0)
		 (0.0 0.000149286748872 1.0)
		 (0.0 0.000199049662626 1.0)
		 (0.0 0.000248811580185 1.0)
		 (0.0 0.000298573497744 1.0)
		 (0.0 0.000348336411498 1.0)
		 (0.0 0.000398098329057 1.0)
		 (0.0 0.000447861242811 1.0)
		 (0.0 0.00049762316037 1.0)
		 (0.0 0.000547386074123 1.0)
		 (0.0 0.000597147991682 1.0)
		 (0.0 0.000646909909242 1.0)
		 (0.0 0.000696672822995 1.0)
		 (0.0 0.000746434740554 1.0)
		 (0.0 0.000796197654308 1.0)
		 (0.0 0.000845959571867 1.0)
		 (0.0 0.000895721489426 1.0)
		 (0.0 0.00094548440318 1.0)
		 (0.0 0.000995246320739 1.0)
		 (0.0 0.0010450082383 1.0)
		 (0.0 0.00109476816347 1.0)
		 (0.0 0.00114453805058 1.0)
		 (0.0 0.00119429797575 1.0)
		 (0.0 0.00124405790092 1.0)
		 (0.0 0.00129381782609 1.0)
		 (0.0 0.00134358771321 1.0)
		 (0.0 0.00139334763838 1.0)
		 (0.0 0.00144310756355 1.0)
		 (0.0 0.00149286748872 1.0)
		 (0.0 0.00154262741389 1.0)
		 (0.0 0.00159239730101 1.0)
		 (0.0 0.00164215722618 1.0)
		 (0.0 0.00169191715135 1.0)
		 (0.0 0.00174167707651 1.0)
		 (0.0 0.00179144696363 1.0)
		 (0.0 0.0018412068888 1.0)
		 (0.0 0.00189096681397 1.0)
		 (0.0 0.00194072673914 1.0)
		 (0.0 0.00199049662626 1.0)
		 (0.0 0.00204025655143 1.0)
		 (0.0 0.0020900164766 1.0)
		 (0.0 0.00213977640177 1.0)
		 (0.0 0.00218954628888 1.0)
		 (0.0 0.00223930621405 1.0)
		 (0.0 0.00228906613922 1.0)
		 (0.0 0.00233882606439 1.0)
		 (0.0 0.00238859595151 1.0)
		 (0.0 0.00243835587668 1.0)
		 (0.0 0.00248811580185 1.0)
		 (0.0 0.00253787572702 1.0)
		 (0.0 0.00258764561413 1.0)
		 (0.0 0.0026374055393 1.0)
		 (0.0 0.00268716546447 1.0)
		 (0.0 0.00273692538964 1.0)
		 (0.0 0.00278669527676 1.0)
		 (0.0 0.00283645520193 1.0)
		 (0.0 0.0028862151271 1.0)
		 (0.0 0.00293597505227 1.0)
		 (0.0 0.00298573497744 1.0)
		 (0.0 0.00303550486456 1.0)
		 (0.0 0.00308526478973 1.0)
		 (0.0 0.00313502471489 1.0)
		 (0.0 0.00318478464006 1.0)
		 (0.0 0.00323455452718 1.0)
		 (0.0 0.00328431445235 1.0)
		 (0.0 0.00333407437752 1.0)
		 (0.0 0.00338383430269 1.0)
		 (0.0 0.00343360418981 1.0)
		 (0.0 0.00348336411498 1.0)
		 (0.0 0.00353312404015 1.0)
		 (0.0 0.00358288396532 1.0)
		 (0.0 0.00363265385243 1.0)
		 (0.0 0.0036824137776 1.0)
		 (0.0 0.00373217370277 1.0)
		 (0.0 0.00378193362794 1.0)
		 (0.0 0.00383170351506 1.0)
		 (0.0 0.00388146344023 1.0)
		 (0.0 0.0039312233654 1.0)
		 (0.0 0.00398098329057 1.0)
		 (0.0 0.00403075317768 1.0)
		 (0.0 0.00408051310285 1.0)
		 (0.0 0.00413027302802 1.0)
		 (0.0 0.00418003295319 1.0)
		 (0.0 0.00422980284031 1.0)
		 (0.0 0.00427956276548 1.0)
		 (0.0 0.00432932269065 1.0)
		 (0.0 0.00437908261582 1.0)
		 (0.0 0.00442884254099 1.0)
		 (0.0 0.00447861242811 1.0)
		 (0.0 0.00452837235327 1.0)
		 (0.0 0.00457813227844 1.0)
		 (0.0 0.00462789220361 1.0)
		 (0.0 0.00467766209073 1.0)
		 (0.0 0.0047274220159 1.0)
		 (0.0 0.00477718194107 1.0)
		 (0.0 0.00482694186624 1.0)
		 (0.0 0.00487671175336 1.0)
		 (0.0 0.00492647167853 1.0)
		 (0.0 0.0049762316037 1.0)
)