5.298481479653062706e+03
1.639855765590396550e+04
3.879589770690378646e+04
7.081188205014173582e+04
1.036700271953793417e+05
1.551495079922089935e+05
2.327084805227257602e+05
3.159124050030722283e+05
4.002083542258231319e+05
5.882913678215858527e+05
1.144864964134692447e+06
1.679310212586641777e+06
1.802227554827627260e+06
1.887748188229154330e+06
2.419911463468471542e+06
3.024787087052141316e+06
2.975507482494171243e+06
2.961847723599599209e+06
3.009685873340953141e+06
3.227253868162842002e+06
3.218643692850799300e+06
2.335265896082723513e+06
