TIME	Pressão	Np	Gp	Wp	Wi	Gi	We
(day)	(kgf/cm²)	(m3)	(m3)	(m3)			
0	97.45	0	0	0	0	0	0
1	97.23	159	3195.9	1.34E-005	0	0	0
31	91.92	4389	88218.9	0	0	0	0
62	88.08	7656.4	153893.64	0	0	0	0
92	85.86	9708.4	195138.84	0	0	0	0
123	82.04	13084.3	262994.44	0.01	0	0	0
154	78.61	16221.5	326052.16	0.01	0	0	0
182	75.71	18937.5	380643.75	0.02	0	0	0
213	72.65	21882.5	439838.25	0.02	0	0	0
243	70.04	24468.5	491816.84	0.03	0	0	0
274	67.31	27193.4	546587.31	0.04	0	0	0
304	64.61	29893.4	600857.31	0.05	0	0	0
335	61.89	32664.8	656562.5	0.06	0	0	0
365	62.58	32733.8	657949.38	0.06	0	0	0
366	62.68	32677.72	656822.25	0.06	0	0	0
396	61.28	34298.56	689401	0.06	0	0	0
427	59.23	36622.42	736110.56	0.07	0	0	0
457	57.8	38797.49	779829.56	0.08	0	0	0
488	56.59	41147.71	827069.06	0.09	0	0	0
519	55.34	44021.04	884820.56	0.1	0	0	0
547	54.24	47002.64	944643.31	0.12	0	0	0
578	53.51	50330.03	1011358.19	0.13	0	0	0
608	52.89	53541.08	1075745.5	0.15	0	0	0
639	52.24	56954.68	1144554	0.17	0	0	0
669	51.73	60447.16	1215123.25	0.19	0	0	0
700	51.2	64116.79	1289145.38	0.21	0	0	0
730	50.7	67330.48	1353497.5	0.23	0	0	0
731	50.61	67437.6	1355654.63	0.23	0	0	0
761	50.29	70314.63	1413237.25	0.24	0	0	0
792	49.96	73384.52	1475413.13	0.26	0	0	0
822	49.57	76627.46	1541765.38	0.28	0	0	0
853	49.18	80142.73	1614336.75	0.3	0	0	0
884	48.82	83604.27	1686370	0.32	0	0	0
912	48.52	86618.41	1748831.13	0.34	0	0	0
943	48.23	90050.88	1821113.5	0.36	0	0	0
973	48.23	91127.76	1842436.38	0.36	0	0	0
1004	47.92	94373.52	1906691.63	0.38	0	0	0
1034	47.66	97542.09	1972568.5	0.4	0	0	0
1064	47.44	100622.02	2037101.88	0.42	0	0	0
1065	47.39	100724.86	2039262.13	0.42	0	0	0
1096	47.16	104343.65	2120099.5	0.44	0	0	0
1125	46.92	107612.05	2192326.75	0.46	0	0	0
1126	46.89	107758.14	2195473.5	0.46	0	0	0
1157	46.53	112336.66	2294950	0.49	0	0	0
1187	46.27	116667.36	2389618.5	0.52	0	0	0
1218	45.99	121150.23	2490370.75	0.55	0	0	0
1249	45.72	125873.36	2601436.25	0.58	0	0	0
1278	45.46	130446.51	2713734.25	0.61	0	0	0
1309	45.26	134381.28	2805707.25	0.64	0	0	0
1339	45.04	138881.55	2919980.25	0.67	0	0	0
1370	44.82	143476.92	3037865	0.7	0	0	0
1400	44.64	147713.77	3147193.75	0.73	0	0	0
1431	44.44	152212.39	3270557.25	0.76	0	0	0
1462	44.24	156803.13	3400034.75	0.79	0	0	0
1492	44.05	161422.3	3536427	0.82	0	0	0
1522	43.87	165908.45	3671219.5	0.85	0	0	0
1523	43.88	166099.09	3677483.25	0.85	0	0	0
1553	43.64	171435.08	3824349.5	0.89	0	0	0
1584	43.37	177575.41	4047954.75	0.94	0	0	0
1615	43.12	183563.67	4278531.5	0.98	0	0	0
1643	42.9	189043.27	4498840.5	1.02	0	0	0
1674	42.66	195060.66	4750202	1.07	0	0	0
1704	42.45	200877.09	4999947.5	1.11	0	0	0
1735	42.24	206544.81	5239949.5	1.15	0	0	0
1765	42.05	211966.19	5482267.5	1.19	0	0	0
1796	41.84	217755.28	5741360.5	1.24	0	0	0
1827	41.64	223603.47	6004851.5	1.29	0	0	0
1857	41.44	229281.78	6262787	1.33	0	0	0
1888	41.24	235203.19	6543218.5	1.38	0	0	0
1918	41.03	240963.77	6827143	1.42	0	0	0
1949	40.81	246852.39	7128888.5	1.47	0	0	0
1980	40.53	253406.02	7515009	1.53	0	0	0
2008	40.31	258822.52	7830704.5	1.57	0	0	0
2039	40.04	264882.59	8206260.5	1.63	0	0	0
2069	39.78	270599.16	8568442	1.68	0	0	0
2100	39.48	276690.75	8979019	1.73	0	0	0
2130	39.2	282393.81	9366992	1.78	0	0	0
2161	38.93	288021.88	9747545	1.83	0	0	0
2192	38.66	293624.97	10129090	1.88	0	0	0
2222	38.39	299182.06	10516091	1.93	0	0	0
2253	38.08	305244.63	10967938	1.99	0	0	0
2283	37.76	311046.59	11414234	2.04	0	0	0
2314	37.43	317017.31	11891061	2.1	0	0	0
2345	37.08	323106.34	12403720	2.16	0	0	0
2373	36.81	327979.09	12799430	2.2	0	0	0
2404	36.48	333708.75	13289094	2.26	0	0	0
2434	36.18	338887.75	13726357	2.31	0	0	0
2465	35.87	344167.81	14173445	2.36	0	0	0
2494	35.63	348634.69	14506827	2.41	0	0	0
2495	35.63	348787.16	14514433	2.41	0	0	0
2526	35.4	354384.88	14800672	2.47	0	0	0
2557	35.15	360398.56	15137610	2.53	0	0	0
2587	34.89	366123.66	15476385	2.6	0	0	0
2618	34.6	372294.66	15892387	2.67	0	0	0
2648	34.28	378381.69	16353416	2.74	0	0	0
2679	33.93	384549.72	16868068	2.81	0	0	0
2710	33.55	390749.69	17449374	2.88	0	0	0
2739	33.18	396491.56	18029598	2.95	0	0	0
2770	32.86	401856.63	18524778	3.02	0	0	0
2800	32.47	407626.41	19134684	3.09	0	0	0
2831	32.05	413496.94	19800706	3.16	0	0	0
2861	31.64	419069.16	20477598	3.23	0	0	0
2892	31.28	424103.81	21053366	3.3	0	0	0
2923	30.97	428701.44	21531556	3.35	0	0	0
2953	30.64	433501.16	22060734	3.41	0	0	0
2984	30.28	438649.34	22635540	3.48	0	0	0
3014	29.93	443567.81	23201836	3.54	0	0	0
3045	29.49	449554.34	23888468	8.15	0	0	0
3076	29.03	455295.03	24606932	15.74	0	0	0
3104	28.59	460810.69	25314468	24.28	0	0	0
3135	28.11	466718.84	26090496	35.32	0	0	0
3165	27.62	472549.41	26907506	49.82	0	0	0
3196	27.11	478481.94	27779066	69.25	0	0	0
3226	26.63	484000.28	28615610	92.72	0	0	0
3257	26.13	489720.53	29518910	122.99	0	0	0
3288	25.62	495437.06	30466702	160.34	0	0	0
3318	25.11	500945.19	31407518	196.86	0	0	0
3349	24.62	506374.06	32339416	245.59	0	0	0
3379	24.13	511707.03	33278718	299.89	0	0	0
3410	23.6	517313.66	34303816	365.06	0	0	0
3441	23.08	522762.53	35341552	438.75	0	0	0
3468	22.63	527398.75	36235780	501.28	0	0	0
3469	22.62	527570.06	36268832	503.55	0	0	0
3500	22.13	532616.13	37230912	568.81	0	0	0
3530	21.65	537751.44	38210244	640.55	0	0	0
3561	21.22	542565.38	39092656	712.68	0	0	0
3591	20.79	547026.75	39921024	774.66	0	0	0
3622	20.37	551677.06	40793740	841.62	0	0	0
3653	19.96	556452.5	41641720	909.59	0	0	0
3683	19.6	560869.13	42414352	974.16	0	0	0
3714	19.24	565328.06	43189420	1039.5	0	0	0
3744	18.96	569219.38	43844740	1102.14	0	0	0
3775	18.66	573560.13	44587664	1166.24	0	0	0
3806	18.37	577828.31	45311460	1229.31	0	0	0
3834	18.13	581530.44	45909108	1286.78	0	0	0
3865	17.93	585046.75	46389288	1350.77	0	0	0
3895	17.42	588604.31	47876096	1410.67	0	0	0
3926	16.95	592111.38	49221228	1464.59	0	0	0
3956	16.48	595693.81	50560352	1527.01	0	0	0
3987	16.03	599022.38	51834268	1592.93	0	0	0
4018	15.62	602005.38	53009980	1651.67	0	0	0
4048	15.24	605119.19	54146708	1716.25	0	0	0
4079	14.87	608142.56	55250652	1785.43	0	0	0
4108	14.53	610896	56243800	1847.9	0	0	0
4109	14.52	610958.75	56252560	1850.09	0	0	0
4140	14.43	612654.69	56491920	1921.28	0	0	0
4171	14.28	614205.88	56721152	1993.52	0	0	0
4200	14.03	615552.75	56910712	2060.54	0	0	0
4231	13.94	617024.5	57103532	2140.55	0	0	0
4261	13.8	618663.63	57289696	2218.97	0	0	0
4292	13.62	620447.69	57484300	2306.28	0	0	0
4322	13.45	623214.19	57671668	2388.7	0	0	0
4353	13.28	625813.44	57831252	2476.2	0	0	0
4383	13.2	628305	57990224	2570.59	0	0	0
4384	13.21	628387.94	57995380	2573.73	0	0	0
4414	13.15	630792.94	58118624	2638.14	0	0	0
4445	13.11	633832.81	58291512	2746.54	0	0	0
4475	13.02	637035.25	58538712	2843.03	0	0	0
4506	12.93	640225.81	58710964	2929.97	0	0	0
4537	12.83	642965.69	58854420	3021.67	0	0	0
4565	12.77	645535.38	58984724	3109.4	0	0	0
4596	12.77	647684.31	59069816	3207.14	0	0	0
4626	12.77	649742.13	59147916	3311.64	0	0	0
4657	12.77	651883.31	59243260	3414.17	0	0	0
4687	12.76	653799.06	59311584	3503.1	0	0	0
4717	12.76	656180.5	59382796	3606.69	0	0	0
4718	12.76	656259.63	59385144	3610.17	0	0	0
4749	12.76	658877.81	59462652	3718.43	0	0	0
4779	12.79	661310.75	59532252	3821	0	0	0
4810	12.84	663614.75	59587748	3928.74	0	0	0
4840	12.85	665949.44	59642748	4043.68	0	0	0
4871	12.9	667952.5	59687888	4154.89	0	0	0
4902	12.94	669798.38	59727052	4261.11	0	0	0
4929	12.94	671615.88	59764832	4358.47	0	0	0
4930	12.94	671683	59766240	4363.6	0	0	0
4961	12.89	674112.69	59820396	4527.6	0	0	0
4991	12.86	676063.06	59861232	4675.01	0	0	0
5022	12.85	678277.13	59913208	4848.49	0	0	0
5051	12.87	680182.5	59953008	5001.92	0	0	0
5052	12.87	680248.13	59954376	5007.18	0	0	0
5083	12.88	682220.75	59993284	5175.88	0	0	0
5114	12.88	684319.06	60037688	5366.34	0	0	0
5143	12.86	686396	60082740	5550.65	0	0	0
5144	12.86	686467.56	60084296	5556.98	0	0	0
5175	12.83	688589.75	60126620	5743.98	0	0	0
5204	12.83	690434.81	60160824	5926.02	0	0	0
5236	12.82	692460.75	60195808	6144.1	0	0	0
5267	12.82	694382.13	60226640	6352.46	0	0	0
5295	12.82	696030.13	60250988	6543.27	0	0	0
5326	12.82	697797.25	60275796	6755.51	0	0	0
5356	12.84	699468.69	60297832	6973.63	0	0	0
5387	12.83	701295.75	60322320	7202.49	0	0	0
5417	12.83	703155.38	60347992	7445.11	0	0	0
5448	12.83	705024.44	60372404	7696.85	0	0	0
5479	12.82	706969.25	60400052	7968.7	0	0	0
5508	12.86	708464.63	60415704	8219.25	0	0	0
5509	12.86	708516.19	60416220	8227.97	0	0	0
5539	12.84	710055.19	60430516	8423.44	0	0	0
5540	12.85	710106.56	60431016	8430.04	101.03	0	0
5570	13.27	711800.81	60443552	8715.38	3431.02	0	0
5601	13.41	713730.81	60459356	9051.13	6858.06	0	0
5632	13.48	715930.69	60476544	9383.36	10303.28	0	0
5661	13.61	717474.94	60487712	9682.49	13535.24	0	0
5692	13.71	719107	60499652	10012.15	16997.12	0	0
5722	13.78	720637.44	60510524	10316.99	20354.37	0	0
5753	13.87	722251.31	60521944	10635.93	23826.02	0	0
5783	13.95	723784.81	60532900	10929.34	27187.15	0	0
5813	14.1	724916.88	60540872	11259.36	30547.49	0	0
5814	14.09	724966.5	60541216	11270.41	30659.53	0	0
5845	14.08	726719.13	60553636	11640.51	34136.08	0	0
5875	14.12	728582.38	60566688	11998.92	37502.68	0	0
5906	14.2	730516.38	60580432	12387.91	40980.52	0	0
5936	14.29	732377.69	60593760	12779.94	44345.28	0	0
5967	14.42	733912.75	60604648	13185.87	47821.05	0	0
5998	14.49	735488.25	60615900	13606.28	51298.57	0	0
6025	14.62	736557.38	60623560	13953.61	54327.25	0	0
6026	14.62	736596.88	60623844	13966.57	54439.42	0	0
6057	14.66	738215.56	60635688	14436.17	57917.61	0	0
6086	14.8	739389.38	60643984	14858.54	61169.84	0	0
6087	14.81	739429.88	60644268	14873.32	61281.98	0	0
6118	14.86	740833.88	60654300	15337.37	64759.57	0	0
6148	14.89	742346.69	60665104	15804.25	68125.73	0	0
6179	14.14	744213.44	60679572	16256.47	68208.59	0	0
6210	14.01	746045.25	60695680	16694.2	68443.59	0	0
6239	14.45	747704.19	60707576	17093.41	71353.15	0	0
6240	14.42	747803.25	60775688	17107.45	71453.59	0	0
6271	13.99	750718.31	62224272	17557.74	76868.65	0	0
6301	14	753170.88	63274728	17928.89	84785.95	0	0
6332	13.19	756403.63	64366340	18417.88	91876.43	0	0
6363	12.64	759358.06	65286480	18862.36	98280.04	0	0
6390	12.41	761996.63	65985344	19284.98	104593.96	0	0
6391	12.4	762093.44	66009252	19305.47	104827.84	0	0
6422	12.17	765013.5	66639940	19807.06	112414.54	0	0
6452	12.13	767685.75	67117728	20302.6	120610.55	0	0
6483	11.79	770258.94	67516624	20752.8	127100.71	0	0
6513	11.56	772765.75	67821592	21269.36	132805.55	0	0
6544	11.15	775476.06	68113720	21804.09	136148.36	0	0
6575	10.97	778148.5	68390008	22323.14	139246.55	0	0
6604	10.82	780583.13	68657144	22779.61	141769.38	0	0
6636	10.64	783248.06	68937720	23301.54	143902.64	0	0
6666	10.5	787093.25	69281648	23724.96	146445.59	0	0
6697	10.37	790936.63	69649160	24200.07	149144.14	0	0
6728	10.25	794585.13	70024808	24643.98	151435.44	0	0
6756	10.14	797737.56	70374408	24967.99	153440.2	0	0
6787	9.98	801444.38	70787552	25418.9	154626.5	0	0
6817	9.84	804997.19	71175504	25892.83	154810.03	0	0
6848	9.81	807976.88	71460512	26327.45	158612.34	0	0
6878	9.8	810815.44	71796512	26663.53	164549.08	0	0
6909	9.67	814104.5	72195512	27044.6	168443.42	0	0
6940	9.59	817014.56	72529624	27477.81	171322.61	0	0
6970	9.49	819373.81	72798712	27755.03	173591.94	0	0
7001	9.38	821657.63	73010408	28094.64	175842.42	0	0
7030	9.26	824344.63	73214408	28543.6	178495.25	0	0
7031	9.26	824426.69	73221696	28557.15	178586.73	0	0
7061	9.2	826296.63	73356840	28957.57	183189.08	0	0
7062	9.2	826303.31	73357752	28970.15	183342.53	0	0
7092	9.32	825211.94	73372368	29271.06	188195.11	0	0
7093	9.33	825199.38	73373224	29281.05	188356.89	0	0
7122	9.51	824980.13	73401664	29615.26	193089.17	0	0
7153	9.63	825053.81	73421232	29961.53	198051.28	0	0
7182	9.71	824990.06	73399736	30240.69	201755.61	0	0
7183	9.83	824993.69	73398432	30249.87	202061.98	0	0
7214	11.17	825334.94	73371424	30597.25	213470.36	0	0
7244	12.59	825916.63	73361112	31108.34	225062.05	0	0
7274	12.63	826866.63	73360784	31824.13	234104.39	0	0
7275	12.64	826899.19	73360824	31848.93	234405.34	0	0
7306	13.13	827714.19	73361024	32525.1	243878.67	0	0
7336	14.27	828901.31	73366232	33408.89	255826.97	0	0
7367	14.4	830028.81	73369680	34388.09	267259.09	0	0
