0.001 29.5237 	0.000809066 	-7.32307e-14 	
0.0101633 29.2503 	0.00106442 	8.37314e-07 	
0.0193265 28.9212 	0.00152248 	1.11568e-06 	
0.0284898 28.5946 	0.00182232 	-1.30944e-07 	
0.0376531 28.2026 	0.00240095 	4.53382e-07 	
0.0468163 27.583 	0.00481027 	2.53956e-07 	
0.0559796 26.3782 	0.00884191 	-1.33479e-06 	
0.0651429 24.5304 	0.0114585 	-0.0010528 	
0.0743061 22.4717 	0.0120269 	0.00205922 	
0.0834694 20.4719 	0.010433 	0.000541579 	
0.0926327 18.8206 	0.00961623 	0.0523903 	
0.101796 17.3198 	0.00911013 	0.0560374 	
0.110959 16.0281 	0.00663896 	0.00682812 	
0.120122 14.9632 	0.00766858 	0.0945143 	
0.129286 14.0148 	0.00525831 	-0.16576 	
0.138449 13.2058 	0.00467905 	0.019238 	
0.147612 12.5023 	0.00408994 	0.0481576 	
0.156776 11.885 	0.00336042 	0.00764766 	
0.165939 11.3593 	0.00328935 	-0.0117128 	
0.175102 10.8729 	0.00327915 	-0.0100512 	
0.184265 10.4307 	0.00303581 	0.12433 	
0.193429 10.0415 	0.00245177 	0.028821 	
0.202592 9.68784 	0.00326546 	0.060803 	
0.211755 9.37415 	0.00246056 	-0.0182596 	
0.220918 9.08095 	0.00227399 	-0.0292687 	
0.230082 8.82289 	0.00223864 	-0.0204579 	
0.239245 8.57793 	0.00196433 	0.0303105 	
0.248408 8.35385 	0.00167446 	0.0196811 	
0.257571 8.15022 	0.00190897 	0.0340471 	
0.266735 7.95813 	0.00177341 	0.0438146 	
0.275898 7.78465 	0.00146316 	-0.014091 	
0.285061 7.61955 	0.00179862 	0.0381858 	
0.294224 7.47033 	0.00186724 	-0.00462724 	
0.303388 7.32423 	0.00162417 	-0.00467463 	
0.312551 7.19178 	0.00138785 	-0.0311248 	
0.321714 7.06552 	0.00173912 	0.0441379 	
0.330878 6.95161 	0.00193176 	0.0392084 	
0.340041 6.83728 	0.00177912 	0.0505402 	
0.349204 6.73579 	0.00141073 	-0.0030818 	
0.358367 6.63983 	0.00177252 	0.0500415 	
0.367531 6.54805 	0.00122188 	0.0312385 	
0.376694 6.45611 	0.000988631 	0.0122723 	
0.385857 6.37687 	0.00125818 	0.0165745 	
0.39502 6.29929 	0.00175833 	0.0524993 	
0.404184 6.22459 	0.00105661 	0.0198456 	
0.413347 6.15502 	0.000975643 	0.0201866 	
0.42251 6.0878 	0.0011734 	0.0143916 	
0.431673 6.0265 	0.00130031 	-0.036329 	
0.440837 5.96403 	0.00129433 	0.0384656 	
0.45 5.90557 	0.00109884 	0.0235873 	
