0.001 849.959
0.0101633 851.662
0.0193265 853.896
0.0284898 865.498
0.0376531 947.088
0.0468163 1356.21
0.0559796 2726.89
0.0651429 4772.54
0.0743061 6159.46
0.0834694 7049.71
0.0926327 6811.31
0.101796 4822.17
0.110959 4036.4
0.120122 3353.28
0.129286 2655.03
0.138449 2111.14
0.147612 2274.83
0.156776 1366.95
0.165939 1142.16
0.175102 941.531
0.184265 771.652
0.193429 659.964
0.202592 558.349
0.211755 465.95
0.220918 400.95
0.230082 344.861
0.239245 303.516
0.248408 263.618
0.257571 231.467
0.266735 203.75
0.275898 180.768
0.285061 161.006
0.294224 142.888
0.303388 127.714
0.312551 114.801
0.321714 105.174
0.330878 94.8478
0.340041 86.7174
0.349204 77.3722
0.358367 71.2727
0.367531 65.4883
0.376694 59.5335
0.385857 54.8623
0.39502 51.0232
0.404184 46.3312
0.413347 43.4079
0.42251 39.9392
0.431673 37.7711
0.440837 36.162
0.45 32.7402
