0.001 2.79548
0.0101633 2.79769
0.0193265 2.80316
0.0284898 2.8353
0.0376531 3.0377
0.0468163 3.91639
0.0559796 6.56971
0.0651429 9.92224
0.0743061 12.62
0.0834694 14.2786
0.0926327 14.6152
0.101796 13.4278
0.110959 12.5554
0.120122 11.9539
0.129286 10.9035
0.138449 9.5674
0.147612 9.85581
0.156776 7.93649
0.165939 7.19558
0.175102 6.57169
0.184265 5.96699
0.193429 5.55573
0.202592 5.1105
0.211755 4.6508
0.220918 4.31968
0.230082 3.9943
0.239245 3.7394
0.248408 3.50587
0.257571 3.26646
0.266735 3.0596
0.275898 2.90745
0.285061 2.71226
0.294224 2.55054
0.303388 2.40548
0.312551 2.27633
0.321714 2.18722
0.330878 2.06473
0.340041 1.97363
0.349204 1.85562
0.358367 1.78302
0.367531 1.70208
0.376694 1.61954
0.385857 1.55356
0.39502 1.50327
0.404184 1.42276
0.413347 1.37372
0.42251 1.31639
0.431673 1.27956
0.440837 1.24559
0.45 1.18601
