0.001 1.28433
0.0101633 1.28433
0.0193265 1.28433
0.0284898 1.28431
0.0376531 1.28412
0.0468163 1.28308
0.0559796 1.27963
0.0651429 1.27275
0.0743061 1.26397
0.0834694 1.25509
0.0926327 1.24692
0.101796 1.23968
0.110959 1.23337
0.120122 1.22796
0.129286 1.22318
0.138449 1.21907
0.147612 1.21541
0.156776 1.21221
0.165939 1.20933
0.175102 1.20684
0.184265 1.2046
0.193429 1.20256
0.202592 1.20076
0.211755 1.19909
0.220918 1.19757
0.230082 1.19621
0.239245 1.19495
0.248408 1.1938
0.257571 1.19273
0.266735 1.19174
0.275898 1.19082
0.285061 1.18997
0.294224 1.18917
0.303388 1.18843
0.312551 1.18774
0.321714 1.18709
0.330878 1.18648
0.340041 1.18589
0.349204 1.18535
0.358367 1.18483
0.367531 1.18434
0.376694 1.18387
0.385857 1.18342
0.39502 1.18299
0.404184 1.18257
0.413347 1.18217
0.42251 1.18179
0.431673 1.18142
0.440837 1.18105
0.45 1.1807
