0 5.25802
0.000250836 5.247
0.000501672 5.22855
0.000752508 5.21109
0.00100334 5.19619
0.00125418 5.1848
0.00150502 5.1773
0.00175585 5.17301
0.00200669 5.17102
0.00225753 5.17067
0.00250836 5.17166
0.0027592 5.17367
0.00301003 5.17643
0.00326087 5.17962
0.00351171 5.18308
0.00376254 5.18666
0.00401338 5.1902
0.00426421 5.19355
0.00451505 5.19658
0.00476589 5.19917
0.00501672 5.20123
0.00526756 5.20249
0.00551839 5.20292
0.00576923 5.20244
0.00602007 5.20098
0.0062709 5.19854
0.00652174 5.19471
0.00677258 5.18942
0.00702341 5.18312
0.00727425 5.17532
0.00752508 5.16554
0.00777592 5.15497
0.00802676 5.14184
0.00827759 5.12769
0.00852843 5.11168
0.00877926 5.0936
0.0090301 5.07443
0.00928094 5.05241
0.00953177 5.02967
0.00978261 5.00392
0.0100334 4.97713
0.0102843 4.9481
0.0105351 4.91678
0.010786 4.88511
0.0110368 4.84938
0.0112876 4.81514
0.0115385 4.77493
0.0117893 4.73504
0.0120401 4.69396
0.012291 4.64903
0.0125418 4.60562
0.0127926 4.55737
0.0130435 4.50783
0.0132943 4.46061
0.0135452 4.40629
0.013796 4.35218
0.0140468 4.30062
0.0142977 4.24174
0.0145485 4.18321
0.0147993 4.12722
0.0150502 4.06501
0.015301 4.00233
0.0155518 3.94131
0.0158027 3.87778
0.0160535 3.81113
0.0163043 3.74468
0.0165552 3.68161
0.016806 3.61122
0.0170569 3.54149
0.0173077 3.47309
0.0175585 3.40469
0.0178094 3.33174
0.0180602 3.25934
0.018311 3.18882
0.0185619 3.11741
0.0188127 3.04245
0.0190635 2.96808
0.0193144 2.89528
0.0195652 2.82306
0.0198161 2.74668
0.0200669 2.67115
0.0203177 2.59596
0.0205686 2.52431
0.0208194 2.44782
0.0210702 2.37178
0.0213211 2.29601
0.0215719 2.22223
0.0218227 2.14898
0.0220736 2.07283
0.0223244 1.99784
0.0225753 1.92285
0.0228261 1.8504
0.0230769 1.77787
0.0233278 1.70391
0.0235786 1.63122
0.0238294 1.55853
0.0240803 1.48782
0.0243311 1.41825
0.0245819 1.34851
0.0248328 1.28016
0.0250836 1.212
0.0253344 1.1445
0.0255853 1.07905
0.0258361 1.01537
0.026087 0.952772
0.0263378 0.891276
0.0265886 0.829781
0.0268395 0.769479
0.0270903 0.710212
0.0273411 0.65628
0.027592 0.603287
0.0278428 0.551221
0.0280936 0.499154
0.0283445 0.447836
0.0285953 0.397121
0.0288462 0.35578
0.029097 0.315926
0.0293478 0.277559
0.0295987 0.239191
0.0298495 0.200861
0.0301003 0.162677
0.0303512 0.133387
0.030602 0.113657
0.0308528 0.0959172
0.0311037 0.0787042
0.0313545 0.0614913
0.0316054 0.0435935
0.0318562 0.024998
0.032107 0.0169164
0.0323579 0.0139037
0.0326087 0.0116219
0.0328595 0.00943323
0.0331104 0.00724452
0.0333612 0.00479075
0.033612 0.00194708
0.0338629 0.000434567
0.0341137 0.000360696
0.0343645 0.000305973
0.0346154 0.00026448
0.0348662 0.000222986
0.0351171 0.000181492
0.0353679 0.000114159
0.0356187 4.43058e-05
0.0358696 3.53381e-05
0.0361204 3.48542e-05
0.0363712 3.45691e-05
0.0366221 3.43108e-05
0.0368729 3.40526e-05
0.0371237 3.37943e-05
0.0373746 3.33379e-05
0.0376254 3.28799e-05
0.0378763 3.28066e-05
0.0381271 3.28052e-05
0.0383779 3.28047e-05
0.0386288 3.28045e-05
0.0388796 3.28044e-05
0.0391304 3.28042e-05
0.0393813 3.28035e-05
0.0396321 3.28023e-05
0.0398829 3.28021e-05
0.0401338 3.28035e-05
0.0403846 3.28049e-05
0.0406355 3.28065e-05
0.0408863 3.2808e-05
0.0411371 3.28096e-05
0.041388 3.28111e-05
0.0416388 3.28127e-05
0.0418896 3.28143e-05
0.0421405 3.2816e-05
0.0423913 3.28178e-05
0.0426421 3.28196e-05
0.042893 3.28215e-05
0.0431438 3.28235e-05
0.0433946 3.28254e-05
0.0436455 3.28273e-05
0.0438963 3.28292e-05
0.0441472 3.28312e-05
0.044398 3.28332e-05
0.0446488 3.28355e-05
0.0448997 3.28378e-05
0.0451505 3.28402e-05
0.0454013 3.28425e-05
0.0456522 3.28449e-05
0.045903 3.28473e-05
0.0461538 3.28497e-05
0.0464047 3.28521e-05
0.0466555 3.28546e-05
0.0469064 3.28571e-05
0.0471572 3.28618e-05
0.047408 3.2867e-05
0.0476589 3.28721e-05
0.0479097 3.28771e-05
0.0481605 3.28821e-05
0.0484114 3.28871e-05
0.0486622 3.28921e-05
0.048913 3.28972e-05
0.0491639 3.29023e-05
0.0494147 3.29074e-05
0.0496656 3.29162e-05
0.0499164 3.29344e-05
0.0501672 3.29525e-05
0.0504181 3.29702e-05
0.0506689 3.29874e-05
0.0509197 3.30047e-05
0.0511706 3.30219e-05
0.0514214 3.30391e-05
0.0516722 3.30564e-05
0.0519231 3.30739e-05
0.0521739 3.30915e-05
0.0524247 3.31146e-05
0.0526756 3.31984e-05
0.0529264 3.32821e-05
0.0531773 3.33652e-05
0.0534281 3.34445e-05
0.0536789 3.35238e-05
0.0539298 3.36031e-05
0.0541806 3.36823e-05
0.0544314 3.37616e-05
0.0546823 3.38413e-05
0.0549331 3.39215e-05
0.0551839 3.40017e-05
0.0554348 3.41618e-05
0.0556856 3.45567e-05
0.0559365 3.49515e-05
0.0561873 3.53435e-05
0.0564381 3.57196e-05
0.056689 3.60956e-05
0.0569398 3.64717e-05
0.0571906 3.68477e-05
0.0574415 3.72237e-05
0.0576923 3.75999e-05
0.0579431 3.79778e-05
0.058194 3.83556e-05
0.0584448 3.87335e-05
0.0586957 4.01558e-05
0.0589465 4.19235e-05
0.0591973 4.36912e-05
0.0594482 4.5426e-05
0.059699 4.71235e-05
0.0599498 4.8821e-05
0.0602007 5.05185e-05
0.0604515 5.2216e-05
0.0607023 5.39135e-05
0.0609532 5.56107e-05
0.061204 5.73042e-05
0.0614548 5.89976e-05
0.0617057 6.0691e-05
0.0619565 6.52199e-05
0.0622074 7.21776e-05
0.0624582 7.91354e-05
0.062709 8.60783e-05
0.0629599 9.28217e-05
0.0632107 9.9565e-05
0.0634615 0.000106308
0.0637124 0.000113052
0.0639632 0.000119795
0.064214 0.000126538
0.0644649 0.000133261
0.0647157 0.000139936
0.0649666 0.000146611
0.0652174 0.000153286
0.0654682 0.00016825
0.0657191 0.000189342
0.0659699 0.000210434
0.0662207 0.000231526
0.0664716 0.000252217
0.0667224 0.000272869
0.0669732 0.00029352
0.0672241 0.000314171
0.0674749 0.000334823
0.0677258 0.000355474
0.0679766 0.000376125
0.0682274 0.000396482
0.0684783 0.000416748
0.0687291 0.000437013
0.0689799 0.000457279
0.0692308 0.000490143
0.0694816 0.000525814
0.0697324 0.000561484
0.0699833 0.000597155
0.0702341 0.000632481
0.0704849 0.000667786
0.0707358 0.000703091
0.0709866 0.000738396
0.0712375 0.000773701
0.0714883 0.000809006
0.0717391 0.000844311
0.07199 0.000879231
0.0722408 0.000913557
0.0724916 0.000947882
0.0727425 0.000982208
0.0729933 0.00100891
0.0732441 0.0010089
0.073495 0.0010089
0.0737458 0.0010089
0.0739967 0.0010089
0.0742475 0.0010089
0.0744983 0.0010089
0.0747492 0.0010089
