0 1.45524
0.000250836 1.45306
0.000501672 1.4505
0.000752508 1.4487
0.00100334 1.44741
0.00125418 1.44645
0.00150502 1.44579
0.00175585 1.4453
0.00200669 1.44493
0.00225753 1.44465
0.00250836 1.44444
0.0027592 1.44432
0.00301003 1.44425
0.00326087 1.44424
0.00351171 1.44427
0.00376254 1.44434
0.00401338 1.44445
0.00426421 1.4446
0.00451505 1.44476
0.00476589 1.44495
0.00501672 1.44515
0.00526756 1.44536
0.00551839 1.44558
0.00576923 1.4458
0.00602007 1.446
0.0062709 1.4462
0.00652174 1.44639
0.00677258 1.44655
0.00702341 1.44668
0.00727425 1.4468
0.00752508 1.44686
0.00777592 1.4469
0.00802676 1.44688
0.00827759 1.44682
0.00852843 1.44671
0.00877926 1.44653
0.0090301 1.44631
0.00928094 1.44598
0.00953177 1.44563
0.00978261 1.44515
0.0100334 1.44464
0.0102843 1.44401
0.0105351 1.44329
0.010786 1.44251
0.0110368 1.44156
0.0112876 1.44066
0.0115385 1.43944
0.0117893 1.43825
0.0120401 1.43693
0.012291 1.4354
0.0125418 1.43395
0.0127926 1.43215
0.0130435 1.43028
0.0132943 1.42852
0.0135452 1.42624
0.013796 1.42397
0.0140468 1.42183
0.0142977 1.4191
0.0145485 1.41638
0.0147993 1.41383
0.0150502 1.41067
0.015301 1.40746
0.0155518 1.40438
0.0158027 1.40093
0.0160535 1.39715
0.0163043 1.39344
0.0165552 1.38987
0.016806 1.38547
0.0170569 1.3811
0.0173077 1.37689
0.0175585 1.37246
0.0178094 1.36741
0.0180602 1.36239
0.018311 1.3576
0.0185619 1.35244
0.0188127 1.34667
0.0190635 1.34095
0.0193144 1.33547
0.0195652 1.32976
0.0198161 1.32324
0.0200669 1.31677
0.0203177 1.31046
0.0205686 1.30439
0.0208194 1.29718
0.0210702 1.2899
0.0213211 1.28266
0.0215719 1.27578
0.0218227 1.26859
0.0220736 1.26045
0.0223244 1.25238
0.0225753 1.24436
0.0228261 1.23678
0.0230769 1.22864
0.0233278 1.21967
0.0235786 1.21079
0.0238294 1.20192
0.0240803 1.19355
0.0243311 1.18484
0.0245819 1.17504
0.0248328 1.16529
0.0250836 1.1556
0.0253344 1.14625
0.0255853 1.13711
0.0258361 1.1268
0.026087 1.11617
0.0263378 1.10567
0.0265886 1.09518
0.0268395 1.08524
0.0270903 1.0753
0.0273411 1.06387
0.027592 1.05247
0.0278428 1.0412
0.0280936 1.02993
0.0283445 1.01926
0.0285953 1.0086
0.0288462 0.996561
0.029097 0.984404
0.0293478 0.972405
0.0295987 0.960422
0.0298495 0.948849
0.0301003 0.937502
0.0303512 0.925449
0.030602 0.912637
0.0308528 0.899894
0.0311037 0.887273
0.0313545 0.874653
0.0316054 0.862662
0.0318562 0.850697
0.032107 0.837792
0.0323579 0.824433
0.0326087 0.811165
0.0328595 0.798016
0.0331104 0.784868
0.0333612 0.772316
0.033612 0.759833
0.0338629 0.746734
0.0341137 0.732968
0.0343645 0.719228
0.0346154 0.705691
0.0348662 0.692154
0.0351171 0.678904
0.0353679 0.666033
0.0356187 0.653162
0.0358696 0.639305
0.0361204 0.625312
0.0363712 0.611409
0.0366221 0.597663
0.0368729 0.583916
0.0371237 0.570523
0.0373746 0.557429
0.0376254 0.544335
0.0378763 0.530481
0.0381271 0.516484
0.0383779 0.502539
0.0386288 0.488808
0.0388796 0.475078
0.0391304 0.461474
0.0393813 0.448368
0.0396321 0.435262
0.0398829 0.421999
0.0401338 0.408448
0.0403846 0.394897
0.0406355 0.38151
0.0408863 0.368256
0.0411371 0.355001
0.041388 0.341964
0.0416388 0.329265
0.0418896 0.316566
0.0421405 0.303929
0.0423913 0.291393
0.0426421 0.278858
0.042893 0.266458
0.0431438 0.254247
0.0433946 0.242036
0.0436455 0.22986
0.0438963 0.218102
0.0441472 0.206345
0.044398 0.194588
0.0446488 0.183768
0.0448997 0.17306
0.0451505 0.162352
0.0454013 0.151922
0.0456522 0.141576
0.045903 0.131231
0.0461538 0.120955
0.0464047 0.110902
0.0466555 0.100849
0.0469064 0.0907959
0.0471572 0.0833691
0.047408 0.0763325
0.0476589 0.0692958
0.0479097 0.0625432
0.0481605 0.0560081
0.0484114 0.049473
0.0486622 0.0429379
0.048913 0.036338
0.0491639 0.0297252
0.0494147 0.0231125
0.0496656 0.0178649
0.0499164 0.016156
0.0501672 0.014447
0.0504181 0.0127381
0.0506689 0.0112537
0.0509197 0.00983034
0.0511706 0.00840698
0.0514214 0.00698363
0.0516722 0.00540475
0.0519231 0.00379691
0.0521739 0.00218907
0.0524247 0.000711078
0.0526756 0.000645081
0.0529264 0.000579085
0.0531773 0.000513089
0.0534281 0.00045508
0.0536789 0.00040937
0.0539298 0.00036366
0.0541806 0.000317949
0.0544314 0.00026851
0.0546823 0.000206328
0.0549331 0.000144146
0.0551839 8.19643e-05
0.0554348 3.60904e-05
0.0556856 3.81222e-05
0.0559365 4.0154e-05
0.0561873 4.21857e-05
0.0564381 4.42376e-05
0.056689 4.63261e-05
0.0569398 4.84146e-05
0.0571906 5.05031e-05
0.0574415 5.25916e-05
0.0576923 5.45148e-05
0.0579431 5.64292e-05
0.058194 5.83437e-05
0.0584448 6.02581e-05
0.0586957 6.50577e-05
0.0589465 7.08114e-05
0.0591973 7.65651e-05
0.0594482 8.23188e-05
0.059699 8.79471e-05
0.0599498 9.35018e-05
0.0602007 9.90564e-05
0.0604515 0.000104611
0.0607023 0.000110166
0.0609532 0.000115598
0.061204 0.000121027
0.0614548 0.000126457
0.0617057 0.000131886
0.0619565 0.000140262
0.0622074 0.000151161
0.0624582 0.000162061
0.062709 0.000172961
0.0629599 0.000183805
0.0632107 0.000194401
0.0634615 0.000204997
0.0637124 0.000215593
0.0639632 0.000226189
0.064214 0.000236707
0.0644649 0.000247005
0.0647157 0.000257303
0.0649666 0.000267602
0.0652174 0.0002779
0.0654682 0.000290711
0.0657191 0.000305379
0.0659699 0.000320048
0.0662207 0.000334716
0.0664716 0.000349384
0.0667224 0.000363762
0.0669732 0.00037813
0.0672241 0.000392499
0.0674749 0.000406868
0.0677258 0.000421237
0.0679766 0.000435227
0.0682274 0.000449105
0.0684783 0.000462983
0.0687291 0.000476861
0.0689799 0.000490739
0.0692308 0.000501806
0.0694816 0.000512248
0.0697324 0.00052269
0.0699833 0.000533132
0.0702341 0.000543573
0.0704849 0.000553891
0.0707358 0.000564203
0.0709866 0.000574515
0.0712375 0.000584827
0.0714883 0.000595139
0.0717391 0.000605259
0.07199 0.000615153
0.0722408 0.000625047
0.0724916 0.00063494
0.0727425 0.000644834
0.0729933 0.000652529
0.0732441 0.000652528
0.073495 0.000652527
0.0737458 0.000652526
0.0739967 0.000652525
0.0742475 0.000652524
0.0744983 0.000652524
0.0747492 0.000652524
