0 8.31709 	0.000827544 	0.0126263 	
0.000250836 8.31496 	0.00340069 	0.00907635 	
0.000501672 8.31129 	0.00607903 	0.0110367 	
0.000752508 8.30647 	0.00905613 	0.00651204 	
0.00100334 8.3004 	0.0119988 	0.00378671 	
0.00125418 8.2931 	0.0149354 	0.00303473 	
0.00150502 8.28447 	0.017847 	0.00395574 	
0.00175585 8.27437 	0.0207475 	0.0038263 	
0.00200669 8.26276 	0.0236185 	0.00211632 	
0.00225753 8.24989 	0.026462 	0.00185307 	
0.00250836 8.23567 	0.0292761 	0.00197455 	
0.0027592 8.22007 	0.0320733 	0.00286915 	
0.00301003 8.2029 	0.0348225 	0.00140864 	
0.00326087 8.18451 	0.0375377 	0.00122016 	
0.00351171 8.16484 	0.0402155 	0.00107574 	
0.00376254 8.14388 	0.0428708 	0.00173067 	
0.00401338 8.12149 	0.0454581 	0.00119895 	
0.00426421 8.09787 	0.0479931 	0.000815907 	
0.00451505 8.0731 	0.0504991 	0.000725187 	
0.00476589 8.04713 	0.0530259 	0.000960303 	
0.00501672 8.0198 	0.055494 	0.00107398 	
0.00526756 7.99143 	0.0577661 	0.000800944 	
0.00551839 7.9617 	0.0600126 	0.000494268 	
0.00576923 7.93092 	0.0622246 	0.000463539 	
0.00602007 7.89907 	0.0643857 	0.000437287 	
0.0062709 7.86659 	0.0664914 	0.000613288 	
0.00652174 7.83281 	0.0685142 	0.000520865 	
0.00677258 7.79761 	0.0704641 	0.000345251 	
0.00702341 7.76176 	0.0723641 	0.000367392 	
0.00727425 7.72551 	0.0741893 	0.000467245 	
0.00752508 7.68732 	0.0759253 	0.000290508 	
0.00777592 7.6492 	0.0776292 	0.000432313 	
0.00802676 7.60956 	0.0792139 	0.000258993 	
0.00827759 7.56905 	0.0807478 	0.000256872 	
0.00852843 7.52864 	0.0822162 	0.00032182 	
0.00877926 7.4863 	0.08358 	0.00023638 	
0.0090301 7.4446 	0.0849122 	0.000351602 	
0.00928094 7.40064 	0.08611 	0.000221071 	
0.00953177 7.35762 	0.0872961 	0.000330618 	
0.00978261 7.31229 	0.0883357 	0.000209362 	
0.0100334 7.2679 	0.0893579 	0.000270544 	
0.0102843 7.2215 	0.0902537 	0.000200134 	
0.0105351 7.17571 	0.0911001 	0.000191128 	
0.010786 7.1291 	0.0918838 	0.000270127 	
0.0110368 7.08156 	0.0925381 	0.000184906 	
0.0112876 7.03516 	0.0932313 	0.000370416 	
0.0115385 6.98556 	0.0936728 	0.000179558 	
0.0117893 6.93766 	0.0941598 	0.000212123 	
0.0120401 6.88848 	0.0945353 	0.000230194 	
0.012291 6.83897 	0.0948059 	0.000168621 	
0.0125418 6.79048 	0.0951125 	0.000294673 	
0.0127926 6.73916 	0.095181 	0.000164988 	
0.0130435 6.68932 	0.0952622 	0.000159052 	
0.0132943 6.64023 	0.0953727 	0.000325537 	
0.0135452 6.58776 	0.0951733 	0.000156129 	
0.013796 6.53722 	0.0950414 	0.00015042 	
0.0140468 6.48744 	0.0949352 	0.000306677 	
0.0142977 6.43436 	0.0945112 	0.000148077 	
0.0145485 6.38329 	0.0941674 	0.000142522 	
0.0147993 6.33298 	0.0938504 	0.000271552 	
0.0150502 6.27954 	0.0932215 	0.000140712 	
0.015301 6.2281 	0.0926535 	0.000135278 	
0.0155518 6.17714 	0.0921029 	0.000204848 	
0.0158027 6.12462 	0.0913604 	0.000183664 	
0.0160535 6.07219 	0.0905315 	0.000128667 	
0.0163043 6.02057 	0.0897395 	0.000123353 	
0.0165552 5.96984 	0.0889661 	0.000248559 	
0.016806 5.91603 	0.0878401 	0.000122673 	
0.0170569 5.86444 	0.0868239 	0.000117497 	
0.0173077 5.81323 	0.0858208 	0.000156481 	
0.0175585 5.76158 	0.0847073 	0.000193292 	
0.0178094 5.70866 	0.0833883 	0.000112252 	
0.0180602 5.65731 	0.0821522 	0.000107242 	
0.018311 5.6065 	0.0809346 	0.000156264 	
0.0185619 5.55496 	0.0795688 	0.000170271 	
0.0188127 5.50263 	0.0780343 	0.000102745 	
0.0190635 5.45176 	0.076582 	9.79307e-05 	
0.0193144 5.40135 	0.0751452 	0.00013202 	
0.0195652 5.35081 	0.0736192 	0.000169829 	
0.0198161 5.29879 	0.071847 	9.41507e-05 	
0.0200669 5.24864 	0.0701876 	8.95601e-05 	
0.0203177 5.1986 	0.0685317 	9.25469e-05 	
0.0205686 5.14959 	0.0669102 	0.000170184 	
0.0208194 5.09839 	0.0649444 	0.000104279 	
0.0210702 5.04869 	0.0630549 	8.20877e-05 	
0.0213211 4.99953 	0.0611992 	7.77456e-05 	
0.0215719 4.95098 	0.0593646 	0.000110539 	
0.0218227 4.90236 	0.0574425 	0.000137148 	
0.0220736 4.85247 	0.0552751 	7.54353e-05 	
0.0223244 4.80457 	0.05324 	7.13609e-05 	
0.0225753 4.75667 	0.0512049 	6.72865e-05 	
0.0228261 4.70957 	0.0491979 	0.000104729 	
0.0230769 4.66215 	0.0470642 	0.00011435 	
0.0233278 4.61401 	0.0447458 	6.57036e-05 	
0.0235786 4.56765 	0.0425525 	6.19102e-05 	
0.0238294 4.5213 	0.0403591 	5.81168e-05 	
0.0240803 4.47564 	0.0381904 	8.40716e-05 	
0.0243311 4.43012 	0.0359605 	0.000106185 	
0.0245819 4.38375 	0.0334946 	6.2033e-05 	
0.0248328 4.33902 	0.0311505 	5.36354e-05 	
0.0250836 4.29451 	0.0288231 	5.01321e-05 	
0.0253344 4.25028 	0.0265056 	5.61701e-05 	
0.0255853 4.20688 	0.0242172 	9.04248e-05 	
0.0258361 4.16298 	0.0217411 	7.03658e-05 	
0.026087 4.11955 	0.0192581 	4.64069e-05 	
0.0263378 4.07723 	0.0168592 	4.31976e-05 	
0.0265886 4.03492 	0.0144603 	3.99884e-05 	
0.0268395 3.99321 	0.012085 	5.35245e-05 	
0.0270903 3.95197 	0.00972301 	7.8787e-05 	
0.0273411 3.91071 	0.00711602 	5.20724e-05 	
0.027592 3.87018 	0.00457044 	3.71597e-05 	
0.0278428 3.83042 	0.0020873 	3.42458e-05 	
0.0280936 3.79066 	-0.000395842 	3.13319e-05 	
0.0283445 3.7515 	-0.00285672 	4.08568e-05 	
0.0285953 3.71281 	-0.00530025 	6.00781e-05 	
0.0288462 3.67514 	-0.0078889 	4.34771e-05 	
0.029097 3.63793 	-0.0104548 	2.92412e-05 	
0.0293478 3.60158 	-0.0129448 	2.66511e-05 	
0.0295987 3.56522 	-0.0154348 	2.4061e-05 	
0.0298495 3.5291 	-0.017916 	2.48528e-05 	
0.0301003 3.49383 	-0.020365 	3.8083e-05 	
0.0303512 3.45957 	-0.0227912 	3.84411e-05 	
0.030602 3.42641 	-0.025193 	2.49664e-05 	
0.0308528 3.39399 	-0.027537 	2.02657e-05 	
0.0311037 3.36178 	-0.029865 	1.80156e-05 	
0.0313545 3.32957 	-0.0321929 	1.57655e-05 	
0.0316054 3.29789 	-0.034493 	1.88058e-05 	
0.0318562 3.26674 	-0.0367658 	2.70345e-05 	
0.032107 3.23793 	-0.0389369 	2.40567e-05 	
0.0323579 3.21024 	-0.041059 	1.56759e-05 	
0.0326087 3.18306 	-0.0431291 	1.30009e-05 	
0.0328595 3.15596 	-0.045192 	1.11205e-05 	
0.0331104 3.12885 	-0.0472548 	9.24011e-06 	
0.0333612 3.10219 	-0.0492996 	9.8921e-06 	
0.033612 3.07615 	-0.0513188 	1.41174e-05 	
0.0338629 3.05296 	-0.0531487 	1.42439e-05 	
0.0341137 3.03284 	-0.0547742 	9.94041e-06 	
0.0343645 3.01269 	-0.0564194 	7.31098e-06 	
0.0346154 2.99252 	-0.0580786 	5.88609e-06 	
0.0348662 2.97235 	-0.0597379 	4.46121e-06 	
0.0351171 2.95217 	-0.0613971 	3.03632e-06 	
0.0353679 2.93314 	-0.0629642 	4.17214e-06 	
0.0356187 2.9142 	-0.0645235 	5.52529e-06 	
0.0358696 2.90487 	-0.0649628 	4.48115e-06 	
0.0361204 2.89689 	-0.0652461 	3.10298e-06 	
0.0363712 2.88823 	-0.0656392 	2.34226e-06 	
0.0366221 2.87949 	-0.0660485 	1.6732e-06 	
0.0368729 2.87074 	-0.0664578 	1.00414e-06 	
0.0371237 2.86199 	-0.0668668 	3.37486e-07 	
0.0373746 2.85446 	-0.0671649 	4.68962e-07 	
0.0376254 2.84693 	-0.0674631 	6.00437e-07 	
0.0378763 2.84552 	-0.0671261 	5.08249e-07 	
0.0381271 2.84524 	-0.0666708 	3.74342e-07 	
0.0383779 2.84481 	-0.0662447 	2.78553e-07 	
0.0386288 2.84432 	-0.0658298 	1.97456e-07 	
0.0388796 2.84383 	-0.065415 	1.16359e-07 	
0.0391304 2.84333 	-0.0650002 	3.52613e-08 	
0.0393813 2.84299 	-0.0645946 	6.7894e-09 	
0.0396321 2.84273 	-0.0641942 	8.6582e-09 	
0.0398829 2.84272 	-0.0638106 	9.20172e-09 	
0.0401338 2.84317 	-0.0634577 	7.29835e-09 	
0.0403846 2.84363 	-0.063108 	5.46245e-09 	
0.0406355 2.84407 	-0.0627843 	4.1734e-09 	
0.0408863 2.84451 	-0.0624606 	2.88435e-09 	
0.0411371 2.84495 	-0.0621369 	1.59531e-09 	
0.041388 2.84539 	-0.0618132 	3.06261e-10 	
0.0416388 2.84582 	-0.0615026 	4.46253e-11 	
0.0418896 2.84625 	-0.0611956 	5.60008e-11 	
0.0421405 2.84668 	-0.0608821 	5.87116e-11 	
0.0423913 2.84711 	-0.0605579 	4.71256e-11 	
0.0426421 2.84753 	-0.0602339 	3.55867e-11 	
0.042893 2.84795 	-0.059934 	2.95521e-11 	
0.0431438 2.84836 	-0.0596341 	2.35176e-11 	
0.0433946 2.84878 	-0.0593343 	1.7483e-11 	
0.0436455 2.84919 	-0.0590344 	1.14484e-11 	
0.0438963 2.8496 	-0.058742 	9.62979e-12 	
0.0441472 2.85 	-0.0584592 	1.31063e-11 	
0.044398 2.85041 	-0.0581763 	1.65828e-11 	
0.0446488 2.8508 	-0.0578756 	1.37895e-11 	
0.0448997 2.85119 	-0.0575728 	1.02486e-11 	
0.0451505 2.85157 	-0.0572793 	7.14517e-12 	
0.0454013 2.85195 	-0.0570003 	4.72584e-12 	
0.0456522 2.85233 	-0.0567213 	2.30651e-12 	
0.045903 2.85271 	-0.0564422 	-1.12822e-13 	
0.0461538 2.85308 	-0.0561632 	-2.53215e-12 	
0.0464047 2.85345 	-0.0558919 	-4.40285e-12 	
0.0466555 2.85382 	-0.0556266 	-5.85179e-12 	
0.0469064 2.85419 	-0.0553613 	-7.30073e-12 	
0.0471572 2.85455 	-0.0551141 	-6.20316e-12 	
0.047408 2.8549 	-0.0548697 	-4.72739e-12 	
0.0476589 2.85525 	-0.0546298 	-3.51341e-12 	
0.0479097 2.85559 	-0.0544052 	-3.20125e-12 	
0.0481605 2.85593 	-0.0541806 	-2.88909e-12 	
0.0484114 2.85627 	-0.053956 	-2.57693e-12 	
0.0486622 2.85661 	-0.0537314 	-2.26477e-12 	
0.048913 2.85695 	-0.0535083 	-2.08738e-12 	
0.0491639 2.85728 	-0.0532958 	-2.84311e-12 	
0.0494147 2.85761 	-0.0530834 	-3.59883e-12 	
0.0496656 2.85794 	-0.0528586 	-3.92989e-12 	
0.0499164 2.85826 	-0.0526017 	-3.16017e-12 	
0.0501672 2.85858 	-0.0523448 	-2.39045e-12 	
0.0504181 2.85889 	-0.0520973 	-1.91383e-12 	
0.0506689 2.8592 	-0.0518599 	-1.75177e-12 	
0.0509197 2.8595 	-0.0516224 	-1.58971e-12 	
0.0511706 2.85981 	-0.051385 	-1.42765e-12 	
0.0514214 2.86012 	-0.0511475 	-1.26559e-12 	
0.0516722 2.86042 	-0.0509111 	-1.1566e-12 	
0.0519231 2.86072 	-0.0506846 	-1.55993e-12 	
0.0521739 2.86102 	-0.0504581 	-1.96327e-12 	
0.0524247 2.86132 	-0.050236 	-2.29805e-12 	
0.0526756 2.8616 	-0.0500613 	-1.88724e-12 	
0.0529264 2.86187 	-0.0498866 	-1.47643e-12 	
0.0531773 2.86215 	-0.0497138 	-1.10397e-12 	
0.0534281 2.86242 	-0.0495542 	-9.89744e-13 	
0.0536789 2.86268 	-0.0493947 	-8.7552e-13 	
0.0539298 2.86295 	-0.0492351 	-7.61295e-13 	
0.0541806 2.86322 	-0.0490756 	-6.47071e-13 	
0.0544314 2.86349 	-0.048916 	-5.32846e-13 	
0.0546823 2.86375 	-0.0487604 	-5.40934e-13 	
0.0549331 2.86402 	-0.04861 	-7.08127e-13 	
0.0551839 2.86428 	-0.0484596 	-8.75321e-13 	
0.0554348 2.86453 	-0.0482894 	-9.56805e-13 	
0.0556856 2.86478 	-0.0480612 	-7.86513e-13 	
0.0559365 2.86503 	-0.047833 	-6.16222e-13 	
0.0561873 2.86527 	-0.047607 	-4.13484e-13 	
0.0564381 2.86551 	-0.0473954 	4.1788e-15 	
0.056689 2.86575 	-0.0471838 	4.21842e-13 	
0.0569398 2.86599 	-0.0469722 	8.39505e-13 	
0.0571906 2.86623 	-0.0467606 	1.25717e-12 	
0.0574415 2.86647 	-0.0465489 	1.67483e-12 	
0.0576923 2.86671 	-0.0463383 	2.09424e-12 	
0.0579431 2.86695 	-0.0461352 	2.52736e-12 	
0.058194 2.86718 	-0.0459321 	2.96048e-12 	
0.0584448 2.86742 	-0.0457289 	3.3936e-12 	
0.0586957 2.86763 	-0.0455959 	3.16971e-12 	
0.0589465 2.86783 	-0.0454861 	2.72856e-12 	
0.0591973 2.86803 	-0.0453762 	2.28742e-12 	
0.0594482 2.86822 	-0.0452713 	1.71467e-12 	
0.059699 2.86842 	-0.0451725 	9.81885e-13 	
0.0599498 2.86861 	-0.0450737 	2.49103e-13 	
0.0602007 2.86881 	-0.0449749 	-4.83678e-13 	
0.0604515 2.869 	-0.0448761 	-1.21646e-12 	
0.0607023 2.8692 	-0.0447773 	-1.94924e-12 	
0.0609532 2.86939 	-0.0446791 	-2.68878e-12 	
0.061204 2.86959 	-0.0445872 	-3.49574e-12 	
0.0614548 2.86978 	-0.0444952 	-4.30271e-12 	
0.0617057 2.86997 	-0.0444033 	-5.10968e-12 	
0.0619565 2.87015 	-0.0442464 	-5.0393e-12 	
0.0622074 2.87033 	-0.044034 	-4.21738e-12 	
0.0624582 2.87051 	-0.0438216 	-3.39545e-12 	
0.062709 2.87069 	-0.0436099 	-2.58038e-12 	
0.0629599 2.87086 	-0.0434121 	-1.8932e-12 	
0.0632107 2.87104 	-0.0432143 	-1.20602e-12 	
0.0634615 2.87121 	-0.0430165 	-5.18838e-13 	
0.0637124 2.87139 	-0.0428187 	1.68344e-13 	
0.0639632 2.87156 	-0.0426209 	8.55525e-13 	
0.064214 2.87174 	-0.042423 	1.54271e-12 	
0.0644649 2.87191 	-0.0422274 	2.19447e-12 	
0.0647157 2.87208 	-0.0420361 	2.77407e-12 	
0.0649666 2.87225 	-0.0418447 	3.35367e-12 	
0.0652174 2.87242 	-0.0416534 	3.93327e-12 	
0.0654682 2.87257 	-0.0415425 	3.84021e-12 	
0.0657191 2.87269 	-0.041491 	3.24987e-12 	
0.0659699 2.87281 	-0.0414394 	2.65952e-12 	
0.0662207 2.87293 	-0.0413879 	2.06918e-12 	
0.0664716 2.87305 	-0.0413431 	1.77778e-12 	
0.0667224 2.87317 	-0.041299 	1.52371e-12 	
0.0669732 2.87329 	-0.041255 	1.26963e-12 	
0.0672241 2.87341 	-0.041211 	1.01555e-12 	
0.0674749 2.87353 	-0.041167 	7.61473e-13 	
0.0677258 2.87364 	-0.041123 	5.07396e-13 	
0.0679766 2.87376 	-0.041079 	2.53318e-13 	
0.0682274 2.87388 	-0.0410391 	2.42101e-13 	
0.0684783 2.874 	-0.0410003 	2.9723e-13 	
0.0687291 2.87411 	-0.0409615 	3.52359e-13 	
0.0689799 2.87423 	-0.0409227 	4.07488e-13 	
0.0692308 2.87434 	-0.0407485 	3.71608e-13 	
0.0694816 2.87444 	-0.0405442 	3.15457e-13 	
0.0697324 2.87454 	-0.0403399 	2.59306e-13 	
0.0699833 2.87465 	-0.0401356 	2.03155e-13 	
0.0702341 2.87475 	-0.0399435 	6.33374e-14 	
0.0704849 2.87485 	-0.0397525 	-8.35121e-14 	
0.0707358 2.87495 	-0.0395615 	-2.30362e-13 	
0.0709866 2.87505 	-0.0393705 	-3.77211e-13 	
0.0712375 2.87516 	-0.0391795 	-5.24061e-13 	
0.0714883 2.87526 	-0.0389885 	-6.7091e-13 	
0.0717391 2.87536 	-0.0387975 	-8.1776e-13 	
0.07199 2.87546 	-0.0386084 	-9.99086e-13 	
0.0722408 2.87556 	-0.0384222 	-1.22897e-12 	
0.0724916 2.87566 	-0.0382359 	-1.45884e-12 	
0.0727425 2.87576 	-0.0380497 	-1.68872e-12 	
0.0729933 2.87584 	-0.0379034 	-1.81554e-12 	
0.0732441 2.87584 	-0.0378969 	-1.58158e-12 	
0.073495 2.87584 	-0.0378905 	-1.34763e-12 	
0.0737458 2.87584 	-0.0378841 	-1.11368e-12 	
0.0739967 2.87584 	-0.0378783 	-9.044e-13 	
0.0742475 2.87584 	-0.0378783 	-9.044e-13 	
0.0744983 2.87584 	-0.0378783 	-9.044e-13 	
0.0747492 2.87584 	-0.0378783 	-9.044e-13 	
