0 595.351
0.000250836 591.334
0.000501672 585.096
0.000752508 580.355
0.00100334 577.229
0.00125418 575.394
0.00150502 574.485
0.00175585 574.171
0.00200669 574.238
0.00225753 574.553
0.00250836 575.058
0.0027592 575.705
0.00301003 576.46
0.00326087 577.275
0.00351171 578.122
0.00376254 578.973
0.00401338 579.805
0.00426421 580.596
0.00451505 581.324
0.00476589 581.967
0.00501672 582.512
0.00526756 582.913
0.00551839 583.163
0.00576923 583.248
0.00602007 583.162
0.0062709 582.9
0.00652174 582.391
0.00677258 581.629
0.00702341 580.691
0.00727425 579.483
0.00752508 577.94
0.00777592 576.262
0.00802676 574.133
0.00827759 571.855
0.00852843 569.233
0.00877926 566.294
0.0090301 563.149
0.00928094 559.559
0.00953177 555.829
0.00978261 551.644
0.0100334 547.258
0.0102843 542.574
0.0105351 537.467
0.010786 532.387
0.0110368 526.63
0.0112876 521.141
0.0115385 514.769
0.0117893 508.409
0.0120401 501.975
0.012291 494.921
0.0125418 488.131
0.0127926 480.723
0.0130435 473.062
0.0132943 465.821
0.0135452 457.656
0.013796 449.456
0.0140468 441.717
0.0142977 433.073
0.0145485 424.412
0.0147993 416.189
0.0150502 407.289
0.015301 398.265
0.0155518 389.517
0.0158027 380.621
0.0160535 371.346
0.0163043 362.073
0.0165552 353.37
0.016806 343.961
0.0170569 334.57
0.0173077 325.384
0.0175585 316.384
0.0178094 306.995
0.0180602 297.629
0.018311 288.543
0.0185619 279.563
0.0188127 270.344
0.0190635 261.155
0.0193144 252.187
0.0195652 243.467
0.0198161 234.558
0.0200669 225.704
0.0203177 216.894
0.0205686 208.549
0.0208194 200.11
0.0210702 191.725
0.0213211 183.361
0.0215719 175.238
0.0218227 167.356
0.0220736 159.542
0.0223244 151.815
0.0225753 144.088
0.0228261 136.647
0.0230769 129.446
0.0233278 122.445
0.0235786 115.549
0.0238294 108.653
0.0240803 101.956
0.0243311 95.5242
0.0245819 89.5481
0.0248328 83.6897
0.0250836 77.8463
0.0253344 72.0606
0.0255853 66.4529
0.0258361 61.4872
0.026087 56.7466
0.0263378 52.0974
0.0265886 47.4482
0.0268395 42.8829
0.0270903 38.4018
0.0273411 34.9151
0.027592 31.5016
0.0278428 28.1604
0.0280936 24.8192
0.0283445 21.5126
0.0285953 18.2341
0.0288462 16.0478
0.029097 13.9994
0.0293478 12.05
0.0295987 10.1006
0.0298495 8.14648
0.0301003 6.17381
0.0303512 4.79243
0.030602 4.04648
0.0308528 3.3879
0.0311037 2.75247
0.0313545 2.11705
0.0316054 1.44812
0.0318562 0.74506
0.032107 0.460254
0.0323579 0.377098
0.0326087 0.315112
0.0328595 0.25582
0.0331104 0.196529
0.0333612 0.129466
0.033612 0.0509728
0.0338629 0.00941807
0.0341137 0.00778474
0.0343645 0.00657229
0.0346154 0.00565062
0.0348662 0.00472894
0.0351171 0.00380727
0.0353679 0.00231813
0.0356187 0.000773657
0.0358696 0.000576042
0.0361204 0.000566099
0.0363712 0.000560194
0.0366221 0.000554833
0.0368729 0.000549472
0.0371237 0.000544111
0.0373746 0.000534735
0.0376254 0.000525326
0.0378763 0.00052386
0.0381271 0.000523876
0.0383779 0.000523911
0.0386288 0.000523953
0.0388796 0.000523996
0.0391304 0.000524038
0.0393813 0.000524068
0.0396321 0.00052409
0.0398829 0.000524128
0.0401338 0.000524197
0.0403846 0.000524266
0.0406355 0.000524338
0.0408863 0.00052441
0.0411371 0.000524482
0.041388 0.000524554
0.0416388 0.000524627
0.0418896 0.000524699
0.0421405 0.000524772
0.0423913 0.000524844
0.0426421 0.000524916
0.042893 0.000524992
0.0431438 0.000525068
0.0433946 0.000525143
0.0436455 0.000525219
0.0438963 0.000525295
0.0441472 0.000525371
0.044398 0.000525447
0.0446488 0.000525522
0.0448997 0.000525597
0.0451505 0.000525673
0.0454013 0.000525751
0.0456522 0.000525829
0.045903 0.000525907
0.0461538 0.000525984
0.0464047 0.000526063
0.0466555 0.000526142
0.0469064 0.000526221
0.0471572 0.000526324
0.047408 0.00052643
0.0476589 0.000526537
0.0479097 0.000526645
0.0481605 0.000526753
0.0484114 0.00052686
0.0486622 0.000526968
0.048913 0.000527076
0.0491639 0.000527185
0.0494147 0.000527295
0.0496656 0.000527445
0.0499164 0.0005277
0.0501672 0.000527955
0.0504181 0.000528207
0.0506689 0.000528455
0.0509197 0.000528703
0.0511706 0.00052895
0.0514214 0.000529198
0.0516722 0.000529446
0.0519231 0.000529698
0.0521739 0.000529949
0.0524247 0.000530263
0.0526756 0.000531258
0.0529264 0.000532254
0.0531773 0.000533243
0.0534281 0.000534197
0.0536789 0.000535151
0.0539298 0.000536105
0.0541806 0.000537058
0.0544314 0.000538012
0.0546823 0.000538968
0.0549331 0.000539926
0.0551839 0.000540885
0.0554348 0.000542681
0.0556856 0.000546935
0.0559365 0.00055119
0.0561873 0.00055542
0.0564381 0.000559508
0.056689 0.000563596
0.0569398 0.000567684
0.0571906 0.000571772
0.0574415 0.000575859
0.0576923 0.000579946
0.0579431 0.000584023
0.058194 0.0005881
0.0584448 0.000592178
0.0586957 0.000605924
0.0589465 0.000622867
0.0591973 0.00063981
0.0594482 0.000656501
0.059699 0.000672904
0.0599498 0.000689308
0.0602007 0.000705712
0.0604515 0.000722116
0.0607023 0.000738519
0.0609532 0.000754911
0.061204 0.000771149
0.0614548 0.000787387
0.0617057 0.000803625
0.0619565 0.000841314
0.0622074 0.000897377
0.0624582 0.000953441
0.062709 0.00100941
0.0629599 0.00106414
0.0632107 0.00111887
0.0634615 0.00117359
0.0637124 0.00122832
0.0639632 0.00128305
0.064214 0.00133778
0.0644649 0.00139221
0.0647157 0.00144601
0.0649666 0.0014998
0.0652174 0.0015536
0.0654682 0.0016551
0.0657191 0.00179188
0.0659699 0.00192865
0.0662207 0.00206543
0.0664716 0.00220016
0.0667224 0.00233469
0.0669732 0.00246922
0.0672241 0.00260374
0.0674749 0.00273827
0.0677258 0.0028728
0.0679766 0.00300733
0.0682274 0.00313949
0.0684783 0.00327092
0.0687291 0.00340235
0.0689799 0.00353378
0.0692308 0.00371177
0.0694816 0.00390014
0.0697324 0.0040885
0.0699833 0.00427686
0.0702341 0.00446332
0.0704849 0.00464966
0.0707358 0.00483599
0.0709866 0.00502233
0.0712375 0.00520867
0.0714883 0.00539501
0.0717391 0.00558135
0.07199 0.0057657
0.0722408 0.00594697
0.0724916 0.00612825
0.0727425 0.00630953
0.0729933 0.00645052
0.0732441 0.0064505
0.073495 0.00645048
0.0737458 0.00645046
0.0739967 0.00645045
0.0742475 0.00645045
0.0744983 0.00645045
0.0747492 0.00645045
