0 7.3773 	0 	0 	
0.000250836 7.37589 	0.00247535 	0.0253985 	
0.000501672 7.37324 	0.00409377 	0.0125993 	
0.000752508 7.37024 	0.00615911 	0.00811928 	
0.00100334 7.36657 	0.00812697 	0.00512208 	
0.00125418 7.36213 	0.0100752 	0.00346301 	
0.00150502 7.35691 	0.0120185 	0.00249904 	
0.00175585 7.3508 	0.0139629 	0.00208128 	
0.00200669 7.34354 	0.0158849 	0.00166604 	
0.00225753 7.33553 	0.0178003 	0.00140104 	
0.00250836 7.32675 	0.0197048 	0.00121913 	
0.0027592 7.31717 	0.0216029 	0.00136269 	
0.00301003 7.30666 	0.0234775 	0.00103114 	
0.00326087 7.2954 	0.0253359 	0.000963133 	
0.00351171 7.28334 	0.0271761 	0.000911749 	
0.00376254 7.27049 	0.0290012 	0.00105807 	
0.00401338 7.25672 	0.0307974 	0.000849092 	
0.00426421 7.24219 	0.0325685 	0.00082213 	
0.00451505 7.2269 	0.0343265 	0.000798872 	
0.00476589 7.21085 	0.0361013 	0.000778165 	
0.00501672 7.19392 	0.0378506 	0.000945777 	
0.00526756 7.17633 	0.0394761 	0.000742964 	
0.00551839 7.15793 	0.0410972 	0.000727557 	
0.00576923 7.13879 	0.042702 	0.000712722 	
0.00602007 7.11896 	0.0442823 	0.000698358 	
0.0062709 7.0985 	0.0458339 	0.000707386 	
0.00652174 7.07738 	0.0473402 	0.000662743 	
0.00677258 7.05536 	0.0488143 	0.000649166 	
0.00702341 7.03279 	0.0502597 	0.000636055 	
0.00727425 7.00978 	0.0516638 	0.000640102 	
0.00752508 6.98574 	0.0530232 	0.000601768 	
0.00777592 6.96136 	0.0543595 	0.000616334 	
0.00802676 6.93629 	0.0556419 	0.000568533 	
0.00827759 6.91054 	0.0568945 	0.000557427 	
0.00852843 6.88449 	0.058105 	0.000536798 	
0.00877926 6.8575 	0.0592689 	0.000526751 	
0.0090301 6.83044 	0.0604045 	0.000529951 	
0.00928094 6.8023 	0.0614802 	0.000497978 	
0.00953177 6.77421 	0.0625347 	0.000497693 	
0.00978261 6.74504 	0.0635248 	0.000471216 	
0.0100334 6.71592 	0.0644906 	0.000453433 	
0.0102843 6.68586 	0.0653995 	0.000446448 	
0.0105351 6.65573 	0.0662704 	0.00042983 	
0.010786 6.6249 	0.0671045 	0.000423567 	
0.0110368 6.59378 	0.0678732 	0.000408147 	
0.0112876 6.56285 	0.0686504 	0.000533628 	
0.0115385 6.53024 	0.0693041 	0.000388181 	
0.0117893 6.49816 	0.0699657 	0.000373958 	
0.0120401 6.46527 	0.0705686 	0.00036971 	
0.012291 6.43228 	0.0711102 	0.000356656 	
0.0125418 6.3994 	0.0716566 	0.000404119 	
0.0127926 6.3652 	0.0720929 	0.000340582 	
0.0130435 6.33134 	0.0725151 	0.00032865 	
0.0132943 6.29775 	0.0729478 	0.000434963 	
0.0135452 6.26242 	0.0732242 	0.000314651 	
0.013796 6.22777 	0.0735182 	0.000303786 	
0.0140468 6.19336 	0.0738188 	0.000400063 	
0.0142977 6.15728 	0.0739565 	0.000291543 	
0.0145485 6.12191 	0.0741144 	0.000281683 	
0.0147993 6.08676 	0.074281 	0.000346847 	
0.0150502 6.05012 	0.074294 	0.000270893 	
0.015301 6.01412 	0.0743124 	0.000261974 	
0.0155518 5.97813 	0.0743313 	0.000257415 	
0.0158027 5.94131 	0.0742502 	0.000252362 	
0.0160535 5.90477 	0.0741228 	0.000244318 	
0.0163043 5.86823 	0.0739955 	0.000236273 	
0.0165552 5.83195 	0.0738693 	0.000307148 	
0.016806 5.7942 	0.073563 	0.000228402 	
0.0170569 5.75724 	0.0732864 	0.000221167 	
0.0173077 5.72028 	0.0730098 	0.000213932 	
0.0175585 5.68298 	0.0726676 	0.000236879 	
0.0178094 5.64544 	0.072226 	0.000207454 	
0.0180602 5.60819 	0.0717961 	0.000200962 	
0.018311 5.57095 	0.0713662 	0.000194469 	
0.0185619 5.53327 	0.0708501 	0.000207823 	
0.0188127 5.49568 	0.0702575 	0.000189074 	
0.0190635 5.45828 	0.0696733 	0.000183255 	
0.0193144 5.42088 	0.069089 	0.000177436 	
0.0195652 5.38342 	0.0684507 	0.000207549 	
0.0198161 5.34551 	0.0676886 	0.000172855 	
0.0200669 5.30811 	0.0669497 	0.000167639 	
0.0203177 5.2707 	0.0662108 	0.000162424 	
0.0205686 5.23372 	0.0654861 	0.000209759 	
0.0208194 5.19547 	0.0645559 	0.000158432 	
0.0210702 5.15823 	0.0636638 	0.000153752 	
0.0213211 5.12098 	0.0627717 	0.000149071 	
0.0215719 5.08373 	0.0618796 	0.00014439 	
0.0218227 5.04661 	0.060934 	0.000171956 	
0.0220736 5.00911 	0.0598616 	0.000141283 	
0.0223244 4.97219 	0.0588204 	0.000137068 	
0.0225753 4.93527 	0.0577791 	0.000132854 	
0.0228261 4.89842 	0.0567401 	0.000134758 	
0.0230769 4.86153 	0.0556183 	0.000147125 	
0.0233278 4.8247 	0.0544094 	0.000126165 	
0.0235786 4.7883 	0.0532251 	0.000122352 	
0.0238294 4.7519 	0.0520407 	0.000118539 	
0.0240803 4.7155 	0.0508564 	0.000114727 	
0.0243311 4.67948 	0.0496358 	0.000141679 	
0.0245819 4.64305 	0.048273 	0.000112695 	
0.0248328 4.60737 	0.0469545 	0.000109225 	
0.0250836 4.57168 	0.045636 	0.000105756 	
0.0253344 4.53599 	0.0443175 	0.000102286 	
0.0255853 4.50076 	0.043014 	0.000126757 	
0.0258361 4.46484 	0.0415327 	0.000100561 	
0.026087 4.43007 	0.0400915 	9.73826e-05 	
0.0263378 4.3953 	0.0386503 	9.42046e-05 	
0.0265886 4.36054 	0.0372091 	9.10267e-05 	
0.0268395 4.32577 	0.0357679 	8.78488e-05 	
0.0270903 4.29167 	0.0343446 	0.000118021 	
0.0273411 4.25695 	0.0327232 	8.65861e-05 	
0.027592 4.22333 	0.0311754 	8.3659e-05 	
0.0278428 4.18971 	0.0296276 	8.07318e-05 	
0.0280936 4.1561 	0.0280798 	7.78046e-05 	
0.0283445 4.12248 	0.026532 	7.48774e-05 	
0.0285953 4.08949 	0.0250054 	9.8494e-05 	
0.0288462 4.05613 	0.0233066 	7.39447e-05 	
0.029097 4.02392 	0.0216746 	7.12374e-05 	
0.0293478 3.9917 	0.0200425 	6.85302e-05 	
0.0295987 3.95949 	0.0184105 	6.58229e-05 	
0.0298495 3.92727 	0.0167784 	6.31157e-05 	
0.0301003 3.89536 	0.0151576 	7.06851e-05 	
0.0303512 3.86379 	0.0134692 	7.1354e-05 	
0.030602 3.83278 	0.0117426 	5.99066e-05 	
0.0308528 3.80224 	0.0100516 	5.74015e-05 	
0.0311037 3.77171 	0.00836064 	5.48965e-05 	
0.0313545 3.74117 	0.00666967 	5.23914e-05 	
0.0316054 3.71063 	0.0049787 	4.98863e-05 	
0.0318562 3.68059 	0.00330392 	6.03998e-05 	
0.032107 3.65106 	0.00154207 	5.36861e-05 	
0.0323579 3.62239 	-0.000205204 	4.72089e-05 	
0.0326087 3.59398 	-0.00193182 	4.49087e-05 	
0.0328595 3.56558 	-0.00365844 	4.26086e-05 	
0.0331104 3.53717 	-0.00538506 	4.03085e-05 	
0.0333612 3.50876 	-0.00711168 	3.80084e-05 	
0.033612 3.48074 	-0.00882483 	4.30793e-05 	
0.0338629 3.45372 	-0.0105511 	4.34721e-05 	
0.0341137 3.42774 	-0.0122768 	3.57738e-05 	
0.0343645 3.40218 	-0.0139723 	3.37133e-05 	
0.0346154 3.37661 	-0.0156678 	3.16528e-05 	
0.0348662 3.35105 	-0.0173633 	2.95923e-05 	
0.0351171 3.32548 	-0.0190588 	2.75319e-05 	
0.0353679 3.29992 	-0.0207543 	2.54714e-05 	
0.0356187 3.27509 	-0.0224138 	3.32168e-05 	
0.0358696 3.25227 	-0.0239977 	2.6684e-05 	
0.0361204 3.2302 	-0.0255303 	2.38303e-05 	
0.0363712 3.20822 	-0.0270553 	2.2051e-05 	
0.0366221 3.18625 	-0.0285802 	2.02717e-05 	
0.0368729 3.16427 	-0.0301052 	1.84924e-05 	
0.0371237 3.14229 	-0.0316302 	1.67131e-05 	
0.0373746 3.12032 	-0.0331551 	1.49338e-05 	
0.0376254 3.09909 	-0.0346489 	1.92666e-05 	
0.0378763 3.08122 	-0.0360316 	1.60337e-05 	
0.0381271 3.0641 	-0.0373854 	1.38001e-05 	
0.0383779 3.04701 	-0.0387364 	1.23902e-05 	
0.0386288 3.02993 	-0.0400874 	1.09804e-05 	
0.0388796 3.01285 	-0.0414384 	9.57062e-06 	
0.0391304 2.99576 	-0.0427894 	8.16081e-06 	
0.0393813 2.97868 	-0.0441404 	6.751e-06 	
0.0396321 2.96205 	-0.0454641 	6.98634e-06 	
0.0398829 2.94858 	-0.0464875 	7.48198e-06 	
0.0401338 2.9401 	-0.0470162 	5.93355e-06 	
0.0403846 2.93121 	-0.0476074 	5.15448e-06 	
0.0406355 2.92233 	-0.0481985 	4.37541e-06 	
0.0408863 2.91344 	-0.0487897 	3.59634e-06 	
0.0411371 2.90456 	-0.0493808 	2.81728e-06 	
0.041388 2.89568 	-0.049972 	2.03821e-06 	
0.0416388 2.88679 	-0.0505632 	1.25914e-06 	
0.0418896 2.87852 	-0.0511003 	1.10744e-06 	
0.0421405 2.8733 	-0.0513293 	1.16244e-06 	
0.0423913 2.87244 	-0.0511108 	9.42957e-07 	
0.0426421 2.87137 	-0.0509266 	8.07772e-07 	
0.042893 2.87029 	-0.0507425 	6.72587e-07 	
0.0431438 2.86922 	-0.0505583 	5.37402e-07 	
0.0433946 2.86814 	-0.0503742 	4.02217e-07 	
0.0436455 2.86707 	-0.05019 	2.67032e-07 	
0.0438963 2.86599 	-0.0500058 	1.31846e-07 	
0.0441472 2.86498 	-0.0498201 	2.58235e-08 	
0.044398 2.86421 	-0.0496282 	3.08213e-08 	
0.0446488 2.86444 	-0.0494384 	2.68057e-08 	
0.0448997 2.86477 	-0.0492583 	2.27607e-08 	
0.0451505 2.8651 	-0.0490846 	1.94047e-08 	
0.0454013 2.86543 	-0.0489108 	1.60487e-08 	
0.0456522 2.86576 	-0.0487371 	1.26927e-08 	
0.045903 2.86609 	-0.0485633 	9.33666e-09 	
0.0461538 2.86642 	-0.0483896 	5.98064e-09 	
0.0464047 2.86675 	-0.0482158 	2.62461e-09 	
0.0466555 2.86708 	-0.0480455 	1.47593e-10 	
0.0469064 2.8674 	-0.0478849 	1.73056e-10 	
0.0471572 2.86773 	-0.0477199 	1.53768e-10 	
0.047408 2.86806 	-0.0475625 	1.31488e-10 	
0.0476589 2.86838 	-0.047413 	1.12768e-10 	
0.0479097 2.8687 	-0.0472636 	9.40473e-11 	
0.0481605 2.86902 	-0.0471141 	7.53268e-11 	
0.0484114 2.86934 	-0.0469646 	5.66063e-11 	
0.0486622 2.86966 	-0.0468152 	3.78857e-11 	
0.048913 2.86998 	-0.0466657 	1.91652e-11 	
0.0491639 2.8703 	-0.0465162 	4.44704e-13 	
0.0494147 2.87061 	-0.046374 	-5.14732e-12 	
0.0496656 2.87092 	-0.0462279 	-5.64494e-12 	
0.0499164 2.87122 	-0.0460651 	-4.48796e-12 	
0.0501672 2.87151 	-0.0459158 	-4.27198e-12 	
0.0504181 2.8718 	-0.0457692 	-4.2394e-12 	
0.0506689 2.87209 	-0.0456226 	-4.20682e-12 	
0.0509197 2.87237 	-0.0454759 	-4.17424e-12 	
0.0511706 2.87266 	-0.0453293 	-4.14166e-12 	
0.0514214 2.87295 	-0.0451826 	-4.10908e-12 	
0.0516722 2.87324 	-0.045036 	-4.0765e-12 	
0.0519231 2.87353 	-0.0448893 	-4.04392e-12 	
0.0521739 2.87381 	-0.0447477 	-4.63837e-12 	
0.0524247 2.87409 	-0.0446115 	-5.42982e-12 	
0.0526756 2.87435 	-0.0445016 	-4.45861e-12 	
0.0529264 2.87461 	-0.0443987 	-3.90707e-12 	
0.0531773 2.87486 	-0.0443013 	-3.6842e-12 	
0.0534281 2.87512 	-0.0442039 	-3.46132e-12 	
0.0536789 2.87537 	-0.0441064 	-3.23845e-12 	
0.0539298 2.87563 	-0.044009 	-3.01558e-12 	
0.0541806 2.87588 	-0.0439116 	-2.7927e-12 	
0.0544314 2.87613 	-0.0438142 	-2.56983e-12 	
0.0546823 2.87639 	-0.0437168 	-2.34696e-12 	
0.0549331 2.87664 	-0.0436193 	-2.12408e-12 	
0.0551839 2.87689 	-0.0435285 	-2.51504e-12 	
0.0554348 2.87713 	-0.043426 	-2.74114e-12 	
0.0556856 2.87736 	-0.043287 	-2.26862e-12 	
0.0559365 2.87759 	-0.0431567 	-2.20993e-12 	
0.0561873 2.87782 	-0.0430312 	-2.37999e-12 	
0.0564381 2.87805 	-0.0429058 	-2.55005e-12 	
0.056689 2.87827 	-0.0427803 	-2.72012e-12 	
0.0569398 2.8785 	-0.0426548 	-2.89018e-12 	
0.0571906 2.87872 	-0.0425293 	-3.06025e-12 	
0.0574415 2.87895 	-0.0424038 	-3.23031e-12 	
0.0576923 2.87918 	-0.0422784 	-3.40037e-12 	
0.0579431 2.8794 	-0.0421529 	-3.57044e-12 	
0.058194 2.87963 	-0.0420305 	-3.91354e-12 	
0.0584448 2.87985 	-0.0419116 	-4.44078e-12 	
0.0586957 2.88005 	-0.0418335 	-4.16824e-12 	
0.0589465 2.88024 	-0.0417695 	-3.6688e-12 	
0.0591973 2.88043 	-0.0417145 	-3.88248e-12 	
0.0594482 2.88061 	-0.0416595 	-4.09617e-12 	
0.059699 2.8808 	-0.0416045 	-4.30985e-12 	
0.0599498 2.88099 	-0.0415494 	-4.52353e-12 	
0.0602007 2.88117 	-0.0414944 	-4.73721e-12 	
0.0604515 2.88136 	-0.0414394 	-4.95089e-12 	
0.0607023 2.88155 	-0.0413843 	-5.16457e-12 	
0.0609532 2.88174 	-0.0413293 	-5.37825e-12 	
0.061204 2.88192 	-0.0412743 	-5.59193e-12 	
0.0614548 2.88211 	-0.0412213 	-6.15462e-12 	
0.0617057 2.88229 	-0.0411719 	-7.31141e-12 	
0.0619565 2.88247 	-0.0410835 	-7.21052e-12 	
0.0622074 2.88263 	-0.0409618 	-6.0323e-12 	
0.0624582 2.8828 	-0.0408489 	-5.17065e-12 	
0.062709 2.88296 	-0.040739 	-4.41995e-12 	
0.0629599 2.88313 	-0.0406291 	-3.66925e-12 	
0.0632107 2.88329 	-0.0405193 	-2.91856e-12 	
0.0634615 2.88346 	-0.0404094 	-2.16786e-12 	
0.0637124 2.88362 	-0.0402995 	-1.41716e-12 	
0.0639632 2.88378 	-0.0401897 	-6.66459e-13 	
0.064214 2.88395 	-0.0400798 	8.42405e-14 	
0.0644649 2.88411 	-0.0399699 	8.34939e-13 	
0.0647157 2.88428 	-0.0398601 	1.58564e-12 	
0.0649666 2.88444 	-0.0397527 	2.1453e-12 	
0.0652174 2.8846 	-0.0396478 	2.52176e-12 	
0.0654682 2.88473 	-0.0395877 	2.46132e-12 	
0.0657191 2.88485 	-0.0395607 	2.07788e-12 	
0.0659699 2.88496 	-0.0395383 	1.65372e-12 	
0.0662207 2.88508 	-0.039518 	1.20993e-12 	
0.0664716 2.88519 	-0.0394978 	7.66135e-13 	
0.0667224 2.88531 	-0.0394776 	3.22341e-13 	
0.0669732 2.88542 	-0.0394573 	-1.21452e-13 	
0.0672241 2.88553 	-0.0394371 	-5.65246e-13 	
0.0674749 2.88565 	-0.0394168 	-1.00904e-12 	
0.0677258 2.88576 	-0.0393966 	-1.45283e-12 	
0.0679766 2.88588 	-0.0393764 	-1.89663e-12 	
0.0682274 2.88599 	-0.0393561 	-2.34042e-12 	
0.0684783 2.8861 	-0.0393359 	-2.78421e-12 	
0.0687291 2.88621 	-0.0393196 	-3.03148e-12 	
0.0689799 2.88633 	-0.0393039 	-3.24765e-12 	
0.0692308 2.88642 	-0.0392138 	-3.10696e-12 	
0.0694816 2.88651 	-0.0391072 	-2.88679e-12 	
0.0697324 2.8866 	-0.0390093 	-2.73823e-12 	
0.0699833 2.88668 	-0.0389134 	-2.60652e-12 	
0.0702341 2.88677 	-0.0388176 	-2.4748e-12 	
0.0704849 2.88686 	-0.0387218 	-2.34309e-12 	
0.0707358 2.88695 	-0.0386259 	-2.21137e-12 	
0.0709866 2.88703 	-0.0385301 	-2.07966e-12 	
0.0712375 2.88712 	-0.0384343 	-1.94794e-12 	
0.0714883 2.88721 	-0.0383384 	-1.81623e-12 	
0.0717391 2.8873 	-0.0382426 	-1.68451e-12 	
0.07199 2.88738 	-0.0381468 	-1.5528e-12 	
0.0722408 2.88747 	-0.0380509 	-1.42109e-12 	
0.0724916 2.88756 	-0.0379564 	-1.522e-12 	
0.0727425 2.88764 	-0.0378639 	-1.9962e-12 	
0.0729933 2.88771 	-0.0377905 	-2.25781e-12 	
0.0732441 2.88771 	-0.0377841 	-1.7752e-12 	
0.073495 2.88771 	-0.0377783 	-1.34077e-12 	
0.0737458 2.88771 	-0.0377783 	-1.34077e-12 	
0.0739967 2.88771 	-0.0377783 	-1.34077e-12 	
0.0742475 2.88771 	-0.0377783 	-1.34077e-12 	
0.0744983 2.88771 	-0.0377783 	-1.34077e-12 	
0.0747492 2.88771 	-0.0377783 	-1.34077e-12 	
