0 1683.69
0.000250836 1746.51
0.000501672 1960.32
0.000752508 2375.18
0.00100334 2999.61
0.00125418 3827.99
0.00150502 4857.08
0.00175585 6075.9
0.00200669 7430.44
0.00225753 8834.65
0.00250836 10221.3
0.0027592 11534.7
0.00301003 12703.6
0.00326087 13698.2
0.00351171 14491.6
0.00376254 15074.5
0.00401338 15419.5
0.00426421 15549.1
0.00451505 15484.5
0.00476589 15243.1
0.00501672 14840.8
0.00526756 14293.4
0.00551839 13634.5
0.00576923 12891.4
0.00602007 12096.2
0.0062709 11267.7
0.00652174 10397.7
0.00677258 9507.25
0.00702341 8641.3
0.00727425 7781.24
0.00752508 6929.44
0.00777592 6129.65
0.00802676 5355.64
0.00827759 4634.08
0.00852843 3961.5
0.00877926 3349.6
0.0090301 2786.83
0.00928094 2294.35
0.00953177 1844.12
0.00978261 1466.53
0.0100334 1127.15
0.0102843 850.509
0.0105351 616.97
0.010786 422.555
0.0110368 286.613
0.0112876 157.174
0.0115385 102.243
0.0117893 51.2492
0.0120401 20.1018
0.012291 11.2338
0.0125418 2.78792
0.0127926 0.798735
0.0130435 0.408222
0.0132943 0.029955
0.0135452 0.0205069
0.013796 0.0145907
0.0140468 0.00893097
0.0142977 0.00885705
0.0145485 0.00878542
0.0147993 0.00871592
0.0150502 0.0087085
0.015301 0.0087097
0.0155518 0.00871117
0.0158027 0.00871337
0.0160535 0.00871614
0.0163043 0.00871918
0.0165552 0.00872228
0.016806 0.00872561
0.0170569 0.00872903
0.0173077 0.00873265
0.0175585 0.00873628
0.0178094 0.00873993
0.0180602 0.0087437
0.018311 0.00874763
0.0185619 0.00875149
0.0188127 0.00875526
0.0190635 0.00875915
0.0193144 0.00876321
0.0195652 0.00876718
0.0198161 0.00877093
0.0200669 0.00877473
0.0203177 0.00877879
0.0205686 0.00878284
0.0208194 0.00878651
0.0210702 0.00879014
0.0213211 0.00879399
0.0215719 0.00879794
0.0218227 0.00880174
0.0220736 0.00880518
0.0223244 0.00880863
0.0225753 0.00881238
0.0228261 0.00881616
0.0230769 0.0088197
0.0233278 0.00882291
0.0235786 0.00882612
0.0238294 0.00882965
0.0240803 0.0088332
0.0243311 0.00883661
0.0245819 0.00883956
0.0248328 0.0088425
0.0250836 0.00884567
0.0253344 0.00884898
0.0255853 0.00885229
0.0258361 0.00885509
0.026087 0.00885776
0.0263378 0.00886044
0.0265886 0.00886348
0.0268395 0.00886653
0.0270903 0.00886956
0.0273411 0.00887195
0.027592 0.00887435
0.0278428 0.00887677
0.0280936 0.00887955
0.0283445 0.00888233
0.0285953 0.00888511
0.0288462 0.00888728
0.029097 0.0088894
0.0293478 0.00889152
0.0295987 0.00889397
0.0298495 0.00889648
0.0301003 0.008899
0.0303512 0.0089012
0.030602 0.00890306
0.0308528 0.00890492
0.0311037 0.00890687
0.0313545 0.00890913
0.0316054 0.00891139
0.0318562 0.00891365
0.032107 0.00891548
0.0323579 0.0089171
0.0326087 0.00891872
0.0328595 0.00892042
0.0331104 0.00892245
0.0333612 0.00892447
0.033612 0.00892649
0.0338629 0.00892821
0.0341137 0.00892961
0.0343645 0.008931
0.0346154 0.0089324
0.0348662 0.00893412
0.0351171 0.00893592
0.0353679 0.00893772
0.0356187 0.00893952
0.0358696 0.00894078
0.0361204 0.00894197
0.0363712 0.00894315
0.0366221 0.00894435
0.0368729 0.00894593
0.0371237 0.00894752
0.0373746 0.00894911
0.0376254 0.0089507
0.0378763 0.00895179
0.0381271 0.0089528
0.0383779 0.0089538
0.0386288 0.00895481
0.0388796 0.00895611
0.0391304 0.00895751
0.0393813 0.00895891
0.0396321 0.00896031
0.0398829 0.00896152
0.0401338 0.00896235
0.0403846 0.00896318
0.0406355 0.00896402
0.0408863 0.00896486
0.0411371 0.00896608
0.041388 0.00896731
0.0416388 0.00896853
0.0418896 0.00896976
0.0421405 0.00897078
0.0423913 0.00897147
0.0426421 0.00897217
0.042893 0.00897286
0.0431438 0.00897355
0.0433946 0.00897456
0.0436455 0.00897563
0.0438963 0.00897671
0.0441472 0.00897778
0.044398 0.00897886
0.0446488 0.00897946
0.0448997 0.00898001
0.0451505 0.00898055
0.0454013 0.0089811
0.0456522 0.00898167
0.045903 0.00898259
0.0461538 0.00898351
0.0464047 0.00898443
0.0466555 0.00898535
0.0469064 0.00898628
0.0471572 0.00898679
0.047408 0.00898725
0.0476589 0.0089877
0.0479097 0.00898816
0.0481605 0.00898862
0.0484114 0.00898935
0.0486622 0.00899017
0.048913 0.008991
0.0491639 0.00899182
0.0494147 0.00899264
0.0496656 0.00899332
0.0499164 0.00899363
0.0501672 0.00899394
0.0504181 0.00899425
0.0506689 0.00899456
0.0509197 0.00899487
0.0511706 0.0089955
0.0514214 0.00899617
0.0516722 0.00899683
0.0519231 0.0089975
0.0521739 0.00899816
0.0524247 0.0089988
0.0526756 0.00899909
0.0529264 0.00899937
0.0531773 0.00899966
0.0534281 0.00899995
0.0536789 0.00900023
0.0539298 0.00900065
0.0541806 0.00900128
0.0544314 0.00900191
0.0546823 0.00900254
0.0549331 0.00900317
0.0551839 0.0090038
0.0554348 0.0090043
0.0556856 0.00900442
0.0559365 0.00900455
0.0561873 0.00900468
0.0564381 0.0090048
0.056689 0.00900493
0.0569398 0.00900514
0.0571906 0.0090056
0.0574415 0.00900606
0.0576923 0.00900652
0.0579431 0.00900698
0.058194 0.00900744
0.0584448 0.0090079
0.0586957 0.0090084
0.0589465 0.00900891
0.0591973 0.00900942
0.0594482 0.00900993
0.059699 0.00901045
0.0599498 0.00901096
0.0602007 0.00901159
0.0604515 0.00901242
0.0607023 0.00901324
0.0609532 0.00901406
0.061204 0.00901488
0.0614548 0.00901571
0.0617057 0.00901653
0.0619565 0.00902123
0.0622074 0.00902926
0.0624582 0.00903729
0.062709 0.00904532
0.0629599 0.00905335
0.0632107 0.00906139
0.0634615 0.00906942
0.0637124 0.00907754
0.0639632 0.00908568
0.064214 0.00909383
0.0644649 0.00910197
0.0647157 0.00911012
0.0649666 0.00911826
0.0652174 0.0091264
0.0654682 0.00920466
0.0657191 0.00933475
0.0659699 0.00946483
0.0662207 0.00959492
0.0664716 0.009725
0.0667224 0.00985509
0.0669732 0.00998518
0.0672241 0.010114
0.0674749 0.0102413
0.0677258 0.0103686
0.0679766 0.0104959
0.0682274 0.0106232
0.0684783 0.0107506
0.0687291 0.0108779
0.0689799 0.0110052
0.0692308 0.0110871
0.0694816 0.0111588
0.0697324 0.0112305
0.0699833 0.0113023
0.0702341 0.011374
0.0704849 0.0114458
0.0707358 0.0115175
0.0709866 0.0115887
0.0712375 0.011659
0.0714883 0.0117292
0.0717391 0.0117995
0.07199 0.0118697
0.0722408 0.01194
0.0724916 0.0120102
0.0727425 0.0120805
0.0729933 0.0121351
0.0732441 0.0121351
0.073495 0.0121351
0.0737458 0.012135
0.0739967 0.012135
0.0742475 0.012135
0.0744983 0.012135
0.0747492 0.0121349
