0 3.46048
0.000250836 3.45793
0.000501672 3.45347
0.000752508 3.44848
0.00100334 3.44389
0.00125418 3.44004
0.00150502 3.43689
0.00175585 3.43462
0.00200669 3.43332
0.00225753 3.43277
0.00250836 3.43276
0.0027592 3.43318
0.00301003 3.434
0.00326087 3.43505
0.00351171 3.43628
0.00376254 3.43764
0.00401338 3.43908
0.00426421 3.44055
0.00451505 3.44201
0.00476589 3.44341
0.00501672 3.44473
0.00526756 3.44589
0.00551839 3.44687
0.00576923 3.44761
0.00602007 3.4481
0.0062709 3.44832
0.00652174 3.44817
0.00677258 3.44758
0.00702341 3.44664
0.00727425 3.44532
0.00752508 3.44331
0.00777592 3.44101
0.00802676 3.438
0.00827759 3.43438
0.00852843 3.4304
0.00877926 3.42542
0.0090301 3.42027
0.00928094 3.41383
0.00953177 3.40735
0.00978261 3.39942
0.0100334 3.39145
0.0102843 3.38204
0.0105351 3.37243
0.010786 3.36184
0.0110368 3.3502
0.0112876 3.33876
0.0115385 3.32476
0.0117893 3.31136
0.0120401 3.29643
0.012291 3.28067
0.0125418 3.26514
0.0127926 3.24687
0.0130435 3.22906
0.0132943 3.21128
0.0135452 3.19004
0.013796 3.16984
0.0140468 3.14961
0.0142977 3.12572
0.0145485 3.10304
0.0147993 3.08043
0.0150502 3.05409
0.015301 3.02887
0.0155518 3.0037
0.0158027 2.97605
0.0160535 2.94768
0.0163043 2.9199
0.0165552 2.89202
0.016806 2.85998
0.0170569 2.82966
0.0173077 2.79942
0.0175585 2.76765
0.0178094 2.73356
0.0180602 2.70079
0.018311 2.66814
0.0185619 2.63357
0.0188127 2.59716
0.0190635 2.56208
0.0193144 2.52712
0.0195652 2.49097
0.0198161 2.45196
0.0200669 2.41476
0.0203177 2.3776
0.0205686 2.34075
0.0208194 2.29977
0.0210702 2.26018
0.0213211 2.22113
0.0215719 2.18231
0.0218227 2.14243
0.0220736 2.09971
0.0223244 2.05916
0.0225753 2.0186
0.0228261 1.97839
0.0230769 1.93672
0.0233278 1.89301
0.0235786 1.85135
0.0238294 1.80969
0.0240803 1.76836
0.0243311 1.7264
0.0245819 1.68184
0.0248328 1.63929
0.0250836 1.59701
0.0253344 1.55488
0.0255853 1.51318
0.0258361 1.46926
0.026087 1.42549
0.0263378 1.38315
0.0265886 1.34082
0.0268395 1.29884
0.0270903 1.2571
0.0273411 1.21331
0.027592 1.17054
0.0278428 1.12879
0.0280936 1.08704
0.0283445 1.04568
0.0285953 1.00464
0.0288462 0.963057
0.029097 0.921981
0.0293478 0.882104
0.0295987 0.842226
0.0298495 0.802524
0.0301003 0.763468
0.0303512 0.724909
0.030602 0.686884
0.0308528 0.649956
0.0311037 0.613335
0.0313545 0.576714
0.0316054 0.540551
0.0318562 0.504838
0.032107 0.471256
0.0323579 0.438702
0.0326087 0.406953
0.0328595 0.375315
0.0331104 0.343678
0.0333612 0.312469
0.033612 0.281863
0.0338629 0.254459
0.0341137 0.230517
0.0343645 0.206616
0.0346154 0.182745
0.0348662 0.158875
0.0351171 0.135004
0.0353679 0.112366
0.0356187 0.0898318
0.0358696 0.0787179
0.0361204 0.0691952
0.0363712 0.0589646
0.0366221 0.048629
0.0368729 0.0382933
0.0371237 0.0279617
0.0373746 0.0189885
0.0376254 0.0100154
0.0378763 0.00784166
0.0381271 0.0069362
0.0383779 0.00587524
0.0386288 0.00475435
0.0388796 0.00363346
0.0391304 0.00251257
0.0393813 0.00156064
0.0396321 0.000706122
0.0398829 0.000147608
0.0401338 0.00013562
0.0403846 0.000123138
0.0406355 0.000106649
0.0408863 9.01612e-05
0.0411371 7.36729e-05
0.041388 5.71847e-05
0.0416388 4.47692e-05
0.0418896 3.34359e-05
0.0421405 2.63552e-05
0.0423913 2.62913e-05
0.0426421 2.62271e-05
0.042893 2.61375e-05
0.0431438 2.60479e-05
0.0433946 2.59583e-05
0.0436455 2.58687e-05
0.0438963 2.57921e-05
0.0441472 2.57317e-05
0.044398 2.56713e-05
0.0446488 2.56681e-05
0.0448997 2.56717e-05
0.0451505 2.56753e-05
0.0454013 2.56788e-05
0.0456522 2.56824e-05
0.045903 2.56859e-05
0.0461538 2.56895e-05
0.0464047 2.5693e-05
0.0466555 2.56966e-05
0.0469064 2.57002e-05
0.0471572 2.5712e-05
0.047408 2.57251e-05
0.0476589 2.57382e-05
0.0479097 2.57515e-05
0.0481605 2.57648e-05
0.0484114 2.5778e-05
0.0486622 2.57913e-05
0.048913 2.58044e-05
0.0491639 2.5817e-05
0.0494147 2.58296e-05
0.0496656 2.58527e-05
0.0499164 2.59034e-05
0.0501672 2.59541e-05
0.0504181 2.60049e-05
0.0506689 2.60559e-05
0.0509197 2.61069e-05
0.0511706 2.61578e-05
0.0514214 2.62088e-05
0.0516722 2.62595e-05
0.0519231 2.63078e-05
0.0521739 2.6356e-05
0.0524247 2.64174e-05
0.0526756 2.66218e-05
0.0529264 2.68262e-05
0.0531773 2.70307e-05
0.0534281 2.72354e-05
0.0536789 2.744e-05
0.0539298 2.76447e-05
0.0541806 2.78493e-05
0.0544314 2.8054e-05
0.0546823 2.82542e-05
0.0549331 2.84486e-05
0.0551839 2.86431e-05
0.0554348 2.89911e-05
0.0556856 2.97903e-05
0.0559365 3.05894e-05
0.0561873 3.13882e-05
0.0564381 3.21839e-05
0.056689 3.29796e-05
0.0569398 3.37753e-05
0.0571906 3.4571e-05
0.0574415 3.53667e-05
0.0576923 3.61585e-05
0.0579431 3.69194e-05
0.058194 3.76802e-05
0.0584448 3.84411e-05
0.0586957 4.0798e-05
0.0589465 4.36826e-05
0.0591973 4.65672e-05
0.0594482 4.94385e-05
0.059699 5.22934e-05
0.0599498 5.51484e-05
0.0602007 5.80033e-05
0.0604515 6.08583e-05
0.0607023 6.37132e-05
0.0609532 6.65586e-05
0.061204 6.93088e-05
0.0614548 7.2059e-05
0.0617057 7.48092e-05
0.0619565 8.08864e-05
0.0622074 8.98137e-05
0.0624582 9.87409e-05
0.062709 0.00010766
0.0629599 0.000116436
0.0632107 0.000125211
0.0634615 0.000133986
0.0637124 0.000142761
0.0639632 0.000151536
0.064214 0.000160312
0.0644649 0.000169004
0.0647157 0.000177528
0.0649666 0.000186052
0.0652174 0.000194577
0.0654682 0.000210088
0.0657191 0.000230766
0.0659699 0.000251444
0.0662207 0.000272122
0.0664716 0.000292346
0.0667224 0.000312514
0.0669732 0.000332682
0.0672241 0.00035285
0.0674749 0.000373018
0.0677258 0.000393186
0.0679766 0.000413354
0.0682274 0.000433213
0.0684783 0.000452988
0.0687291 0.000472764
0.0689799 0.000492539
0.0692308 0.000517567
0.0694816 0.000543765
0.0697324 0.000569964
0.0699833 0.000596162
0.0702341 0.000621567
0.0704849 0.000646904
0.0707358 0.000672242
0.0709866 0.00069758
0.0712375 0.000722918
0.0714883 0.000748256
0.0717391 0.000773593
0.07199 0.00079883
0.0722408 0.000823925
0.0724916 0.000849021
0.0727425 0.000874116
0.0729933 0.000893634
0.0732441 0.000893633
0.073495 0.000893631
0.0737458 0.000893629
0.0739967 0.000893627
0.0742475 0.000893627
0.0744983 0.000893627
0.0747492 0.000893627
