0 1.20126
0.000250836 1.2012
0.000501672 1.20112
0.000752508 1.20104
0.00100334 1.20096
0.00125418 1.20086
0.00150502 1.20077
0.00175585 1.20065
0.00200669 1.20052
0.00225753 1.20038
0.00250836 1.20023
0.0027592 1.20006
0.00301003 1.19989
0.00326087 1.1997
0.00351171 1.19949
0.00376254 1.19928
0.00401338 1.19905
0.00426421 1.19882
0.00451505 1.19857
0.00476589 1.19831
0.00501672 1.19805
0.00526756 1.19777
0.00551839 1.19748
0.00576923 1.19718
0.00602007 1.19688
0.0062709 1.19657
0.00652174 1.19625
0.00677258 1.19592
0.00702341 1.19558
0.00727425 1.19524
0.00752508 1.19489
0.00777592 1.19454
0.00802676 1.19418
0.00827759 1.19382
0.00852843 1.19344
0.00877926 1.19307
0.0090301 1.19269
0.00928094 1.1923
0.00953177 1.19192
0.00978261 1.19153
0.0100334 1.19114
0.0102843 1.19074
0.0105351 1.19034
0.010786 1.18995
0.0110368 1.18954
0.0112876 1.18915
0.0115385 1.18873
0.0117893 1.18833
0.0120401 1.18792
0.012291 1.18751
0.0125418 1.18711
0.0127926 1.18669
0.0130435 1.18628
0.0132943 1.18589
0.0135452 1.18547
0.013796 1.18506
0.0140468 1.18467
0.0142977 1.18425
0.0145485 1.18384
0.0147993 1.18345
0.0150502 1.18304
0.015301 1.18264
0.0155518 1.18224
0.0158027 1.18184
0.0160535 1.18144
0.0163043 1.18105
0.0165552 1.18067
0.016806 1.18027
0.0170569 1.17988
0.0173077 1.1795
0.0175585 1.17912
0.0178094 1.17873
0.0180602 1.17835
0.018311 1.17798
0.0185619 1.17761
0.0188127 1.17724
0.0190635 1.17687
0.0193144 1.17651
0.0195652 1.17616
0.0198161 1.17579
0.0200669 1.17544
0.0203177 1.17509
0.0205686 1.17475
0.0208194 1.1744
0.0210702 1.17406
0.0213211 1.17372
0.0215719 1.17339
0.0218227 1.17307
0.0220736 1.17274
0.0223244 1.17242
0.0225753 1.1721
0.0228261 1.17179
0.0230769 1.17148
0.0233278 1.17118
0.0235786 1.17088
0.0238294 1.17058
0.0240803 1.17029
0.0243311 1.17
0.0245819 1.16972
0.0248328 1.16945
0.0250836 1.16918
0.0253344 1.16891
0.0255853 1.16865
0.0258361 1.1684
0.026087 1.16815
0.0263378 1.16791
0.0265886 1.16767
0.0268395 1.16744
0.0270903 1.16721
0.0273411 1.167
0.027592 1.16679
0.0278428 1.16659
0.0280936 1.16639
0.0283445 1.16619
0.0285953 1.16599
0.0288462 1.16583
0.029097 1.16567
0.0293478 1.16552
0.0295987 1.16537
0.0298495 1.16522
0.0301003 1.16507
0.0303512 1.16495
0.030602 1.16487
0.0308528 1.1648
0.0311037 1.16473
0.0313545 1.16466
0.0316054 1.16458
0.0318562 1.16451
0.032107 1.16447
0.0323579 1.16446
0.0326087 1.16445
0.0328595 1.16444
0.0331104 1.16443
0.0333612 1.16442
0.033612 1.16441
0.0338629 1.1644
0.0341137 1.1644
0.0343645 1.1644
0.0346154 1.1644
0.0348662 1.1644
0.0351171 1.1644
0.0353679 1.1644
0.0356187 1.1644
0.0358696 1.1644
0.0361204 1.1644
0.0363712 1.1644
0.0366221 1.1644
0.0368729 1.1644
0.0371237 1.1644
0.0373746 1.1644
0.0376254 1.1644
0.0378763 1.1644
0.0381271 1.1644
0.0383779 1.1644
0.0386288 1.1644
0.0388796 1.1644
0.0391304 1.1644
0.0393813 1.1644
0.0396321 1.1644
0.0398829 1.1644
0.0401338 1.1644
0.0403846 1.1644
0.0406355 1.1644
0.0408863 1.1644
0.0411371 1.1644
0.041388 1.1644
0.0416388 1.1644
0.0418896 1.1644
0.0421405 1.1644
0.0423913 1.1644
0.0426421 1.1644
0.042893 1.1644
0.0431438 1.1644
0.0433946 1.1644
0.0436455 1.1644
0.0438963 1.1644
0.0441472 1.1644
0.044398 1.1644
0.0446488 1.1644
0.0448997 1.1644
0.0451505 1.1644
0.0454013 1.1644
0.0456522 1.1644
0.045903 1.1644
0.0461538 1.1644
0.0464047 1.1644
0.0466555 1.1644
0.0469064 1.1644
0.0471572 1.1644
0.047408 1.1644
0.0476589 1.1644
0.0479097 1.1644
0.0481605 1.1644
0.0484114 1.1644
0.0486622 1.1644
0.048913 1.1644
0.0491639 1.1644
0.0494147 1.1644
0.0496656 1.1644
0.0499164 1.1644
0.0501672 1.1644
0.0504181 1.1644
0.0506689 1.1644
0.0509197 1.1644
0.0511706 1.1644
0.0514214 1.1644
0.0516722 1.1644
0.0519231 1.1644
0.0521739 1.1644
0.0524247 1.1644
0.0526756 1.1644
0.0529264 1.1644
0.0531773 1.1644
0.0534281 1.1644
0.0536789 1.1644
0.0539298 1.1644
0.0541806 1.1644
0.0544314 1.1644
0.0546823 1.1644
0.0549331 1.1644
0.0551839 1.1644
0.0554348 1.1644
0.0556856 1.1644
0.0559365 1.1644
0.0561873 1.1644
0.0564381 1.1644
0.056689 1.1644
0.0569398 1.1644
0.0571906 1.1644
0.0574415 1.1644
0.0576923 1.1644
0.0579431 1.1644
0.058194 1.1644
0.0584448 1.1644
0.0586957 1.1644
0.0589465 1.1644
0.0591973 1.1644
0.0594482 1.1644
0.059699 1.1644
0.0599498 1.1644
0.0602007 1.1644
0.0604515 1.1644
0.0607023 1.1644
0.0609532 1.1644
0.061204 1.1644
0.0614548 1.1644
0.0617057 1.1644
0.0619565 1.1644
0.0622074 1.1644
0.0624582 1.1644
0.062709 1.1644
0.0629599 1.1644
0.0632107 1.1644
0.0634615 1.1644
0.0637124 1.1644
0.0639632 1.1644
0.064214 1.1644
0.0644649 1.1644
0.0647157 1.1644
0.0649666 1.1644
0.0652174 1.1644
0.0654682 1.1644
0.0657191 1.1644
0.0659699 1.1644
0.0662207 1.1644
0.0664716 1.1644
0.0667224 1.1644
0.0669732 1.1644
0.0672241 1.1644
0.0674749 1.1644
0.0677258 1.1644
0.0679766 1.1644
0.0682274 1.1644
0.0684783 1.1644
0.0687291 1.1644
0.0689799 1.1644
0.0692308 1.1644
0.0694816 1.1644
0.0697324 1.1644
0.0699833 1.1644
0.0702341 1.1644
0.0704849 1.1644
0.0707358 1.1644
0.0709866 1.1644
0.0712375 1.1644
0.0714883 1.1644
0.0717391 1.1644
0.07199 1.1644
0.0722408 1.1644
0.0724916 1.1644
0.0727425 1.1644
0.0729933 1.1644
0.0732441 1.1644
0.073495 1.1644
0.0737458 1.1644
0.0739967 1.1644
0.0742475 1.1644
0.0744983 1.1644
0.0747492 1.1644
