0 4.55835
0.000250836 4.64592
0.000501672 4.93772
0.000752508 5.47824
0.00100334 6.24765
0.00125418 7.21113
0.00150502 8.34254
0.00175585 9.61102
0.00200669 10.9565
0.00225753 12.3069
0.00250836 13.6112
0.0027592 14.8334
0.00301003 15.9244
0.00326087 16.8701
0.00351171 17.6537
0.00376254 18.2707
0.00401338 18.6999
0.00426421 18.9561
0.00451505 19.0516
0.00476589 18.9955
0.00501672 18.7961
0.00526756 18.4535
0.00551839 17.9921
0.00576923 17.4288
0.00602007 16.7871
0.0062709 16.0837
0.00652174 15.2998
0.00677258 14.4489
0.00702341 13.5866
0.00727425 12.6878
0.00752508 11.7373
0.00777592 10.8158
0.00802676 9.8587
0.00827759 8.92232
0.00852843 8.00297
0.00877926 7.10109
0.0090301 6.23966
0.00928094 5.40884
0.00953177 4.62425
0.00978261 3.8903
0.0100334 3.20199
0.0102843 2.58016
0.0105351 2.0111
0.010786 1.50551
0.0110368 1.08749
0.0112876 0.68945
0.0115385 0.464229
0.0117893 0.252593
0.0120401 0.116815
0.012291 0.066094
0.0125418 0.0177899
0.0127926 0.00590943
0.0130435 0.00306456
0.0132943 0.000308926
0.0135452 0.000236676
0.013796 0.000190234
0.0140468 0.000145803
0.0142977 0.000145178
0.0145485 0.000144572
0.0147993 0.000143984
0.0150502 0.000143898
0.015301 0.000143882
0.0155518 0.00014387
0.0158027 0.000143866
0.0160535 0.000143869
0.0163043 0.000143875
0.0165552 0.000143882
0.016806 0.000143894
0.0170569 0.000143907
0.0173077 0.000143923
0.0175585 0.00014394
0.0178094 0.000143958
0.0180602 0.000143978
0.018311 0.000144
0.0185619 0.000144022
0.0188127 0.000144045
0.0190635 0.000144069
0.0193144 0.000144094
0.0195652 0.00014412
0.0198161 0.000144144
0.0200669 0.00014417
0.0203177 0.000144197
0.0205686 0.000144225
0.0208194 0.000144251
0.0210702 0.000144276
0.0213211 0.000144303
0.0215719 0.000144332
0.0218227 0.000144359
0.0220736 0.000144384
0.0223244 0.00014441
0.0225753 0.000144438
0.0228261 0.000144466
0.0230769 0.000144493
0.0233278 0.000144517
0.0235786 0.000144541
0.0238294 0.000144568
0.0240803 0.000144596
0.0243311 0.000144622
0.0245819 0.000144645
0.0248328 0.000144668
0.0250836 0.000144693
0.0253344 0.000144719
0.0255853 0.000144745
0.0258361 0.000144767
0.026087 0.000144788
0.0263378 0.000144809
0.0265886 0.000144833
0.0268395 0.000144858
0.0270903 0.000144882
0.0273411 0.000144901
0.027592 0.00014492
0.0278428 0.00014494
0.0280936 0.000144962
0.0283445 0.000144985
0.0285953 0.000145007
0.0288462 0.000145025
0.029097 0.000145042
0.0293478 0.000145059
0.0295987 0.000145079
0.0298495 0.0001451
0.0301003 0.000145121
0.0303512 0.000145139
0.030602 0.000145154
0.0308528 0.000145169
0.0311037 0.000145186
0.0313545 0.000145204
0.0316054 0.000145223
0.0318562 0.000145242
0.032107 0.000145257
0.0323579 0.00014527
0.0326087 0.000145284
0.0328595 0.000145298
0.0331104 0.000145315
0.0333612 0.000145331
0.033612 0.000145348
0.0338629 0.000145363
0.0341137 0.000145374
0.0343645 0.000145386
0.0346154 0.000145397
0.0348662 0.000145412
0.0351171 0.000145427
0.0353679 0.000145442
0.0356187 0.000145457
0.0358696 0.000145467
0.0361204 0.000145477
0.0363712 0.000145487
0.0366221 0.000145497
0.0368729 0.000145511
0.0371237 0.000145524
0.0373746 0.000145537
0.0376254 0.000145551
0.0378763 0.00014556
0.0381271 0.000145569
0.0383779 0.000145577
0.0386288 0.000145586
0.0388796 0.000145597
0.0391304 0.000145608
0.0393813 0.00014562
0.0396321 0.000145632
0.0398829 0.000145642
0.0401338 0.000145649
0.0403846 0.000145656
0.0406355 0.000145663
0.0408863 0.00014567
0.0411371 0.000145681
0.041388 0.000145691
0.0416388 0.000145701
0.0418896 0.000145712
0.0421405 0.00014572
0.0423913 0.000145726
0.0426421 0.000145732
0.042893 0.000145738
0.0431438 0.000145744
0.0433946 0.000145752
0.0436455 0.000145761
0.0438963 0.000145771
0.0441472 0.00014578
0.044398 0.000145789
0.0446488 0.000145794
0.0448997 0.000145799
0.0451505 0.000145803
0.0454013 0.000145808
0.0456522 0.000145813
0.045903 0.000145821
0.0461538 0.000145828
0.0464047 0.000145836
0.0466555 0.000145844
0.0469064 0.000145852
0.0471572 0.000145856
0.047408 0.00014586
0.0476589 0.000145864
0.0479097 0.000145868
0.0481605 0.000145872
0.0484114 0.000145878
0.0486622 0.000145885
0.048913 0.000145892
0.0491639 0.000145899
0.0494147 0.000145906
0.0496656 0.000145912
0.0499164 0.000145915
0.0501672 0.000145918
0.0504181 0.00014592
0.0506689 0.000145923
0.0509197 0.000145926
0.0511706 0.000145931
0.0514214 0.000145937
0.0516722 0.000145942
0.0519231 0.000145948
0.0521739 0.000145954
0.0524247 0.000145959
0.0526756 0.000145962
0.0529264 0.000145964
0.0531773 0.000145967
0.0534281 0.000145969
0.0536789 0.000145971
0.0539298 0.000145975
0.0541806 0.00014598
0.0544314 0.000145986
0.0546823 0.000145991
0.0549331 0.000145997
0.0551839 0.000146002
0.0554348 0.000146006
0.0556856 0.000146008
0.0559365 0.000146009
0.0561873 0.00014601
0.0564381 0.000146011
0.056689 0.000146013
0.0569398 0.000146015
0.0571906 0.000146019
0.0574415 0.000146023
0.0576923 0.000146027
0.0579431 0.000146031
0.058194 0.000146035
0.0584448 0.000146039
0.0586957 0.000146049
0.0589465 0.000146059
0.0591973 0.00014607
0.0594482 0.000146081
0.059699 0.000146091
0.0599498 0.000146102
0.0602007 0.000146114
0.0604515 0.000146127
0.0607023 0.00014614
0.0609532 0.000146154
0.061204 0.000146167
0.0614548 0.00014618
0.0617057 0.000146193
0.0619565 0.000146334
0.0622074 0.000146584
0.0624582 0.000146834
0.062709 0.000147084
0.0629599 0.000147334
0.0632107 0.000147584
0.0634615 0.000147834
0.0637124 0.000148081
0.0639632 0.000148327
0.064214 0.000148573
0.0644649 0.00014882
0.0647157 0.000149066
0.0649666 0.000149313
0.0652174 0.000149559
0.0654682 0.000153021
0.0657191 0.000158859
0.0659699 0.000164697
0.0662207 0.000170535
0.0664716 0.000176373
0.0667224 0.000182211
0.0669732 0.00018805
0.0672241 0.000193823
0.0674749 0.000199526
0.0677258 0.000205229
0.0679766 0.000210931
0.0682274 0.000216634
0.0684783 0.000222336
0.0687291 0.000228039
0.0689799 0.000233741
0.0692308 0.000303917
0.0694816 0.000388453
0.0697324 0.000472989
0.0699833 0.000557525
0.0702341 0.00064206
0.0704849 0.000726596
0.0707358 0.000811132
0.0709866 0.000895075
0.0712375 0.000977672
0.0714883 0.00106027
0.0717391 0.00114287
0.07199 0.00122547
0.0722408 0.00130806
0.0724916 0.00139066
0.0727425 0.00147326
0.0729933 0.0015375
0.0732441 0.0015375
0.073495 0.0015375
0.0737458 0.0015375
0.0739967 0.00153749
0.0742475 0.00153749
0.0744983 0.00153749
0.0747492 0.00153749
