0 5.90561 	-0.000391773 	0.0172602 	
0.000250836 5.90509 	0.00109079 	0.0120834 	
0.000501672 5.90433 	0.00166233 	0.0111304 	
0.000752508 5.90332 	0.00250989 	0.0070873 	
0.00100334 5.90204 	0.00328575 	0.00388232 	
0.00125418 5.90049 	0.0040525 	0.00275558 	
0.00150502 5.89867 	0.00482482 	0.00367951 	
0.00175585 5.89652 	0.0055988 	0.00344926 	
0.00200669 5.89405 	0.00637152 	0.00178972 	
0.00225753 5.89128 	0.00714345 	0.00147048 	
0.00250836 5.88822 	0.00791263 	0.00191034 	
0.0027592 5.88488 	0.00867962 	0.00259451 	
0.00301003 5.88118 	0.00943943 	0.00142465 	
0.00326087 5.87718 	0.010197 	0.0009426 	
0.00351171 5.8729 	0.0109534 	0.00101757 	
0.00376254 5.86834 	0.0117068 	0.00173275 	
0.00401338 5.86345 	0.012449 	0.00124503 	
0.00426421 5.85826 	0.0131844 	0.000643224 	
0.00451505 5.85277 	0.0139239 	0.000566487 	
0.00476589 5.84702 	0.0146789 	0.00105801 	
0.00501672 5.84095 	0.015424 	0.00120294 	
0.00526756 5.8346 	0.0161239 	0.000916502 	
0.00551839 5.8279 	0.0168273 	0.000568368 	
0.00576923 5.82094 	0.0175293 	0.000376865 	
0.00602007 5.81375 	0.0182255 	0.00036402 	
0.0062709 5.80636 	0.0189179 	0.000741876 	
0.00652174 5.79857 	0.0196011 	0.000638088 	
0.00677258 5.79042 	0.0202737 	0.000287069 	
0.00702341 5.78219 	0.0209388 	0.00045065 	
0.00727425 5.77367 	0.0215989 	0.000584732 	
0.00752508 5.76466 	0.0222444 	0.000243713 	
0.00777592 5.75573 	0.0228861 	0.00054294 	
0.00802676 5.74618 	0.0235164 	0.000275855 	
0.00827759 5.7366 	0.0241347 	0.000293765 	
0.00852843 5.72677 	0.0247499 	0.000400077 	
0.00877926 5.71651 	0.0253463 	0.000198439 	
0.0090301 5.70631 	0.0259436 	0.000435428 	
0.00928094 5.69548 	0.0265184 	0.000183617 	
0.00953177 5.68481 	0.0270954 	0.000405192 	
0.00978261 5.67349 	0.0276482 	0.000172638 	
0.0100334 5.66228 	0.0282033 	0.000327159 	
0.0102843 5.65062 	0.0287359 	0.000216725 	
0.0105351 5.63876 	0.0292655 	0.000214732 	
0.010786 5.62694 	0.0297819 	0.000323544 	
0.0110368 5.61439 	0.0302814 	0.000147456 	
0.0112876 5.60245 	0.0307857 	0.00044063 	
0.0115385 5.58928 	0.0312517 	0.000144065 	
0.0117893 5.57654 	0.0317273 	0.00025027 	
0.0120401 5.56354 	0.0321822 	0.000271648 	
0.012291 5.54993 	0.0326194 	0.000133708 	
0.0125418 5.53693 	0.0330634 	0.000346857 	
0.0127926 5.52288 	0.0334686 	0.000165012 	
0.0130435 5.50883 	0.0338749 	0.000125774 	
0.0132943 5.49547 	0.0342866 	0.000383444 	
0.0135452 5.48061 	0.0346453 	0.000125458 	
0.013796 5.4661 	0.0350159 	0.000134037 	
0.0140468 5.45222 	0.0353906 	0.000363133 	
0.0142977 5.43679 	0.0357079 	0.00012016 	
0.0145485 5.42171 	0.0360377 	0.000114423 	
0.0147993 5.40734 	0.0363745 	0.000324803 	
0.0150502 5.39157 	0.0366552 	0.000157992 	
0.015301 5.3759 	0.0369384 	0.000110251 	
0.0155518 5.36084 	0.0372306 	0.000248797 	
0.0158027 5.34508 	0.0374867 	0.000223154 	
0.0160535 5.32876 	0.0377181 	0.000106837 	
0.0163043 5.31287 	0.03796 	0.000152365 	
0.0165552 5.29745 	0.0382057 	0.000307597 	
0.016806 5.28046 	0.0383812 	0.000130223 	
0.0170569 5.26382 	0.0385679 	9.95597e-05 	
0.0173077 5.24774 	0.0387649 	0.000198562 	
0.0175585 5.23136 	0.0389388 	0.000245199 	
0.0178094 5.21393 	0.0390618 	9.76294e-05 	
0.0180602 5.19688 	0.0391972 	9.33144e-05 	
0.018311 5.18048 	0.0393445 	0.000204214 	
0.0185619 5.16352 	0.0394583 	0.000222521 	
0.0188127 5.14565 	0.0395251 	9.21092e-05 	
0.0190635 5.12817 	0.0396044 	8.80052e-05 	
0.0193144 5.11129 	0.0396961 	0.000178763 	
0.0195652 5.09415 	0.039766 	0.000230056 	
0.0198161 5.07584 	0.0397716 	0.000103572 	
0.0200669 5.0579 	0.0397888 	8.35578e-05 	
0.0203177 5.0404 	0.0398165 	0.000130617 	
0.0205686 5.02335 	0.0398551 	0.00024074 	
0.0208194 5.00481 	0.0398071 	0.000147258 	
0.0210702 4.98633 	0.0397571 	7.98931e-05 	
0.0213211 4.9681 	0.0397154 	7.62269e-05 	
0.0215719 4.95064 	0.0396931 	0.00016442 	
0.0218227 4.93278 	0.0396432 	0.000204227 	
0.0220736 4.9138 	0.0395224 	0.000105207 	
0.0223244 4.89513 	0.0394116 	7.34795e-05 	
0.0225753 4.8767 	0.0393077 	8.03794e-05 	
0.0228261 4.85902 	0.0392249 	0.000165837 	
0.0230769 4.8407 	0.0390994 	0.000181181 	
0.0233278 4.82146 	0.0389117 	9.41475e-05 	
0.0235786 4.80256 	0.0387344 	6.81118e-05 	
0.0238294 4.78383 	0.0385622 	6.87811e-05 	
0.0240803 4.7659 	0.0384149 	0.000143536 	
0.0243311 4.74761 	0.0382412 	0.000181668 	
0.0245819 4.72818 	0.0379848 	0.000105534 	
0.0248328 4.70897 	0.0377353 	6.36744e-05 	
0.0250836 4.69002 	0.0374934 	6.07009e-05 	
0.0253344 4.67165 	0.0372713 	0.000105022 	
0.0255853 4.65355 	0.0370578 	0.00017008 	
0.0258361 4.63431 	0.0367561 	0.000131983 	
0.026087 4.61476 	0.0364302 	6.57242e-05 	
0.0263378 4.59566 	0.0361178 	5.72883e-05 	
0.0265886 4.57663 	0.0358078 	5.66874e-05 	
0.0268395 4.55841 	0.0355271 	0.000112984 	
0.0270903 4.54017 	0.0352443 	0.000167203 	
0.0273411 4.52059 	0.0348486 	0.000109867 	
0.027592 4.50102 	0.0344533 	5.45425e-05 	
0.0278428 4.48193 	0.0340726 	5.19973e-05 	
0.0280936 4.46289 	0.0336936 	5.23127e-05 	
0.0283445 4.44463 	0.0333452 	0.000100709 	
0.0285953 4.42638 	0.0329968 	0.000149105 	
0.0288462 4.40695 	0.0325406 	0.000107307 	
0.029097 4.38743 	0.0320754 	5.80163e-05 	
0.0293478 4.36831 	0.0316228 	4.76421e-05 	
0.0295987 4.34928 	0.0311727 	4.52869e-05 	
0.0298495 4.33085 	0.0307478 	7.50498e-05 	
0.0301003 4.31264 	0.030332 	0.00011633 	
0.0303512 4.29388 	0.0298597 	0.000117447 	
0.030602 4.27451 	0.0293267 	7.54044e-05 	
0.0308528 4.25527 	0.0287979 	4.40778e-05 	
0.0311037 4.2364 	0.0282801 	4.18931e-05 	
0.0313545 4.21757 	0.0277644 	4.18145e-05 	
0.0316054 4.1995 	0.0272825 	7.66853e-05 	
0.0318562 4.18143 	0.0268005 	0.000111556 	
0.032107 4.16266 	0.0262403 	9.8937e-05 	
0.0323579 4.14355 	0.0256424 	6.34216e-05 	
0.0326087 4.12461 	0.0250496 	3.91498e-05 	
0.0328595 4.106 	0.0244668 	3.71166e-05 	
0.0331104 4.08739 	0.0238841 	3.50834e-05 	
0.0333612 4.06955 	0.0233384 	6.41189e-05 	
0.033612 4.05171 	0.0227928 	9.32138e-05 	
0.0338629 4.03345 	0.0221931 	9.40844e-05 	
0.0341137 4.01473 	0.0215349 	6.44515e-05 	
0.0343645 3.99602 	0.0208768 	3.50628e-05 	
0.0346154 3.97779 	0.020234 	3.3164e-05 	
0.0348662 3.95956 	0.0195912 	3.12651e-05 	
0.0351171 3.94173 	0.0189687 	4.3245e-05 	
0.0353679 3.92424 	0.0183637 	6.71309e-05 	
0.0356187 3.90676 	0.0177587 	9.10169e-05 	
0.0358696 3.88865 	0.0170587 	7.25857e-05 	
0.0361204 3.87045 	0.0163455 	4.8258e-05 	
0.0363712 3.85237 	0.0156364 	2.99161e-05 	
0.0366221 3.83466 	0.0149385 	2.81373e-05 	
0.0368729 3.81694 	0.0142406 	2.63585e-05 	
0.0371237 3.79969 	0.0135677 	3.83021e-05 	
0.0373746 3.78267 	0.012908 	5.74886e-05 	
0.0376254 3.76566 	0.0122484 	7.66751e-05 	
0.0378763 3.74822 	0.0115087 	6.32219e-05 	
0.0381271 3.73069 	0.010754 	4.36805e-05 	
0.0383779 3.7132 	0.0100006 	2.5607e-05 	
0.0386288 3.69615 	0.00926131 	2.39386e-05 	
0.0388796 3.6791 	0.00852205 	2.22702e-05 	
0.0391304 3.66227 	0.00779488 	2.59668e-05 	
0.0393813 3.64587 	0.00709309 	4.09169e-05 	
0.0396321 3.62948 	0.0063913 	5.58671e-05 	
0.0398829 3.61299 	0.00565821 	6.02152e-05 	
0.0401338 3.59632 	0.00486732 	4.49885e-05 	
0.0403846 3.57966 	0.00407644 	2.97617e-05 	
0.0406355 3.56319 	0.00329218 	2.04627e-05 	
0.0408863 3.54699 	0.00251656 	1.89007e-05 	
0.0411371 3.53078 	0.00174095 	1.73386e-05 	
0.041388 3.51489 	0.00098426 	2.23544e-05 	
0.0416388 3.49929 	0.000245206 	3.34978e-05 	
0.0418896 3.48369 	-0.000493849 	4.46411e-05 	
0.0421405 3.46814 	-0.00126058 	4.72966e-05 	
0.0423913 3.45268 	-0.00207298 	3.5947e-05 	
0.0426421 3.43721 	-0.00288538 	2.45974e-05 	
0.042893 3.42188 	-0.00369371 	1.61615e-05 	
0.0431438 3.40687 	-0.00449228 	1.47202e-05 	
0.0433946 3.39187 	-0.00529085 	1.32789e-05 	
0.0436455 3.37698 	-0.00608178 	1.37925e-05 	
0.0438963 3.36249 	-0.00684439 	2.15601e-05 	
0.0441472 3.348 	-0.007607 	2.93276e-05 	
0.044398 3.33352 	-0.00836961 	3.70951e-05 	
0.0446488 3.31961 	-0.0091526 	3.08541e-05 	
0.0448997 3.30577 	-0.00993802 	2.29428e-05 	
0.0451505 3.29193 	-0.0107234 	1.50314e-05 	
0.0454013 3.27838 	-0.0114973 	1.13203e-05 	
0.0456522 3.26499 	-0.0122645 	1.00236e-05 	
0.045903 3.2516 	-0.0130317 	8.727e-06 	
0.0461538 3.23837 	-0.0137889 	9.7523e-06 	
0.0464047 3.2254 	-0.0145295 	1.4597e-05 	
0.0466555 3.21243 	-0.0152701 	1.94416e-05 	
0.0469064 3.19946 	-0.0160108 	2.42863e-05 	
0.0471572 3.18764 	-0.0167376 	2.06165e-05 	
0.047408 3.17599 	-0.0174623 	1.56821e-05 	
0.0476589 3.16435 	-0.0181871 	1.07477e-05 	
0.0479097 3.15289 	-0.0189073 	7.44675e-06 	
0.0481605 3.14167 	-0.0196214 	6.33717e-06 	
0.0484114 3.13046 	-0.0203355 	5.22759e-06 	
0.0486622 3.11925 	-0.0210495 	4.11801e-06 	
0.048913 3.10832 	-0.0217367 	6.49468e-06 	
0.0491639 3.0974 	-0.0224235 	8.92409e-06 	
0.0494147 3.08647 	-0.0231103 	1.13535e-05 	
0.0496656 3.07629 	-0.0237753 	1.24178e-05 	
0.0499164 3.06805 	-0.024384 	9.94334e-06 	
0.0501672 3.05981 	-0.0249927 	7.46893e-06 	
0.0504181 3.05157 	-0.0256014 	4.99452e-06 	
0.0506689 3.04363 	-0.0261933 	3.58381e-06 	
0.0509197 3.03586 	-0.0267755 	2.7738e-06 	
0.0511706 3.0281 	-0.0273578 	1.96379e-06 	
0.0514214 3.02033 	-0.02794 	1.15611e-06 	
0.0516722 3.01259 	-0.0285204 	1.85128e-06 	
0.0519231 3.00485 	-0.0291008 	2.54645e-06 	
0.0521739 2.99711 	-0.0296812 	3.24163e-06 	
0.0524247 2.98979 	-0.0302285 	3.81862e-06 	
0.0526756 2.98704 	-0.0304156 	3.11058e-06 	
0.0529264 2.98429 	-0.0306027 	2.40253e-06 	
0.0531773 2.98154 	-0.0307898 	1.69448e-06 	
0.0534281 2.97889 	-0.0309697 	1.08845e-06 	
0.0536789 2.97654 	-0.0311264 	8.08832e-07 	
0.0539298 2.97419 	-0.0312831 	5.29216e-07 	
0.0541806 2.97184 	-0.0314399 	2.49601e-07 	
0.0544314 2.96939 	-0.031608 	1.01362e-07 	
0.0546823 2.96681 	-0.0317936 	1.55275e-07 	
0.0549331 2.96422 	-0.0319793 	2.09188e-07 	
0.0551839 2.96163 	-0.0321649 	2.63101e-07 	
0.0554348 2.9597 	-0.0323047 	2.89376e-07 	
0.0556856 2.95969 	-0.0323097 	2.34464e-07 	
0.0559365 2.95969 	-0.0323147 	1.79552e-07 	
0.0561873 2.95968 	-0.0323197 	1.24641e-07 	
0.0564381 2.95968 	-0.0323256 	7.64303e-08 	
0.056689 2.95973 	-0.0323356 	5.69117e-08 	
0.0569398 2.95977 	-0.0323455 	3.73932e-08 	
0.0571906 2.95982 	-0.0323555 	1.78747e-08 	
0.0574415 2.95986 	-0.032366 	9.09658e-10 	
0.0576923 2.95985 	-0.0323804 	1.54843e-09 	
0.0579431 2.95984 	-0.0323947 	2.18721e-09 	
0.058194 2.95984 	-0.032409 	2.82598e-09 	
0.0584448 2.95983 	-0.0324233 	3.46476e-09 	
0.0586957 2.95995 	-0.0324447 	3.13456e-09 	
0.0589465 2.96012 	-0.0324684 	2.48395e-09 	
0.0591973 2.96028 	-0.0324921 	1.83334e-09 	
0.0594482 2.96045 	-0.0325158 	1.18272e-09 	
0.059699 2.96061 	-0.0325404 	7.40749e-10 	
0.0599498 2.96077 	-0.032566 	5.47751e-10 	
0.0602007 2.96093 	-0.0325915 	3.54754e-10 	
0.0604515 2.96109 	-0.0326171 	1.61757e-10 	
0.0607023 2.96125 	-0.0326437 	3.32594e-13 	
0.0609532 2.96141 	-0.0326752 	1.74134e-12 	
0.061204 2.96156 	-0.0327067 	3.15009e-12 	
0.0614548 2.96172 	-0.0327382 	4.55884e-12 	
0.0617057 2.96187 	-0.0327697 	5.96758e-12 	
0.0619565 2.96202 	-0.0328057 	5.84472e-12 	
0.0622074 2.96216 	-0.0328457 	4.40987e-12 	
0.0624582 2.9623 	-0.0328857 	2.97501e-12 	
0.062709 2.96244 	-0.0329257 	1.54015e-12 	
0.0629599 2.96258 	-0.0329657 	1.05295e-13 	
0.0632107 2.96271 	-0.033008 	1.96103e-12 	
0.0634615 2.96285 	-0.0330503 	3.8202e-12 	
0.0637124 2.96298 	-0.0330927 	5.67936e-12 	
0.0639632 2.96312 	-0.033135 	7.53853e-12 	
0.064214 2.96325 	-0.0331793 	1.01905e-11 	
0.0644649 2.96338 	-0.0332258 	1.37676e-11 	
0.0647157 2.96351 	-0.0332723 	1.73447e-11 	
0.0649666 2.96365 	-0.0333188 	2.09218e-11 	
0.0652174 2.96378 	-0.0333653 	2.44989e-11 	
0.0654682 2.96389 	-0.0333942 	2.39246e-11 	
0.0657191 2.96398 	-0.0334102 	2.02812e-11 	
0.0659699 2.96407 	-0.0334261 	1.66378e-11 	
0.0662207 2.96417 	-0.0334421 	1.29944e-11 	
0.0664716 2.96426 	-0.033458 	9.35094e-12 	
0.0667224 2.96435 	-0.0334766 	6.54717e-12 	
0.0669732 2.96444 	-0.0334959 	3.98389e-12 	
0.0672241 2.96453 	-0.0335152 	1.42061e-12 	
0.0674749 2.96463 	-0.0335346 	-1.14267e-12 	
0.0677258 2.96472 	-0.0335539 	-3.70595e-12 	
0.0679766 2.9648 	-0.0335773 	-5.24417e-12 	
0.0682274 2.96489 	-0.0336008 	-6.76363e-12 	
0.0684783 2.96498 	-0.0336243 	-8.2831e-12 	
0.0687291 2.96507 	-0.0336478 	-9.80256e-12 	
0.0689799 2.96516 	-0.0336713 	-1.1322e-11 	
0.0692308 2.96522 	-0.0337339 	-1.03331e-11 	
0.0694816 2.96527 	-0.0338052 	-8.78547e-12 	
0.0697324 2.96533 	-0.0338766 	-7.23783e-12 	
0.0699833 2.96539 	-0.0339479 	-5.6902e-12 	
0.0702341 2.96544 	-0.0340192 	-4.14256e-12 	
0.0704849 2.9655 	-0.0340907 	-4.39393e-12 	
0.0707358 2.96556 	-0.0341623 	-5.25256e-12 	
0.0709866 2.96561 	-0.0342338 	-6.1112e-12 	
0.0712375 2.96567 	-0.0343054 	-6.96983e-12 	
0.0714883 2.96572 	-0.034377 	-7.82846e-12 	
0.0717391 2.96577 	-0.0344513 	-1.0199e-11 	
0.07199 2.96583 	-0.0345268 	-1.32816e-11 	
0.0722408 2.96588 	-0.0346024 	-1.63642e-11 	
0.0724916 2.96593 	-0.0346779 	-1.94468e-11 	
0.0727425 2.96598 	-0.0347535 	-2.25294e-11 	
0.0729933 2.96603 	-0.0348109 	-2.423e-11 	
0.0732441 2.96603 	-0.0348049 	-2.10929e-11 	
0.073495 2.96603 	-0.0347988 	-1.79558e-11 	
0.0737458 2.96603 	-0.0347927 	-1.48188e-11 	
0.0739967 2.96603 	-0.0347867 	-1.16817e-11 	
0.0742475 2.96603 	-0.0347806 	-8.54462e-12 	
0.0744983 2.96603 	-0.0347798 	-8.11767e-12 	
0.0747492 2.96603 	-0.0347798 	-8.11767e-12 	
