0 0.00456605
0.000250836 0.00456428
0.000501672 0.00456179
0.000752508 0.00456008
0.00100334 0.00455884
0.00125418 0.00455768
0.00150502 0.00455679
0.00175585 0.00455592
0.00200669 0.00455502
0.00225753 0.00455399
0.00250836 0.004553
0.0027592 0.00455201
0.00301003 0.00455096
0.00326087 0.00454984
0.00351171 0.00454868
0.00376254 0.0045475
0.00401338 0.00454626
0.00426421 0.00454496
0.00451505 0.00454359
0.00476589 0.00454219
0.00501672 0.00454071
0.00526756 0.00453917
0.00551839 0.00453754
0.00576923 0.00453586
0.00602007 0.00453412
0.0062709 0.00453232
0.00652174 0.00453042
0.00677258 0.00452841
0.00702341 0.00452637
0.00727425 0.00452425
0.00752508 0.00452197
0.00777592 0.0045197
0.00802676 0.00451725
0.00827759 0.00451473
0.00852843 0.00451215
0.00877926 0.00450938
0.0090301 0.00450662
0.00928094 0.0045036
0.00953177 0.00450063
0.00978261 0.00449737
0.0100334 0.00449413
0.0102843 0.00449065
0.0105351 0.00448708
0.010786 0.00448344
0.0110368 0.00447948
0.0112876 0.00447571
0.0115385 0.00447135
0.0117893 0.00446713
0.0120401 0.0044627
0.012291 0.00445795
0.0125418 0.0044534
0.0127926 0.00444825
0.0130435 0.00444306
0.0132943 0.00443811
0.0135452 0.00443225
0.013796 0.00442656
0.0140468 0.00442108
0.0142977 0.00441459
0.0145485 0.00440827
0.0147993 0.00440223
0.0150502 0.00439519
0.015301 0.00438816
0.0155518 0.00438139
0.0158027 0.00437399
0.0160535 0.00436611
0.0163043 0.00435845
0.0165552 0.00435096
0.016806 0.00434212
0.0170569 0.00433348
0.0173077 0.00432512
0.0175585 0.00431635
0.0178094 0.00430656
0.0180602 0.004297
0.018311 0.00428778
0.0185619 0.0042779
0.0188127 0.00426703
0.0190635 0.00425641
0.0193144 0.00424615
0.0195652 0.00423545
0.0198161 0.00422337
0.0200669 0.00421154
0.0203177 0.0042
0.0205686 0.00418875
0.0208194 0.00417553
0.0210702 0.00416227
0.0213211 0.0041492
0.0215719 0.00413667
0.0218227 0.00412351
0.0220736 0.00410867
0.0223244 0.00409408
0.0225753 0.00407968
0.0228261 0.00406586
0.0230769 0.00405099
0.0233278 0.00403458
0.0235786 0.00401846
0.0238294 0.00400249
0.0240803 0.0039872
0.0243311 0.00397123
0.0245819 0.00395311
0.0248328 0.0039352
0.0250836 0.00391752
0.0253344 0.0039004
0.0255853 0.00388352
0.0258361 0.00386422
0.026087 0.00384427
0.0263378 0.00382476
0.0265886 0.00380533
0.0268395 0.00378673
0.0270903 0.00376807
0.0273411 0.00374614
0.027592 0.00372424
0.0278428 0.00370285
0.0280936 0.00368151
0.0283445 0.00366107
0.0285953 0.00364063
0.0288462 0.00361688
0.029097 0.00359285
0.0293478 0.00356932
0.0295987 0.00354588
0.0298495 0.0035232
0.0301003 0.00350079
0.0303512 0.00347654
0.030602 0.0034503
0.0308528 0.00342423
0.0311037 0.00339863
0.0313545 0.0033731
0.0316054 0.00334861
0.0318562 0.00332412
0.032107 0.00329689
0.0323579 0.00326832
0.0326087 0.00323999
0.0328595 0.00321213
0.0331104 0.00318426
0.0333612 0.00315759
0.033612 0.00313092
0.0338629 0.00310218
0.0341137 0.00307119
0.0343645 0.00304022
0.0346154 0.00300999
0.0348662 0.00297977
0.0351171 0.00295024
0.0353679 0.00292129
0.0356187 0.00289235
0.0358696 0.00285944
0.0361204 0.00282597
0.0363712 0.00279272
0.0366221 0.00276008
0.0368729 0.00272743
0.0371237 0.00269568
0.0373746 0.0026644
0.0376254 0.00263312
0.0378763 0.00259788
0.0381271 0.0025619
0.0383779 0.00252599
0.0386288 0.00249089
0.0388796 0.00245579
0.0391304 0.00242115
0.0393813 0.0023875
0.0396321 0.00235385
0.0398829 0.00231851
0.0401338 0.00228005
0.0403846 0.00224158
0.0406355 0.00220352
0.0408863 0.00216598
0.0411371 0.00212845
0.041388 0.00209171
0.0416388 0.00205571
0.0418896 0.00201971
0.0421405 0.00198193
0.0423913 0.00194123
0.0426421 0.00190052
0.042893 0.0018601
0.0431438 0.00182036
0.0433946 0.00178063
0.0436455 0.00174124
0.0438963 0.00170311
0.0441472 0.00166499
0.044398 0.00162686
0.0446488 0.00158485
0.0448997 0.00154237
0.0451505 0.0014999
0.0454013 0.00145804
0.0456522 0.00141654
0.045903 0.00137504
0.0461538 0.00133418
0.0464047 0.00129437
0.0466555 0.00125456
0.0469064 0.00121475
0.0471572 0.00117171
0.047408 0.00112819
0.0476589 0.00108467
0.0479097 0.00104154
0.0481605 0.000998931
0.0484114 0.000956325
0.0486622 0.000913718
0.048913 0.000872866
0.0491639 0.00083204
0.0494147 0.000791215
0.0496656 0.000749964
0.0499164 0.000707614
0.0501672 0.000665264
0.0504181 0.000622914
0.0506689 0.000581343
0.0509197 0.000540212
0.0511706 0.000499081
0.0514214 0.000457952
0.0516722 0.000418185
0.0519231 0.000378418
0.0521739 0.000338652
0.0524247 0.00030023
0.0526756 0.000276434
0.0529264 0.000252639
0.0531773 0.000228843
0.0534281 0.000205712
0.0536789 0.000184708
0.0539298 0.000163704
0.0541806 0.0001427
0.0544314 0.000121159
0.0546823 9.8792e-05
0.0549331 7.64251e-05
0.0551839 5.40582e-05
0.0554348 3.65658e-05
0.0556856 3.33921e-05
0.0559365 3.02184e-05
0.0561873 2.70447e-05
0.0564381 2.40412e-05
0.056689 2.17661e-05
0.0569398 1.9491e-05
0.0571906 1.72159e-05
0.0574415 1.48507e-05
0.0576923 1.18635e-05
0.0579431 8.87644e-06
0.058194 5.88933e-06
0.0584448 2.90222e-06
0.0586957 2.22382e-06
0.0589465 2.30884e-06
0.0591973 2.39386e-06
0.0594482 2.47888e-06
0.059699 2.57357e-06
0.0599498 2.67978e-06
0.0602007 2.78599e-06
0.0604515 2.89219e-06
0.0607023 2.99414e-06
0.0609532 3.07412e-06
0.061204 3.1541e-06
0.0614548 3.23407e-06
0.0617057 3.31405e-06
0.0619565 3.48675e-06
0.0622074 3.73888e-06
0.0624582 3.99102e-06
0.062709 4.24315e-06
0.0629599 4.49528e-06
0.0632107 4.73982e-06
0.0634615 4.98435e-06
0.0637124 5.22888e-06
0.0639632 5.47341e-06
0.064214 5.71477e-06
0.0644649 5.95243e-06
0.0647157 6.19009e-06
0.0649666 6.42774e-06
0.0652174 6.6654e-06
0.0654682 6.93031e-06
0.0657191 7.21535e-06
0.0659699 7.5004e-06
0.0662207 7.78544e-06
0.0664716 8.07049e-06
0.0667224 8.35063e-06
0.0669732 8.62936e-06
0.0672241 8.90809e-06
0.0674749 9.18682e-06
0.0677258 9.46555e-06
0.0679766 9.73474e-06
0.0682274 1.00038e-05
0.0684783 1.02728e-05
0.0687291 1.05418e-05
0.0689799 1.08108e-05
0.0692308 1.09587e-05
0.0694816 1.10797e-05
0.0697324 1.12006e-05
0.0699833 1.13216e-05
0.0702341 1.14426e-05
0.0704849 1.1563e-05
0.0707358 1.16833e-05
0.0709866 1.18036e-05
0.0712375 1.19238e-05
0.0714883 1.20441e-05
0.0717391 1.21603e-05
0.07199 1.22746e-05
0.0722408 1.2389e-05
0.0724916 1.25033e-05
0.0727425 1.26176e-05
0.0729933 1.25476e-05
0.0732441 1.18323e-05
0.073495 1.1117e-05
0.0737458 1.04017e-05
0.0739967 9.68639e-06
0.0742475 8.97109e-06
0.0744983 7.48842e-06
0.0747492 5.88485e-06
