0 133.702
0.000250836 133.53
0.000501672 132.986
0.000752508 132.679
0.00100334 132.489
0.00125418 132.366
0.00150502 132.286
0.00175585 132.242
0.00200669 132.226
0.00225753 132.231
0.00250836 132.255
0.0027592 132.296
0.00301003 132.354
0.00326087 132.424
0.00351171 132.504
0.00376254 132.593
0.00401338 132.691
0.00426421 132.793
0.00451505 132.899
0.00476589 133.008
0.00501672 133.118
0.00526756 133.227
0.00551839 133.334
0.00576923 133.436
0.00602007 133.533
0.0062709 133.624
0.00652174 133.706
0.00677258 133.777
0.00702341 133.838
0.00727425 133.888
0.00752508 133.918
0.00777592 133.939
0.00802676 133.938
0.00827759 133.92
0.00852843 133.887
0.00877926 133.825
0.0090301 133.753
0.00928094 133.642
0.00953177 133.525
0.00978261 133.363
0.0100334 133.194
0.0102843 132.98
0.0105351 132.751
0.010786 132.488
0.0110368 132.193
0.0112876 131.895
0.0115385 131.515
0.0117893 131.145
0.0120401 130.72
0.012291 130.268
0.0125418 129.814
0.0127926 129.271
0.0130435 128.73
0.0132943 128.186
0.0135452 127.528
0.013796 126.89
0.0140468 126.247
0.0142977 125.483
0.0145485 124.745
0.0147993 124.003
0.0150502 123.141
0.015301 122.297
0.0155518 121.453
0.0158027 120.509
0.0160535 119.558
0.0163043 118.606
0.0165552 117.64
0.016806 116.544
0.0170569 115.484
0.0173077 114.425
0.0175585 113.293
0.0178094 112.114
0.0180602 110.949
0.018311 109.785
0.0185619 108.531
0.0188127 107.256
0.0190635 105.991
0.0193144 104.727
0.0195652 103.402
0.0198161 102.019
0.0200669 100.663
0.0203177 99.3071
0.0205686 97.9494
0.0208194 96.4579
0.0210702 95.0231
0.0213211 93.5883
0.0215719 92.1535
0.0218227 90.6675
0.0220736 89.1333
0.0223244 87.6353
0.0225753 86.1373
0.0228261 84.6392
0.0230769 83.0798
0.0233278 81.5101
0.0235786 79.968
0.0238294 78.426
0.0240803 76.8839
0.0243311 75.3129
0.0245819 73.7011
0.0248328 72.1376
0.0250836 70.5741
0.0253344 69.0106
0.0255853 67.4498
0.0258361 65.8157
0.026087 64.2563
0.0263378 62.697
0.0265886 61.1376
0.0268395 59.5783
0.0270903 58.0239
0.0273411 56.4243
0.027592 54.8972
0.0278428 53.3702
0.0280936 51.8432
0.0283445 50.3161
0.0285953 48.797
0.0288462 47.257
0.029097 45.7925
0.0293478 44.3281
0.0295987 42.8637
0.0298495 41.3993
0.0301003 39.9397
0.0303512 38.4911
0.030602 37.0914
0.0308528 35.7217
0.0311037 34.352
0.0313545 32.9823
0.0316054 31.6126
0.0318562 30.2525
0.032107 28.9385
0.0323579 27.6891
0.0326087 26.455
0.0328595 25.2208
0.0331104 23.9867
0.0333612 22.7525
0.033612 21.5281
0.0338629 20.3752
0.0341137 19.3099
0.0343645 18.2663
0.0346154 17.2226
0.0348662 16.179
0.0351171 15.1354
0.0353679 14.0918
0.0356187 13.0701
0.0358696 12.2151
0.0361204 11.4034
0.0363712 10.5954
0.0366221 9.78736
0.0368729 8.97936
0.0371237 8.17136
0.0373746 7.36336
0.0376254 6.58072
0.0378763 6.01256
0.0381271 5.48564
0.0383779 4.9592
0.0386288 4.43276
0.0388796 3.90632
0.0391304 3.37988
0.0393813 2.85344
0.0396321 2.34263
0.0398829 1.95269
0.0401338 1.75757
0.0403846 1.5519
0.0406355 1.34623
0.0408863 1.14056
0.0411371 0.934887
0.041388 0.729215
0.0416388 0.523543
0.0418896 0.333029
0.0421405 0.212579
0.0423913 0.191882
0.0426421 0.167934
0.042893 0.143986
0.0431438 0.120038
0.0433946 0.0960901
0.0436455 0.0721421
0.0438963 0.0481942
0.0441472 0.0252869
0.044398 0.00634157
0.0446488 0.00402791
0.0448997 0.00363265
0.0451505 0.0031948
0.0454013 0.00275695
0.0456522 0.0023191
0.045903 0.00188124
0.0461538 0.00144339
0.0464047 0.00100554
0.0466555 0.000600349
0.0469064 0.000288146
0.0471572 0.000246494
0.047408 0.000244718
0.0476589 0.000242643
0.0479097 0.000240569
0.0481605 0.000238494
0.0484114 0.00023642
0.0486622 0.000234345
0.048913 0.000232271
0.0491639 0.000230197
0.0494147 0.000228634
0.0496656 0.000227877
0.0499164 0.000228757
0.0501672 0.000229629
0.0504181 0.000230499
0.0506689 0.000231369
0.0509197 0.000232239
0.0511706 0.000233109
0.0514214 0.000233979
0.0516722 0.000234849
0.0519231 0.00023572
0.0521739 0.000236567
0.0524247 0.00023758
0.0526756 0.000240533
0.0529264 0.000243465
0.0531773 0.000246381
0.0534281 0.000249297
0.0536789 0.000252213
0.0539298 0.000255128
0.0541806 0.000258044
0.0544314 0.00026096
0.0546823 0.000263876
0.0549331 0.000266792
0.0551839 0.000269603
0.0554348 0.000274021
0.0556856 0.000283198
0.0559365 0.000292272
0.0561873 0.000301288
0.0564381 0.000310305
0.056689 0.000319321
0.0569398 0.000328338
0.0571906 0.000337355
0.0574415 0.000346371
0.0576923 0.000355388
0.0579431 0.000364404
0.058194 0.000373269
0.0584448 0.000381973
0.0586957 0.000403158
0.0589465 0.000428444
0.0591973 0.000453195
0.0594482 0.000477946
0.059699 0.000502697
0.0599498 0.000527448
0.0602007 0.000552199
0.0604515 0.00057695
0.0607023 0.000601701
0.0609532 0.000626452
0.061204 0.000651203
0.0614548 0.00067569
0.0617057 0.000699729
0.0619565 0.000742256
0.0622074 0.000800622
0.0624582 0.000857825
0.062709 0.000914621
0.0629599 0.000971416
0.0632107 0.00102821
0.0634615 0.00108501
0.0637124 0.0011418
0.0639632 0.0011986
0.064214 0.00125539
0.0644649 0.00131219
0.0647157 0.00136899
0.0649666 0.00142512
0.0652174 0.00148063
0.0654682 0.00156223
0.0657191 0.00166312
0.0659699 0.00176186
0.0662207 0.00185957
0.0664716 0.00195727
0.0667224 0.00205497
0.0669732 0.00215268
0.0672241 0.00225038
0.0674749 0.00234808
0.0677258 0.00244579
0.0679766 0.00254349
0.0682274 0.00264119
0.0684783 0.0027389
0.0687291 0.00283521
0.0689799 0.00293131
0.0692308 0.00303514
0.0694816 0.00314069
0.0697324 0.00324323
0.0699833 0.00334505
0.0702341 0.00344688
0.0704849 0.0035487
0.0707358 0.00365053
0.0709866 0.00375235
0.0712375 0.00385418
0.0714883 0.003956
0.0717391 0.00405783
0.07199 0.00415965
0.0722408 0.00426148
0.0724916 0.00436287
0.0727425 0.00446357
0.0729933 0.00454189
0.0732441 0.00454187
0.073495 0.00454186
0.0737458 0.00454186
0.0739967 0.00454186
0.0742475 0.00454186
0.0744983 0.00454186
0.0747492 0.00454186
