0 9.78841 	-0.000546113 	0.025504 	
0.000250836 9.78328 	0.00547726 	0.0186287 	
0.000501672 9.77576 	0.00966901 	0.0243342 	
0.000752508 9.76658 	0.0146149 	0.0135472 	
0.00100334 9.75515 	0.0194012 	0.0074346 	
0.00125418 9.74137 	0.0241657 	0.0059975 	
0.00150502 9.7251 	0.0288871 	0.00830438 	
0.00175585 9.70612 	0.0335601 	0.00798413 	
0.00200669 9.68425 	0.0381888 	0.00402968 	
0.00225753 9.65986 	0.0427696 	0.00341591 	
0.00250836 9.63302 	0.0472819 	0.0036263 	
0.0027592 9.60381 	0.0517121 	0.00548507 	
0.00301003 9.57176 	0.0560285 	0.00241779 	
0.00326087 9.53723 	0.060284 	0.00205713 	
0.00351171 9.5004 	0.0644449 	0.00178573 	
0.00376254 9.4615 	0.068517 	0.00310496 	
0.00401338 9.42007 	0.0724428 	0.00205638 	
0.00426421 9.37636 	0.0762587 	0.00132544 	
0.00451505 9.33054 	0.0799961 	0.00117076 	
0.00476589 9.28285 	0.0837043 	0.00164266 	
0.00501672 9.23285 	0.0872791 	0.00187617 	
0.00526756 9.18104 	0.0905233 	0.00135596 	
0.00551839 9.12695 	0.0936661 	0.000781378 	
0.00576923 9.07153 	0.0966983 	0.000729135 	
0.00602007 9.01453 	0.0996057 	0.000684326 	
0.0062709 8.95629 	0.1024 	0.00101309 	
0.00652174 8.89567 	0.10503 	0.000840397 	
0.00677258 8.83332 	0.107467 	0.000524835 	
0.00702341 8.77043 	0.109793 	0.000561142 	
0.00727425 8.70601 	0.111992 	0.000728585 	
0.00752508 8.6394 	0.113966 	0.00042507 	
0.00777592 8.57316 	0.115873 	0.000655068 	
0.00802676 8.5038 	0.117544 	0.000364523 	
0.00827759 8.43488 	0.119099 	0.000360138 	
0.00852843 8.36459 	0.120519 	0.000447348 	
0.00877926 8.29308 	0.121733 	0.000318211 	
0.0090301 8.22157 	0.122888 	0.000473144 	
0.00928094 8.14794 	0.123764 	0.000285465 	
0.00953177 8.07492 	0.12461 	0.000423792 	
0.00978261 7.9999 	0.125183 	0.000259521 	
0.0100334 7.92512 	0.125708 	0.000327197 	
0.0102843 7.84945 	0.126018 	0.000238588 	
0.0105351 7.77276 	0.12619 	0.000218069 	
0.010786 7.69742 	0.126296 	0.000310841 	
0.0110368 7.61937 	0.126112 	0.000203915 	
0.0112876 7.54406 	0.126033 	0.000407954 	
0.0115385 7.4647 	0.125487 	0.000191933 	
0.0117893 7.38683 	0.124992 	0.000218726 	
0.0120401 7.30947 	0.124372 	0.00023786 	
0.012291 7.23027 	0.123493 	0.000168627 	
0.0125418 7.15336 	0.122716 	0.000290407 	
0.0127926 7.07388 	0.121549 	0.000161158 	
0.0130435 6.99486 	0.120327 	0.000149838 	
0.0132943 6.91861 	0.119235 	0.00030488 	
0.0135452 6.83842 	0.117619 	0.000144406 	
0.013796 6.75953 	0.116046 	0.000134425 	
0.0140468 6.68352 	0.114616 	0.000272783 	
0.0142977 6.6037 	0.112649 	0.000130449 	
0.0145485 6.52526 	0.110734 	0.000121582 	
0.0147993 6.44941 	0.10896 	0.000229589 	
0.0150502 6.3706 	0.106709 	0.000118658 	
0.015301 6.29296 	0.104446 	0.000110737 	
0.0155518 6.2169 	0.102275 	0.000164542 	
0.0158027 6.14041 	0.0998868 	0.000147379 	
0.0160535 6.06335 	0.0972842 	0.000101473 	
0.0163043 5.98687 	0.0947027 	9.43708e-05 	
0.0165552 5.91354 	0.0922986 	0.0001904 	
0.016806 5.83698 	0.0893527 	9.34653e-05 	
0.0170569 5.76201 	0.0864653 	8.70861e-05 	
0.0173077 5.68814 	0.0836507 	0.000113531 	
0.0175585 5.61532 	0.0807826 	0.000140573 	
0.0178094 5.5411 	0.0775729 	8.07236e-05 	
0.0180602 5.46804 	0.0744059 	7.49925e-05 	
0.018311 5.39645 	0.0713419 	0.000107631 	
0.0185619 5.32534 	0.0681616 	0.000117412 	
0.0188127 5.25348 	0.0647058 	6.99342e-05 	
0.0190635 5.18271 	0.0612911 	6.47902e-05 	
0.0193144 5.11309 	0.0579616 	8.57926e-05 	
0.0195652 5.04465 	0.054618 	0.000110803 	
0.0198161 4.97514 	0.0509402 	6.07545e-05 	
0.0200669 4.90706 	0.0473173 	5.61466e-05 	
0.0203177 4.83921 	0.0437125 	5.60968e-05 	
0.0205686 4.77385 	0.0402992 	0.000104469 	
0.0208194 4.70725 	0.036488 	6.34066e-05 	
0.0210702 4.64187 	0.0326982 	4.87782e-05 	
0.0213211 4.5769 	0.0289261 	4.4663e-05 	
0.0215719 4.51326 	0.0252573 	6.27182e-05 	
0.0218227 4.45062 	0.0215731 	7.81882e-05 	
0.0220736 4.38764 	0.017634 	4.24381e-05 	
0.0223244 4.32623 	0.0137491 	3.87788e-05 	
0.0225753 4.26482 	0.0098642 	3.51194e-05 	
0.0228261 4.20504 	0.00612221 	5.44984e-05 	
0.0230769 4.14606 	0.0023027 	5.96409e-05 	
0.0233278 4.08749 	-0.00170527 	3.36731e-05 	
0.0235786 4.03044 	-0.00565209 	3.04542e-05 	
0.0238294 3.97339 	-0.00959891 	2.72354e-05 	
0.0240803 3.91755 	-0.0134357 	3.90115e-05 	
0.0243311 3.86287 	-0.0172441 	4.96318e-05 	
0.0245819 3.80955 	-0.0211711 	2.84271e-05 	
0.0248328 3.75771 	-0.0250183 	2.35639e-05 	
0.0250836 3.70606 	-0.0288554 	2.07892e-05 	
0.0253344 3.6548 	-0.0326597 	2.21915e-05 	
0.0255853 3.60475 	-0.0363631 	3.64612e-05 	
0.0258361 3.55714 	-0.040016 	2.81051e-05 	
0.026087 3.51075 	-0.0436255 	1.78705e-05 	
0.0263378 3.46542 	-0.0471806 	1.55331e-05 	
0.0265886 3.42009 	-0.0507358 	1.31957e-05 	
0.0268395 3.37545 	-0.0542313 	1.71637e-05 	
0.0270903 3.33142 	-0.0576755 	2.57422e-05 	
0.0273411 3.29213 	-0.0608644 	1.66706e-05 	
0.027592 3.25366 	-0.0640116 	1.122e-05 	
0.0278428 3.21598 	-0.0671176 	9.33625e-06 	
0.0280936 3.1783 	-0.0702236 	7.4525e-06 	
0.0283445 3.14103 	-0.0732928 	9.2112e-06 	
0.0285953 3.10408 	-0.0763323 	1.3909e-05 	
0.0288462 3.07431 	-0.0788896 	9.85163e-06 	
0.029097 3.0457 	-0.0813642 	6.17194e-06 	
0.0293478 3.01826 	-0.0837494 	4.81075e-06 	
0.0295987 2.99082 	-0.0861347 	3.44956e-06 	
0.0298495 2.96338 	-0.0885267 	2.71525e-06 	
0.0301003 2.93592 	-0.090945 	4.41556e-06 	
0.0303512 2.91499 	-0.0925299 	4.46159e-06 	
0.030602 2.9011 	-0.0932192 	2.72986e-06 	
0.0308528 2.88872 	-0.0937561 	1.87033e-06 	
0.0311037 2.87674 	-0.0942526 	1.24193e-06 	
0.0313545 2.86476 	-0.0947492 	6.13526e-07 	
0.0316054 2.85223 	-0.0953472 	4.1447e-07 	
0.0318562 2.83914 	-0.0960486 	6.52811e-07 	
0.032107 2.83392 	-0.0957798 	5.66559e-07 	
0.0323579 2.83249 	-0.0950432 	3.23812e-07 	
0.0326087 2.83159 	-0.0942961 	2.22419e-07 	
0.0328595 2.83076 	-0.0935475 	1.39016e-07 	
0.0331104 2.82993 	-0.092799 	5.56137e-08 	
0.0333612 2.82889 	-0.092092 	8.35719e-09 	
0.033612 2.82754 	-0.091446 	1.42705e-08 	
0.0338629 2.82713 	-0.0907756 	1.44474e-08 	
0.0341137 2.82773 	-0.0900788 	8.4248e-09 	
0.0343645 2.82833 	-0.0894075 	5.01214e-09 	
0.0346154 2.82893 	-0.0887536 	3.40253e-09 	
0.0348662 2.82953 	-0.0880998 	1.79293e-09 	
0.0351171 2.83013 	-0.0874459 	1.83328e-10 	
0.0353679 2.8307 	-0.086828 	7.62793e-11 	
0.0356187 2.83126 	-0.0862136 	1.15763e-10 	
0.0358696 2.83185 	-0.0855798 	8.52961e-11 	
0.0361204 2.83244 	-0.0849432 	4.50817e-11 	
0.0363712 2.83302 	-0.0843352 	3.16107e-11 	
0.0366221 2.83359 	-0.0837311 	2.17456e-11 	
0.0368729 2.83417 	-0.0831269 	1.18806e-11 	
0.0371237 2.83474 	-0.0825227 	2.0155e-12 	
0.0373746 2.8353 	-0.0819595 	2.97814e-12 	
0.0376254 2.83586 	-0.0813966 	4.03046e-12 	
0.0378763 2.83641 	-0.0808306 	3.2926e-12 	
0.0381271 2.83695 	-0.0802641 	2.22081e-12 	
0.0383779 2.83749 	-0.0797184 	1.74847e-12 	
0.0386288 2.83802 	-0.0791804 	1.49467e-12 	
0.0388796 2.83855 	-0.0786424 	1.24087e-12 	
0.0391304 2.83908 	-0.0781043 	9.87068e-13 	
0.0393813 2.83961 	-0.077589 	1.15423e-12 	
0.0396321 2.84012 	-0.0770874 	1.57674e-12 	
0.0398829 2.84063 	-0.0765797 	1.69963e-12 	
0.0401338 2.84114 	-0.0760605 	1.2693e-12 	
0.0403846 2.84164 	-0.0755444 	8.95082e-13 	
0.0406355 2.84213 	-0.0750507 	9.26699e-13 	
0.0408863 2.84262 	-0.0745569 	9.58315e-13 	
0.0411371 2.84311 	-0.0740631 	9.89932e-13 	
0.041388 2.8436 	-0.0735694 	1.02155e-12 	
0.0416388 2.84408 	-0.073101 	1.39345e-12 	
0.0418896 2.84456 	-0.0726399 	1.86272e-12 	
0.0421405 2.84503 	-0.0721819 	1.97455e-12 	
0.0423913 2.84548 	-0.071729 	1.49659e-12 	
0.0426421 2.84594 	-0.0712766 	1.02992e-12 	
0.042893 2.84639 	-0.0708458 	1.09425e-12 	
0.0431438 2.84684 	-0.070415 	1.15858e-12 	
0.0433946 2.84728 	-0.0699843 	1.22291e-12 	
0.0436455 2.84773 	-0.0695535 	1.28724e-12 	
0.0438963 2.84817 	-0.069135 	1.67933e-12 	
0.0441472 2.84861 	-0.0687328 	2.50585e-12 	
0.044398 2.84904 	-0.0683306 	3.33237e-12 	
0.0446488 2.84946 	-0.0679007 	2.66828e-12 	
0.0448997 2.84988 	-0.0674676 	1.82645e-12 	
0.0451505 2.85029 	-0.0670423 	1.13036e-12 	
0.0454013 2.8507 	-0.0666288 	6.50113e-13 	
0.0456522 2.85111 	-0.0662153 	1.69871e-13 	
0.045903 2.85151 	-0.0658018 	-3.10372e-13 	
0.0461538 2.85192 	-0.0653884 	-7.90615e-13 	
0.0464047 2.85232 	-0.0649894 	-9.75442e-13 	
0.0466555 2.85272 	-0.0646023 	-9.19902e-13 	
0.0469064 2.85311 	-0.0642152 	-8.64363e-13 	
0.0471572 2.85349 	-0.0638592 	-9.06434e-13 	
0.047408 2.85386 	-0.0635078 	-9.63002e-13 	
0.0476589 2.85423 	-0.0631603 	-8.34961e-13 	
0.0479097 2.8546 	-0.0628257 	-1.1825e-13 	
0.0481605 2.85496 	-0.062491 	5.98462e-13 	
0.0484114 2.85533 	-0.0621563 	1.31517e-12 	
0.0486622 2.85569 	-0.0618216 	2.03188e-12 	
0.048913 2.85606 	-0.0614894 	2.73489e-12 	
0.0491639 2.85641 	-0.0611768 	3.32856e-12 	
0.0494147 2.85677 	-0.0608643 	3.92223e-12 	
0.0496656 2.85712 	-0.0605343 	4.1823e-12 	
0.0499164 2.85745 	-0.0601587 	3.57763e-12 	
0.0501672 2.85779 	-0.0597832 	2.97297e-12 	
0.0504181 2.85812 	-0.0594153 	1.93499e-12 	
0.0506689 2.85844 	-0.0590551 	4.58293e-13 	
0.0509197 2.85877 	-0.0586949 	-1.01841e-12 	
0.0511706 2.8591 	-0.0583347 	-2.49511e-12 	
0.0514214 2.85943 	-0.0579746 	-3.97181e-12 	
0.0516722 2.85976 	-0.0576161 	-5.48019e-12 	
0.0519231 2.86008 	-0.0572776 	-7.36194e-12 	
0.0521739 2.86039 	-0.0569391 	-9.2437e-12 	
0.0524247 2.86071 	-0.0566076 	-1.08056e-11 	
0.0526756 2.861 	-0.0563513 	-8.88896e-12 	
0.0529264 2.86129 	-0.0560951 	-6.97235e-12 	
0.0531773 2.86158 	-0.0558407 	-5.22878e-12 	
0.0534281 2.86186 	-0.0555968 	-4.50829e-12 	
0.0536789 2.86215 	-0.055353 	-3.78781e-12 	
0.0539298 2.86243 	-0.0551092 	-3.06732e-12 	
0.0541806 2.86271 	-0.0548654 	-2.34683e-12 	
0.0544314 2.86299 	-0.0546215 	-1.62635e-12 	
0.0546823 2.86328 	-0.0543847 	-1.37566e-12 	
0.0549331 2.86355 	-0.0541574 	-1.77884e-12 	
0.0551839 2.86383 	-0.0539302 	-2.18202e-12 	
0.0554348 2.8641 	-0.0536736 	-2.37851e-12 	
0.0556856 2.86436 	-0.0533304 	-1.96786e-12 	
0.0559365 2.86462 	-0.0529873 	-1.55721e-12 	
0.0561873 2.86488 	-0.052646 	-1.17073e-12 	
0.0564381 2.86513 	-0.0523148 	-9.24052e-13 	
0.056689 2.86538 	-0.0519837 	-6.77373e-13 	
0.0569398 2.86563 	-0.0516525 	-4.30693e-13 	
0.0571906 2.86589 	-0.0513214 	-1.84013e-13 	
0.0574415 2.86614 	-0.0509903 	6.26664e-14 	
0.0576923 2.86639 	-0.0506609 	2.93783e-13 	
0.0579431 2.86664 	-0.0503482 	3.77362e-13 	
0.058194 2.86689 	-0.0500355 	4.60942e-13 	
0.0584448 2.86713 	-0.0497228 	5.44522e-13 	
0.0586957 2.86735 	-0.049521 	5.01318e-13 	
0.0589465 2.86756 	-0.0493558 	4.1619e-13 	
0.0591973 2.86777 	-0.0491907 	3.31061e-13 	
0.0594482 2.86797 	-0.0490298 	1.75546e-13 	
0.059699 2.86818 	-0.0488736 	-5.98471e-14 	
0.0599498 2.86838 	-0.0487175 	-2.9524e-13 	
0.0602007 2.86858 	-0.0485613 	-5.30634e-13 	
0.0604515 2.86879 	-0.0484051 	-7.66027e-13 	
0.0607023 2.86899 	-0.048249 	-1.00142e-12 	
0.0609532 2.86919 	-0.0480937 	-1.26014e-12 	
0.061204 2.86939 	-0.0479493 	-1.81702e-12 	
0.0614548 2.86959 	-0.0478049 	-2.37391e-12 	
0.0617057 2.86979 	-0.0476605 	-2.93079e-12 	
0.0619565 2.86998 	-0.0474161 	-2.88223e-12 	
0.0622074 2.87017 	-0.0470861 	-2.31502e-12 	
0.0624582 2.87035 	-0.0467562 	-1.74781e-12 	
0.062709 2.87054 	-0.0464268 	-1.17693e-12 	
0.0629599 2.87072 	-0.0461062 	-5.56411e-13 	
0.0632107 2.8709 	-0.0457855 	6.41088e-14 	
0.0634615 2.87108 	-0.0454649 	6.84628e-13 	
0.0637124 2.87127 	-0.0451442 	1.30515e-12 	
0.0639632 2.87145 	-0.0448235 	1.92567e-12 	
0.064214 2.87163 	-0.0445029 	2.54619e-12 	
0.0644649 2.87181 	-0.0441873 	3.18328e-12 	
0.0647157 2.87199 	-0.0438828 	3.85729e-12 	
0.0649666 2.87217 	-0.0435784 	4.53131e-12 	
0.0652174 2.87235 	-0.043274 	5.20533e-12 	
0.0654682 2.87249 	-0.0430987 	5.09711e-12 	
0.0657191 2.87262 	-0.0430188 	4.4106e-12 	
0.0659699 2.87274 	-0.042939 	3.72409e-12 	
0.0662207 2.87287 	-0.0428592 	3.03758e-12 	
0.0664716 2.87299 	-0.0427851 	2.24774e-12 	
0.0667224 2.87311 	-0.0427117 	1.44745e-12 	
0.0669732 2.87323 	-0.0426382 	6.47163e-13 	
0.0672241 2.87336 	-0.0425647 	-1.53125e-13 	
0.0674749 2.87348 	-0.0424912 	-9.53412e-13 	
0.0677258 2.8736 	-0.0424177 	-1.7537e-12 	
0.0679766 2.87372 	-0.0423442 	-2.55399e-12 	
0.0682274 2.87384 	-0.0422765 	-3.29909e-12 	
0.0684783 2.87396 	-0.0422106 	-4.02722e-12 	
0.0687291 2.87408 	-0.0421447 	-4.75536e-12 	
0.0689799 2.8742 	-0.0420789 	-5.48349e-12 	
0.0692308 2.87432 	-0.0417973 	-5.0096e-12 	
0.0694816 2.87443 	-0.0414678 	-4.26796e-12 	
0.0697324 2.87455 	-0.0411382 	-3.52633e-12 	
0.0699833 2.87466 	-0.0408087 	-2.7847e-12 	
0.0702341 2.87477 	-0.0404859 	-2.02369e-12 	
0.0704849 2.87489 	-0.0401635 	-1.2615e-12 	
0.0707358 2.875 	-0.0398412 	-4.99318e-13 	
0.0709866 2.87511 	-0.0395188 	2.62868e-13 	
0.0712375 2.87523 	-0.0391965 	1.02505e-12 	
0.0714883 2.87534 	-0.0388741 	1.78724e-12 	
0.0717391 2.87545 	-0.0385517 	2.54942e-12 	
0.07199 2.87556 	-0.0382352 	3.31405e-12 	
0.0722408 2.87567 	-0.0379275 	4.08244e-12 	
0.0724916 2.87579 	-0.0376199 	4.85082e-12 	
0.0727425 2.8759 	-0.0373123 	5.61921e-12 	
0.0729933 2.87598 	-0.0370716 	6.0431e-12 	
0.0732441 2.87598 	-0.0370653 	5.26108e-12 	
0.073495 2.87598 	-0.0370591 	4.47905e-12 	
0.0737458 2.87598 	-0.0370529 	3.69703e-12 	
0.0739967 2.87598 	-0.0370474 	3.01423e-12 	
0.0742475 2.87598 	-0.0370474 	3.01423e-12 	
0.0744983 2.87598 	-0.0370474 	3.01423e-12 	
0.0747492 2.87598 	-0.0370474 	3.01423e-12 	
