0 13.8464
0.000250836 13.7986
0.000501672 13.7295
0.000752508 13.7029
0.00100334 13.7241
0.00125418 13.7881
0.00150502 13.8819
0.00175585 13.9948
0.00200669 14.1198
0.00225753 14.2497
0.00250836 14.3798
0.0027592 14.5042
0.00301003 14.6192
0.00326087 14.7219
0.00351171 14.8086
0.00376254 14.8766
0.00401338 14.9217
0.00426421 14.9434
0.00451505 14.9413
0.00476589 14.9147
0.00501672 14.8629
0.00526756 14.7827
0.00551839 14.6766
0.00576923 14.5466
0.00602007 14.3939
0.0062709 14.2208
0.00652174 14.0205
0.00677258 13.7988
0.00702341 13.5627
0.00727425 13.3065
0.00752508 13.0291
0.00777592 12.7451
0.00802676 12.436
0.00827759 12.1221
0.00852843 11.793
0.00877926 11.4552
0.0090301 11.1101
0.00928094 10.7532
0.00953177 10.3936
0.00978261 10.0254
0.0100334 9.65296
0.0102843 9.28022
0.0105351 8.90021
0.010786 8.52589
0.0110368 8.14311
0.0112876 7.76978
0.0115385 7.38681
0.0117893 7.00702
0.0120401 6.63615
0.012291 6.26294
0.0125418 5.89597
0.0127926 5.53448
0.0130435 5.1774
0.0132943 4.82872
0.0135452 4.48904
0.013796 4.15449
0.0140468 3.82812
0.0142977 3.51745
0.0145485 3.21208
0.0147993 2.91221
0.0150502 2.6339
0.015301 2.3646
0.0155518 2.0972
0.0158027 1.85055
0.0160535 1.62399
0.0163043 1.39849
0.0165552 1.17874
0.016806 1.00069
0.0170569 0.829168
0.0173077 0.657737
0.0175585 0.507254
0.0178094 0.401298
0.0180602 0.299767
0.018311 0.197185
0.0185619 0.121439
0.0188127 0.0905846
0.0190635 0.0625182
0.0193144 0.0336398
0.0195652 0.00888137
0.0198161 0.00650179
0.0200669 0.00475078
0.0203177 0.00299977
0.0205686 0.000440854
0.0208194 0.000170904
0.0210702 0.000149156
0.0213211 0.000127409
0.0215719 0.000100735
0.0218227 7.10171e-05
0.0220736 7.07019e-05
0.0223244 7.05111e-05
0.0225753 7.03203e-05
0.0228261 7.00584e-05
0.0230769 6.98392e-05
0.0233278 6.98313e-05
0.0235786 6.98249e-05
0.0238294 6.98184e-05
0.0240803 6.98116e-05
0.0243311 6.98055e-05
0.0245819 6.98036e-05
0.0248328 6.98024e-05
0.0250836 6.98012e-05
0.0253344 6.98e-05
0.0255853 6.9799e-05
0.0258361 6.97995e-05
0.026087 6.98009e-05
0.0263378 6.98026e-05
0.0265886 6.98042e-05
0.0268395 6.98059e-05
0.0270903 6.98078e-05
0.0273411 6.98108e-05
0.027592 6.98143e-05
0.0278428 6.9818e-05
0.0280936 6.98216e-05
0.0283445 6.98253e-05
0.0285953 6.98292e-05
0.0288462 6.98335e-05
0.029097 6.98383e-05
0.0293478 6.98433e-05
0.0295987 6.98482e-05
0.0298495 6.98532e-05
0.0301003 6.98584e-05
0.0303512 6.98636e-05
0.030602 6.98689e-05
0.0308528 6.98748e-05
0.0311037 6.98806e-05
0.0313545 6.98864e-05
0.0316054 6.98922e-05
0.0318562 6.98983e-05
0.032107 6.99041e-05
0.0323579 6.99099e-05
0.0326087 6.99161e-05
0.0328595 6.99224e-05
0.0331104 6.99286e-05
0.0333612 6.99348e-05
0.033612 6.99413e-05
0.0338629 6.99475e-05
0.0341137 6.99533e-05
0.0343645 6.99597e-05
0.0346154 6.99661e-05
0.0348662 6.99724e-05
0.0351171 6.99788e-05
0.0353679 6.99853e-05
0.0356187 6.99919e-05
0.0358696 6.99978e-05
0.0361204 7.00037e-05
0.0363712 7.00099e-05
0.0366221 7.00161e-05
0.0368729 7.00224e-05
0.0371237 7.00286e-05
0.0373746 7.0035e-05
0.0376254 7.00415e-05
0.0378763 7.00472e-05
0.0381271 7.00529e-05
0.0383779 7.00589e-05
0.0386288 7.0065e-05
0.0388796 7.0071e-05
0.0391304 7.0077e-05
0.0393813 7.00831e-05
0.0396321 7.00895e-05
0.0398829 7.00954e-05
0.0401338 7.01005e-05
0.0403846 7.01059e-05
0.0406355 7.01115e-05
0.0408863 7.01171e-05
0.0411371 7.01227e-05
0.041388 7.01283e-05
0.0416388 7.0134e-05
0.0418896 7.01399e-05
0.0421405 7.01454e-05
0.0423913 7.01502e-05
0.0426421 7.01552e-05
0.042893 7.01605e-05
0.0431438 7.01658e-05
0.0433946 7.01711e-05
0.0436455 7.01763e-05
0.0438963 7.01816e-05
0.0441472 7.01872e-05
0.044398 7.01928e-05
0.0446488 7.01971e-05
0.0448997 7.02012e-05
0.0451505 7.02059e-05
0.0454013 7.02105e-05
0.0456522 7.02151e-05
0.045903 7.02197e-05
0.0461538 7.02243e-05
0.0464047 7.02289e-05
0.0466555 7.02339e-05
0.0469064 7.02389e-05
0.0471572 7.0243e-05
0.047408 7.02468e-05
0.0476589 7.02511e-05
0.0479097 7.02555e-05
0.0481605 7.02598e-05
0.0484114 7.02642e-05
0.0486622 7.02686e-05
0.048913 7.02729e-05
0.0491639 7.02775e-05
0.0494147 7.02822e-05
0.0496656 7.02865e-05
0.0499164 7.02897e-05
0.0501672 7.0293e-05
0.0504181 7.02967e-05
0.0506689 7.03003e-05
0.0509197 7.0304e-05
0.0511706 7.03077e-05
0.0514214 7.03113e-05
0.0516722 7.0315e-05
0.0519231 7.03188e-05
0.0521739 7.03229e-05
0.0524247 7.0327e-05
0.0526756 7.03317e-05
0.0529264 7.03364e-05
0.0531773 7.03413e-05
0.0534281 7.03463e-05
0.0536789 7.03513e-05
0.0539298 7.03563e-05
0.0541806 7.03614e-05
0.0544314 7.03664e-05
0.0546823 7.03714e-05
0.0549331 7.03767e-05
0.0551839 7.03822e-05
0.0554348 7.03914e-05
0.0556856 7.04115e-05
0.0559365 7.04317e-05
0.0561873 7.04512e-05
0.0564381 7.04707e-05
0.056689 7.04901e-05
0.0569398 7.05096e-05
0.0571906 7.05291e-05
0.0574415 7.05485e-05
0.0576923 7.0568e-05
0.0579431 7.05878e-05
0.058194 7.06082e-05
0.0584448 7.06286e-05
0.0586957 7.07756e-05
0.0589465 7.09644e-05
0.0591973 7.11512e-05
0.0594482 7.13311e-05
0.059699 7.1511e-05
0.0599498 7.16909e-05
0.0602007 7.18708e-05
0.0604515 7.20508e-05
0.0607023 7.22307e-05
0.0609532 7.24106e-05
0.061204 7.25915e-05
0.0614548 7.27754e-05
0.0617057 7.29593e-05
0.0619565 7.39993e-05
0.0622074 7.57728e-05
0.0624582 7.75463e-05
0.062709 7.92631e-05
0.0629599 8.09711e-05
0.0632107 8.26791e-05
0.0634615 8.43872e-05
0.0637124 8.60952e-05
0.0639632 8.78032e-05
0.064214 8.95113e-05
0.0644649 9.12193e-05
0.0647157 9.29335e-05
0.0649666 9.46551e-05
0.0652174 9.63768e-05
0.0654682 0.000105169
0.0657191 0.000119189
0.0659699 0.000133209
0.0662207 0.00014698
0.0664716 0.000160669
0.0667224 0.000174358
0.0669732 0.000188047
0.0672241 0.000201736
0.0674749 0.000215425
0.0677258 0.000229114
0.0679766 0.000242803
0.0682274 0.000256492
0.0684783 0.000270121
0.0687291 0.00028374
0.0689799 0.000297359
0.0692308 0.000354117
0.0694816 0.000420483
0.0697324 0.000486849
0.0699833 0.000552702
0.0702341 0.000618452
0.0704849 0.000684202
0.0707358 0.000749952
0.0709866 0.000815702
0.0712375 0.000881452
0.0714883 0.000947203
0.0717391 0.00101295
0.07199 0.0010787
0.0722408 0.00114392
0.0724916 0.00120846
0.0727425 0.00127299
0.0729933 0.00132319
0.0732441 0.00132318
0.073495 0.00132318
0.0737458 0.00132318
0.0739967 0.00132318
0.0742475 0.00132318
0.0744983 0.00132318
0.0747492 0.00132318
