0 8.81826
0.000250836 8.77079
0.000501672 8.69898
0.000752508 8.62792
0.00100334 8.56297
0.00125418 8.5083
0.00150502 8.47326
0.00175585 8.45439
0.00200669 8.44896
0.00225753 8.45184
0.00250836 8.46085
0.0027592 8.47328
0.00301003 8.48752
0.00326087 8.50213
0.00351171 8.5164
0.00376254 8.5297
0.00401338 8.54132
0.00426421 8.55077
0.00451505 8.55765
0.00476589 8.56157
0.00501672 8.56216
0.00526756 8.55846
0.00551839 8.55043
0.00576923 8.53792
0.00602007 8.52114
0.0062709 8.50001
0.00652174 8.47294
0.00677258 8.43959
0.00702341 8.40288
0.00727425 8.3605
0.00752508 8.31023
0.00777592 8.25826
0.00802676 8.19701
0.00827759 8.13258
0.00852843 8.06279
0.00877926 7.98581
0.0090301 7.90695
0.00928094 7.81852
0.00953177 7.72997
0.00978261 7.63174
0.0100334 7.5328
0.0102843 7.42692
0.0105351 7.31678
0.010786 7.20578
0.0110368 7.08414
0.0112876 6.96987
0.0115385 6.83931
0.0117893 6.71299
0.0120401 6.58306
0.012291 6.44463
0.0125418 6.31381
0.0127926 6.17103
0.0130435 6.02706
0.0132943 5.89081
0.0135452 5.73929
0.013796 5.59083
0.0140468 5.44894
0.0142977 5.29311
0.0145485 5.14003
0.0147993 4.99446
0.0150502 4.83768
0.015301 4.68081
0.0155518 4.53184
0.0158027 4.3777
0.0160535 4.21939
0.0163043 4.06635
0.0165552 3.91717
0.016806 3.75953
0.0170569 3.60365
0.0173077 3.45473
0.0175585 3.3049
0.0178094 3.15085
0.0180602 2.99943
0.018311 2.85501
0.0185619 2.70981
0.0188127 2.56346
0.0190635 2.42002
0.0193144 2.28241
0.0195652 2.14577
0.0198161 2.01058
0.0200669 1.87771
0.0203177 1.74915
0.0205686 1.62228
0.0208194 1.50146
0.0210702 1.38196
0.0213211 1.26582
0.0215719 1.15285
0.0218227 1.04345
0.0220736 0.942694
0.0223244 0.843856
0.0225753 0.747746
0.0228261 0.652997
0.0230769 0.566421
0.0233278 0.491781
0.0235786 0.419355
0.0238294 0.349126
0.0240803 0.278856
0.0243311 0.216625
0.0245819 0.179476
0.0248328 0.143445
0.0250836 0.111199
0.0253344 0.0763114
0.0255853 0.0412964
0.0258361 0.02889
0.026087 0.0226559
0.0263378 0.0175754
0.0265886 0.0126623
0.0268395 0.00677773
0.0270903 0.00099745
0.0273411 0.000818998
0.027592 0.000640545
0.0278428 0.00052462
0.0280936 0.000402815
0.0283445 0.000234059
0.0285953 6.53033e-05
0.0288462 5.1145e-05
0.029097 4.98274e-05
0.0293478 4.88623e-05
0.0295987 4.8167e-05
0.0298495 4.69195e-05
0.0301003 4.5672e-05
0.0303512 4.50217e-05
0.030602 4.50133e-05
0.0308528 4.50049e-05
0.0311037 4.50006e-05
0.0313545 4.49952e-05
0.0316054 4.49877e-05
0.0318562 4.49801e-05
0.032107 4.49782e-05
0.0323579 4.49789e-05
0.0326087 4.49797e-05
0.0328595 4.49807e-05
0.0331104 4.49818e-05
0.0333612 4.49829e-05
0.033612 4.49841e-05
0.0338629 4.49855e-05
0.0341137 4.49872e-05
0.0343645 4.49889e-05
0.0346154 4.49908e-05
0.0348662 4.49927e-05
0.0351171 4.49948e-05
0.0353679 4.49968e-05
0.0356187 4.49989e-05
0.0358696 4.50011e-05
0.0361204 4.50034e-05
0.0363712 4.50057e-05
0.0366221 4.50082e-05
0.0368729 4.50107e-05
0.0371237 4.50133e-05
0.0373746 4.50159e-05
0.0376254 4.50186e-05
0.0378763 4.50212e-05
0.0381271 4.50239e-05
0.0383779 4.50265e-05
0.0386288 4.50293e-05
0.0388796 4.50322e-05
0.0391304 4.50352e-05
0.0393813 4.50382e-05
0.0396321 4.50412e-05
0.0398829 4.50441e-05
0.0401338 4.50469e-05
0.0403846 4.50496e-05
0.0406355 4.50524e-05
0.0408863 4.50554e-05
0.0411371 4.50584e-05
0.041388 4.50615e-05
0.0416388 4.50646e-05
0.0418896 4.50676e-05
0.0421405 4.50707e-05
0.0423913 4.50736e-05
0.0426421 4.50764e-05
0.042893 4.50793e-05
0.0431438 4.50824e-05
0.0433946 4.50855e-05
0.0436455 4.50887e-05
0.0438963 4.50919e-05
0.0441472 4.50951e-05
0.044398 4.50984e-05
0.0446488 4.51011e-05
0.0448997 4.51038e-05
0.0451505 4.51066e-05
0.0454013 4.51093e-05
0.0456522 4.51122e-05
0.045903 4.51152e-05
0.0461538 4.51182e-05
0.0464047 4.51213e-05
0.0466555 4.51243e-05
0.0469064 4.51274e-05
0.0471572 4.51305e-05
0.047408 4.51336e-05
0.0476589 4.51367e-05
0.0479097 4.51399e-05
0.0481605 4.51432e-05
0.0484114 4.51464e-05
0.0486622 4.51498e-05
0.048913 4.51533e-05
0.0491639 4.51567e-05
0.0494147 4.51602e-05
0.0496656 4.51641e-05
0.0499164 4.51693e-05
0.0501672 4.51744e-05
0.0504181 4.51796e-05
0.0506689 4.51847e-05
0.0509197 4.51899e-05
0.0511706 4.5195e-05
0.0514214 4.52003e-05
0.0516722 4.52057e-05
0.0519231 4.52111e-05
0.0521739 4.52165e-05
0.0524247 4.52233e-05
0.0526756 4.52449e-05
0.0529264 4.52666e-05
0.0531773 4.52883e-05
0.0534281 4.53099e-05
0.0536789 4.53309e-05
0.0539298 4.53515e-05
0.0541806 4.53722e-05
0.0544314 4.53935e-05
0.0546823 4.54147e-05
0.0549331 4.5436e-05
0.0551839 4.54572e-05
0.0554348 4.55054e-05
0.0556856 4.56327e-05
0.0559365 4.57599e-05
0.0561873 4.58872e-05
0.0564381 4.60144e-05
0.056689 4.61375e-05
0.0569398 4.62583e-05
0.0571906 4.63791e-05
0.0574415 4.65014e-05
0.0576923 4.66242e-05
0.0579431 4.67471e-05
0.058194 4.68699e-05
0.0584448 4.69928e-05
0.0586957 4.76078e-05
0.0589465 4.83857e-05
0.0591973 4.91635e-05
0.0594482 4.99413e-05
0.059699 5.07191e-05
0.0599498 5.14678e-05
0.0602007 5.22122e-05
0.0604515 5.29567e-05
0.0607023 5.37053e-05
0.0609532 5.4455e-05
0.061204 5.52048e-05
0.0614548 5.59545e-05
0.0617057 5.67042e-05
0.0619565 5.93785e-05
0.0622074 6.37013e-05
0.0624582 6.80242e-05
0.062709 7.2347e-05
0.0629599 7.66699e-05
0.0632107 8.09381e-05
0.0634615 8.51188e-05
0.0637124 8.92994e-05
0.0639632 9.34789e-05
0.064214 9.76495e-05
0.0644649 0.00010182
0.0647157 0.000105991
0.0649666 0.000110161
0.0652174 0.000114332
0.0654682 0.000127161
0.0657191 0.000146391
0.0659699 0.000165621
0.0662207 0.000184852
0.0664716 0.000204082
0.0667224 0.000223259
0.0669732 0.000242072
0.0672241 0.000260886
0.0674749 0.000279699
0.0677258 0.000298352
0.0679766 0.000316929
0.0682274 0.000335506
0.0684783 0.000354083
0.0687291 0.000372661
0.0689799 0.000391238
0.0692308 0.000434836
0.0694816 0.000484008
0.0697324 0.00053318
0.0699833 0.000582352
0.0702341 0.000631524
0.0704849 0.000680667
0.0707358 0.000729367
0.0709866 0.000778067
0.0712375 0.000826767
0.0714883 0.000874991
0.0717391 0.000922557
0.07199 0.000970122
0.0722408 0.00101769
0.0724916 0.00106525
0.0727425 0.00111282
0.0729933 0.00114981
0.0732441 0.00114981
0.073495 0.00114981
0.0737458 0.00114981
0.0739967 0.00114981
0.0742475 0.0011498
0.0744983 0.0011498
0.0747492 0.0011498
