0 27.2573 	2.41634e-08 	1.16533e-09 	
0.000250836 27.2158 	0.0165806 	1.54128e-07 	
0.000501672 27.091 	0.0318774 	6.76208e-07 	
0.000752508 26.8688 	0.0494523 	7.60609e-07 	
0.00100334 26.5517 	0.0692396 	2.42716e-07 	
0.00125418 26.1469 	0.0904933 	4.9204e-07 	
0.00150502 25.6596 	0.112522 	1.25627e-06 	
0.00175585 25.0878 	0.135592 	1.30477e-06 	
0.00200669 24.4437 	0.158264 	5.03202e-07 	
0.00225753 23.7472 	0.180269 	1.6484e-07 	
0.00250836 23.011 	0.200754 	6.31585e-07 	
0.0027592 22.2416 	0.219031 	8.82352e-07 	
0.00301003 21.4426 	0.234338 	3.8173e-07 	
0.00326087 20.6294 	0.246674 	1.71775e-08 	
0.00351171 19.8107 	0.256105 	1.78561e-07 	
0.00376254 18.9896 	0.262346 	2.86059e-07 	
0.00401338 18.1691 	0.264959 	1.59441e-07 	
0.00426421 17.3547 	0.264123 	3.36853e-08 	
0.00451505 16.5521 	0.260286 	2.06877e-08 	
0.00476589 15.7631 	0.253268 	3.01016e-08 	
0.00501672 14.9832 	0.243285 	8.06214e-09 	
0.00526756 14.2307 	0.230568 	-1.36065e-08 	
0.00551839 13.4933 	0.215132 	-1.90386e-08 	
0.00576923 12.7753 	0.197204 	-8.474e-09 	
0.00602007 12.0848 	0.177517 	-1.53383e-08 	
0.0062709 11.4201 	0.156399 	-5.5824e-08 	
0.00652174 10.7727 	0.132952 	-6.46906e-08 	
0.00677258 10.1428 	0.107588 	-1.39284e-08 	
0.00702341 9.54672 	0.0820079 	-6.06383e-08 	
0.00727425 8.97028 	0.0552737 	-1.05008e-07 	
0.00752508 8.40916 	0.0267044 	-6.20061e-09 	
0.00777592 7.88425 	-0.00114435 	-1.2573e-07 	
0.00802676 7.3759 	-0.0306332 	-7.82554e-08 	
0.00827759 6.89538 	-0.0598347 	-8.34093e-08 	
0.00852843 6.4405 	-0.0889202 	-1.31782e-07 	
0.00877926 6.01026 	-0.117872 	-5.32336e-08 	
0.0090301 5.60654 	-0.145873 	-1.51899e-07 	
0.00928094 5.22833 	-0.173453 	-4.19063e-08 	
0.00953177 4.87445 	-0.199913 	-1.33429e-07 	
0.00978261 4.54874 	-0.225183 	-4.75684e-08 	
0.0100334 4.24507 	-0.249327 	-8.70116e-08 	
0.0102843 3.97138 	-0.271507 	-5.76325e-08 	
0.0105351 3.72133 	-0.29222 	-3.65418e-08 	
0.010786 3.49789 	-0.310721 	-5.50569e-08 	
0.0110368 3.31073 	-0.325919 	-5.64962e-09 	
0.0112876 3.13251 	-0.340791 	-3.19401e-08 	
0.0115385 3.02727 	-0.345566 	-6.21428e-09 	
0.0117893 2.92822 	-0.350322 	-3.39004e-09 	
0.0120401 2.86503 	-0.350481 	-3.67979e-09 	
0.012291 2.84207 	-0.345382 	-2.99831e-11 	
0.0125418 2.8202 	-0.340931 	-1.95415e-10 	
0.0127926 2.81709 	-0.334352 	-9.28704e-11 	
0.0130435 2.81855 	-0.327628 	1.49496e-12 	
0.0132943 2.81997 	-0.321369 	4.82836e-12 	
0.0135452 2.82269 	-0.315078 	1.49419e-12 	
0.013796 2.82533 	-0.309203 	4.01173e-12 	
0.0140468 2.82791 	-0.303652 	1.08928e-11 	
0.0142977 2.83052 	-0.297923 	3.59494e-12 	
0.0145485 2.83305 	-0.292531 	2.60368e-12 	
0.0147993 2.83551 	-0.287466 	7.73608e-12 	
0.0150502 2.83797 	-0.282309 	3.75684e-12 	
0.015301 2.8404 	-0.277306 	1.08334e-12 	
0.0155518 2.84273 	-0.272727 	4.93548e-12 	
0.0158027 2.84505 	-0.268099 	4.42571e-12 	
0.0160535 2.84736 	-0.263433 	5.02796e-13 	
0.0163043 2.84956 	-0.259223 	2.55364e-12 	
0.0165552 2.85175 	-0.255077 	5.16415e-12 	
0.016806 2.85391 	-0.250864 	2.18129e-12 	
0.0170569 2.85604 	-0.246776 	6.79739e-13 	
0.0173077 2.85809 	-0.243027 	3.20913e-12 	
0.0175585 2.86013 	-0.239258 	3.96466e-12 	
0.0178094 2.86214 	-0.235453 	1.38874e-12 	
0.0180602 2.8641 	-0.231837 	8.61566e-13 	
0.018311 2.86601 	-0.228443 	2.73114e-12 	
0.0185619 2.8679 	-0.22503 	2.97648e-12 	
0.0188127 2.86976 	-0.221593 	1.07249e-12 	
0.0190635 2.87159 	-0.218314 	1.39421e-12 	
0.0193144 2.87336 	-0.21524 	4.58721e-12 	
0.0195652 2.87511 	-0.212156 	5.9059e-12 	
0.0198161 2.87683 	-0.20905 	2.6541e-12 	
0.0200669 2.87853 	-0.206002 	8.1279e-13 	
0.0203177 2.88017 	-0.203218 	5.23483e-12 	
0.0205686 2.8818 	-0.200433 	9.65686e-12 	
0.0208194 2.88338 	-0.197627 	5.90307e-12 	
0.0210702 2.88496 	-0.19482 	1.39956e-12 	
0.0213211 2.88649 	-0.192208 	1.65359e-12 	
0.0215719 2.88799 	-0.189685 	4.05271e-12 	
0.0218227 2.88948 	-0.187158 	5.03495e-12 	
0.0220736 2.89092 	-0.18462 	2.59161e-12 	
0.0223244 2.89236 	-0.182082 	1.48267e-13 	
0.0225753 2.89374 	-0.17978 	1.70387e-12 	
0.0228261 2.89512 	-0.177493 	3.51777e-12 	
0.0230769 2.89647 	-0.175203 	3.84346e-12 	
0.0233278 2.89778 	-0.17291 	1.99611e-12 	
0.0235786 2.89909 	-0.170616 	1.48767e-13 	
0.0238294 2.90035 	-0.168525 	5.5846e-13 	
0.0240803 2.9016 	-0.166453 	1.16575e-12 	
0.0243311 2.90284 	-0.16438 	1.47553e-12 	
0.0245819 2.90403 	-0.162306 	8.5703e-13 	
0.0248328 2.90522 	-0.160233 	2.38531e-13 	
0.0250836 2.90638 	-0.158279 	-7.69058e-13 	
0.0253344 2.90752 	-0.1564 	-2.01971e-12 	
0.0255853 2.90866 	-0.154521 	-3.27036e-12 	
0.0258361 2.90975 	-0.152646 	-2.538e-12 	
0.026087 2.91082 	-0.150771 	-1.26427e-12 	
0.0263378 2.9119 	-0.148899 	-1.2333e-16 	
0.0265886 2.91293 	-0.147195 	-1.75004e-14 	
0.0268395 2.91396 	-0.145491 	-3.48781e-14 	
0.0270903 2.91499 	-0.143788 	-5.16142e-14 	
0.0273411 2.91596 	-0.142094 	-3.39165e-14 	
0.027592 2.91692 	-0.1404 	-1.62184e-14 	
0.0278428 2.91789 	-0.138719 	-3.22889e-14 	
0.0280936 2.91882 	-0.137175 	-4.21436e-13 	
0.0283445 2.91974 	-0.135631 	-8.10584e-13 	
0.0285953 2.92067 	-0.134087 	-1.19973e-12 	
0.0288462 2.92154 	-0.132555 	-8.63634e-13 	
0.029097 2.92241 	-0.131024 	-4.67299e-13 	
0.0293478 2.92327 	-0.129493 	-7.09639e-14 	
0.0295987 2.92411 	-0.12807 	1.0217e-12 	
0.0298495 2.92494 	-0.12667 	2.266e-12 	
0.0301003 2.92578 	-0.125271 	3.51031e-12 	
0.0303512 2.92658 	-0.123879 	3.544e-12 	
0.030602 2.92735 	-0.122496 	2.2767e-12 	
0.0308528 2.92813 	-0.121113 	1.0094e-12 	
0.0311037 2.92889 	-0.119754 	1.24872e-13 	
0.0313545 2.92964 	-0.118486 	7.38459e-13 	
0.0316054 2.93039 	-0.117218 	1.35205e-12 	
0.0318562 2.93113 	-0.11595 	1.96564e-12 	
0.032107 2.93184 	-0.114694 	1.74359e-12 	
0.0323579 2.93252 	-0.113444 	1.11866e-12 	
0.0326087 2.93321 	-0.112194 	4.9373e-13 	
0.0328595 2.93388 	-0.110965 	9.42232e-14 	
0.0331104 2.93455 	-0.109815 	5.45736e-13 	
0.0333612 2.93521 	-0.108665 	9.97249e-13 	
0.033612 2.93587 	-0.107516 	1.44876e-12 	
0.0338629 2.93651 	-0.106377 	1.46227e-12 	
0.0341137 2.93711 	-0.10525 	1.00241e-12 	
0.0343645 2.93772 	-0.104123 	5.42552e-13 	
0.0346154 2.93832 	-0.102996 	8.26912e-14 	
0.0348662 2.93891 	-0.10194 	-7.6907e-13 	
0.0351171 2.9395 	-0.100901 	-1.70816e-12 	
0.0353679 2.94009 	-0.0998615 	-2.64726e-12 	
0.0356187 2.94067 	-0.0988221 	-3.58635e-12 	
0.0358696 2.94121 	-0.0977985 	-2.86171e-12 	
0.0361204 2.94175 	-0.096777 	-1.90525e-12 	
0.0363712 2.94228 	-0.0957555 	-9.48792e-13 	
0.0366221 2.94281 	-0.0947347 	-9.20471e-15 	
0.0368729 2.94333 	-0.0937897 	-1.15575e-12 	
0.0371237 2.94385 	-0.0928447 	-2.30229e-12 	
0.0373746 2.94437 	-0.0918997 	-3.44883e-12 	
0.0376254 2.94488 	-0.0909547 	-4.59537e-12 	
0.0378763 2.94536 	-0.0900349 	-3.79144e-12 	
0.0381271 2.94583 	-0.0891198 	-2.62369e-12 	
0.0383779 2.94629 	-0.0882047 	-1.45594e-12 	
0.0386288 2.94676 	-0.0872896 	-2.88187e-13 	
0.0388796 2.94722 	-0.0864244 	1.37739e-13 	
0.0391304 2.94767 	-0.0855756 	3.20599e-13 	
0.0393813 2.94813 	-0.0847268 	5.03459e-13 	
0.0396321 2.94858 	-0.083878 	6.86318e-13 	
0.0398829 2.94902 	-0.083033 	7.39502e-13 	
0.0401338 2.94942 	-0.0821952 	5.53259e-13 	
0.0403846 2.94983 	-0.0813574 	3.67016e-13 	
0.0406355 2.95023 	-0.0805196 	1.80772e-13 	
0.0408863 2.95064 	-0.0796835 	2.46274e-15 	
0.0411371 2.95103 	-0.0789036 	8.63538e-14 	
0.041388 2.95143 	-0.0781237 	1.70245e-13 	
0.0416388 2.95182 	-0.0773438 	2.54136e-13 	
0.0418896 2.95222 	-0.076564 	3.38027e-13 	
0.0421405 2.9526 	-0.0758007 	3.58019e-13 	
0.0423913 2.95295 	-0.0750647 	2.72575e-13 	
0.0426421 2.9533 	-0.0743288 	1.87131e-13 	
0.042893 2.95366 	-0.0735929 	1.01687e-13 	
0.0431438 2.95401 	-0.0728569 	1.62437e-14 	
0.0433946 2.95436 	-0.0721612 	2.0907e-13 	
0.0436455 2.9547 	-0.0714749 	4.67204e-13 	
0.0438963 2.95504 	-0.0707885 	7.25338e-13 	
0.0441472 2.95539 	-0.0701022 	9.83473e-13 	
0.044398 2.95573 	-0.0694159 	1.24161e-12 	
0.0446488 2.95604 	-0.0687206 	1.0342e-12 	
0.0448997 2.95634 	-0.0680242 	7.71288e-13 	
0.0451505 2.95663 	-0.0673278 	5.08376e-13 	
0.0454013 2.95693 	-0.0666314 	2.45463e-13 	
0.0456522 2.95723 	-0.065938 	-4.96144e-14 	
0.045903 2.95752 	-0.0652854 	-8.00945e-13 	
0.0461538 2.95782 	-0.0646328 	-1.55228e-12 	
0.0464047 2.95811 	-0.0639802 	-2.30361e-12 	
0.0466555 2.9584 	-0.0633276 	-3.05494e-12 	
0.0469064 2.95869 	-0.0626751 	-3.80627e-12 	
0.0471572 2.95896 	-0.0620875 	-3.23714e-12 	
0.047408 2.95922 	-0.0615097 	-2.47189e-12 	
0.0476589 2.95948 	-0.0609318 	-1.70665e-12 	
0.0479097 2.95974 	-0.0603539 	-9.4141e-13 	
0.0481605 2.96 	-0.0597761 	-1.76167e-13 	
0.0484114 2.96026 	-0.0592262 	7.22729e-13 	
0.0486622 2.96051 	-0.0586848 	1.66205e-12 	
0.048913 2.96077 	-0.0581433 	2.60138e-12 	
0.0491639 2.96102 	-0.0576019 	3.5407e-12 	
0.0494147 2.96128 	-0.0570605 	4.48003e-12 	
0.0496656 2.96152 	-0.0565033 	4.89151e-12 	
0.0499164 2.96173 	-0.0559055 	3.93479e-12 	
0.0501672 2.96194 	-0.0553076 	2.97807e-12 	
0.0504181 2.96215 	-0.0547098 	2.02135e-12 	
0.0506689 2.96236 	-0.054112 	1.06463e-12 	
0.0509197 2.96257 	-0.0535141 	1.07907e-13 	
0.0511706 2.96277 	-0.0529459 	-2.50897e-13 	
0.0514214 2.96298 	-0.0523814 	-5.33954e-13 	
0.0516722 2.96318 	-0.0518168 	-8.17011e-13 	
0.0519231 2.96339 	-0.0512523 	-1.10007e-12 	
0.0521739 2.9636 	-0.0506878 	-1.38312e-12 	
0.0524247 2.9638 	-0.0501347 	-1.61806e-12 	
0.0526756 2.96399 	-0.0497052 	-1.32976e-12 	
0.0529264 2.96418 	-0.0492756 	-1.04146e-12 	
0.0531773 2.96437 	-0.0488461 	-7.53163e-13 	
0.0534281 2.96456 	-0.0484166 	-4.64863e-13 	
0.0536789 2.96474 	-0.0479871 	-1.76563e-13 	
0.0539298 2.96493 	-0.0475675 	1.3312e-13 	
0.0541806 2.96512 	-0.0471638 	4.77325e-13 	
0.0544314 2.9653 	-0.0467601 	8.21529e-13 	
0.0546823 2.96549 	-0.0463563 	1.16573e-12 	
0.0549331 2.96567 	-0.0459526 	1.50994e-12 	
0.0551839 2.96586 	-0.0455489 	1.85414e-12 	
0.0554348 2.96603 	-0.0451097 	2.02189e-12 	
0.0556856 2.96616 	-0.0445663 	1.67131e-12 	
0.0559365 2.96629 	-0.0440229 	1.32073e-12 	
0.0561873 2.96643 	-0.0434796 	9.70149e-13 	
0.0564381 2.96656 	-0.0429362 	6.19567e-13 	
0.056689 2.96669 	-0.0423928 	2.68985e-13 	
0.0569398 2.96683 	-0.0418555 	1.19697e-13 	
0.0571906 2.96696 	-0.041338 	6.32231e-13 	
0.0574415 2.96709 	-0.0408205 	1.14476e-12 	
0.0576923 2.96722 	-0.040303 	1.6573e-12 	
0.0579431 2.96735 	-0.0397855 	2.16983e-12 	
0.058194 2.96748 	-0.0392681 	2.68237e-12 	
0.0584448 2.96761 	-0.0387506 	3.1949e-12 	
0.0586957 2.96774 	-0.038409 	2.92996e-12 	
0.0589465 2.96787 	-0.0381256 	2.40793e-12 	
0.0591973 2.968 	-0.0378422 	1.8859e-12 	
0.0594482 2.96814 	-0.0375589 	1.36387e-12 	
0.059699 2.96827 	-0.0372755 	8.41833e-13 	
0.0599498 2.9684 	-0.0369921 	3.19802e-13 	
0.0602007 2.96853 	-0.0367153 	7.65902e-14 	
0.0604515 2.96866 	-0.036449 	2.7389e-13 	
0.0607023 2.96878 	-0.0361826 	4.71191e-13 	
0.0609532 2.96891 	-0.0359163 	6.68491e-13 	
0.061204 2.96904 	-0.03565 	8.65791e-13 	
0.0614548 2.96917 	-0.0353836 	1.06309e-12 	
0.0617057 2.9693 	-0.0351173 	1.26039e-12 	
0.0619565 2.9694 	-0.0347088 	1.24319e-12 	
0.0622074 2.96947 	-0.0341787 	1.04223e-12 	
0.0624582 2.96954 	-0.0336485 	8.41271e-13 	
0.062709 2.96961 	-0.0331184 	6.40314e-13 	
0.0629599 2.96968 	-0.0325882 	4.39357e-13 	
0.0632107 2.96975 	-0.032058 	2.384e-13 	
0.0634615 2.96983 	-0.0315279 	3.74428e-14 	
0.0637124 2.9699 	-0.0310147 	-2.2082e-13 	
0.0639632 2.96997 	-0.0305054 	-4.92197e-13 	
0.064214 2.97004 	-0.029996 	-7.63574e-13 	
0.0644649 2.97011 	-0.0294867 	-1.03495e-12 	
0.0647157 2.97018 	-0.0289774 	-1.30633e-12 	
0.0649666 2.97025 	-0.0284681 	-1.5777e-12 	
0.0652174 2.97032 	-0.0279587 	-1.84908e-12 	
0.0654682 2.97039 	-0.0276624 	-1.80551e-12 	
0.0657191 2.97046 	-0.0275236 	-1.5291e-12 	
0.0659699 2.97054 	-0.0273848 	-1.2527e-12 	
0.0662207 2.97061 	-0.027246 	-9.76289e-13 	
0.0664716 2.97069 	-0.0271071 	-6.99882e-13 	
0.0667224 2.97076 	-0.0269683 	-4.23474e-13 	
0.0669732 2.97083 	-0.0268295 	-1.47067e-13 	
0.0672241 2.97091 	-0.0266952 	-1.7572e-13 	
0.0674749 2.97098 	-0.0265662 	-5.50598e-13 	
0.0677258 2.97105 	-0.0264371 	-9.25476e-13 	
0.0679766 2.97112 	-0.0263081 	-1.30035e-12 	
0.0682274 2.9712 	-0.026179 	-1.67523e-12 	
0.0684783 2.97127 	-0.02605 	-2.05011e-12 	
0.0687291 2.97134 	-0.0259209 	-2.42499e-12 	
0.0689799 2.97142 	-0.0257918 	-2.79986e-12 	
0.0692308 2.97145 	-0.0253187 	-2.55588e-12 	
0.0694816 2.97148 	-0.0247689 	-2.17405e-12 	
0.0697324 2.97151 	-0.0242191 	-1.79222e-12 	
0.0699833 2.97154 	-0.0236693 	-1.4104e-12 	
0.0702341 2.97157 	-0.0231195 	-1.02857e-12 	
0.0704849 2.9716 	-0.0225697 	-6.46741e-13 	
0.0707358 2.97163 	-0.0220199 	-2.64914e-13 	
0.0709866 2.97166 	-0.0214755 	5.05884e-14 	
0.0712375 2.97169 	-0.0209433 	2.14526e-13 	
0.0714883 2.97172 	-0.0204111 	3.78464e-13 	
0.0717391 2.97175 	-0.0198789 	5.42401e-13 	
0.07199 2.97178 	-0.0193466 	7.06339e-13 	
0.0722408 2.97181 	-0.0188144 	8.70276e-13 	
0.0724916 2.97184 	-0.0182822 	1.03421e-12 	
0.0727425 2.97187 	-0.01775 	1.19815e-12 	
0.0729933 2.97189 	-0.0173354 	1.28859e-12 	
0.0732441 2.97189 	-0.0173327 	1.12173e-12 	
0.073495 2.97189 	-0.0173299 	9.54877e-13 	
0.0737458 2.97189 	-0.0173271 	7.88021e-13 	
0.0739967 2.97189 	-0.0173244 	6.21165e-13 	
0.0742475 2.97189 	-0.0173216 	4.5431e-13 	
0.0744983 2.97189 	-0.0173188 	2.87454e-13 	
0.0747492 2.97189 	-0.0173161 	1.20598e-13 	
