0 6.72749 	0.000580042 	-0.00199378 	
0.000250836 6.72689 	0.00176288 	-0.00187502 	
0.000501672 6.72557 	0.0028183 	-0.00463528 	
0.000752508 6.72364 	0.00428801 	-0.00106311 	
0.00100334 6.72117 	0.00566969 	0.00055954 	
0.00125418 6.71817 	0.00704331 	0.000829366 	
0.00150502 6.71466 	0.0084213 	0.000699951 	
0.00175585 6.71056 	0.00980088 	0.000888651 	
0.00200669 6.70585 	0.0111774 	0.00104641 	
0.00225753 6.7006 	0.0125521 	0.00105527 	
0.00250836 6.6948 	0.0139215 	0.00112531 	
0.0027592 6.68847 	0.0152825 	0.00146146 	
0.00301003 6.68149 	0.0166267 	0.00100464 	
0.00326087 6.67396 	0.0179682 	0.000949001 	
0.00351171 6.66588 	0.0193004 	0.000899483 	
0.00376254 6.65728 	0.0206263 	0.00134019 	
0.00401338 6.6481 	0.0219257 	0.00103197 	
0.00426421 6.63837 	0.023215 	0.000782509 	
0.00451505 6.6281 	0.0245039 	0.000732383 	
0.00476589 6.61733 	0.0258116 	0.000968109 	
0.00501672 6.60598 	0.0271 	0.00111405 	
0.00526756 6.59412 	0.0283052 	0.000879238 	
0.00551839 6.58165 	0.0295095 	0.000575273 	
0.00576923 6.56876 	0.0307039 	0.00054963 	
0.00602007 6.5554 	0.0318847 	0.000527041 	
0.0062709 6.54166 	0.0330518 	0.000749057 	
0.00652174 6.52722 	0.0341974 	0.000652508 	
0.00677258 6.51223 	0.0353161 	0.000436879 	
0.00702341 6.49699 	0.0364175 	0.000467787 	
0.00727425 6.48126 	0.0375063 	0.000601663 	
0.00752508 6.46479 	0.0385598 	0.000372127 	
0.00777592 6.44832 	0.0396025 	0.000557514 	
0.00802676 6.43086 	0.0406172 	0.000329153 	
0.00827759 6.41335 	0.0416055 	0.000326091 	
0.00852843 6.39537 	0.0425833 	0.000405115 	
0.00877926 6.37681 	0.0435196 	0.000294451 	
0.0090301 6.35817 	0.0444511 	0.000434444 	
0.00928094 6.33866 	0.0453341 	0.000269086 	
0.00953177 6.31925 	0.0462157 	0.00039812 	
0.00978261 6.29897 	0.0470504 	0.00024878 	
0.0100334 6.27867 	0.0478846 	0.000316158 	
0.0102843 6.25781 	0.0486698 	0.000232427 	
0.0105351 6.23652 	0.0494415 	0.000216545 	
0.010786 6.21541 	0.0501876 	0.000307237 	
0.0110368 6.1932 	0.0508924 	0.000206012 	
0.0112876 6.17179 	0.0516077 	0.000411878 	
0.0115385 6.14862 	0.0522387 	0.000197292 	
0.0117893 6.12589 	0.0528828 	0.000230147 	
0.0120401 6.10301 	0.0534888 	0.000249899 	
0.012291 6.07924 	0.0540549 	0.000181092 	
0.0125418 6.05617 	0.054633 	0.000315597 	
0.0127926 6.03174 	0.0551299 	0.000176145 	
0.0130435 6.00731 	0.055624 	0.000168932 	
0.0132943 5.98378 	0.0561312 	0.000345899 	
0.0135452 5.95822 	0.0565254 	0.000165607 	
0.013796 5.93306 	0.0569338 	0.000159581 	
0.0140468 5.90885 	0.057358 	0.000325608 	
0.0142977 5.88255 	0.0576635 	0.000157277 	
0.0145485 5.85669 	0.0579852 	0.000152132 	
0.0147993 5.83174 	0.0583253 	0.000290307 	
0.0150502 5.80496 	0.058551 	0.000150483 	
0.015301 5.77845 	0.0587813 	0.000145964 	
0.0155518 5.75252 	0.0590243 	0.000222147 	
0.0158027 5.7259 	0.0591982 	0.00019918 	
0.0160535 5.69861 	0.0593205 	0.000140691 	
0.0163043 5.67153 	0.0594495 	0.000136599 	
0.0165552 5.64559 	0.0596035 	0.000275259 	
0.016806 5.6174 	0.0596129 	0.000136097 	
0.0170569 5.58978 	0.0596415 	0.000132284 	
0.0173077 5.56261 	0.0596827 	0.000178039 	
0.0175585 5.53545 	0.0596907 	0.00021995 	
0.0178094 5.50695 	0.0595991 	0.000128441 	
0.0180602 5.47887 	0.0595209 	0.000124806 	
0.018311 5.45142 	0.0594628 	0.000183716 	
0.0185619 5.42363 	0.0593511 	0.000200214 	
0.0188127 5.39477 	0.0591491 	0.000121535 	
0.0190635 5.36631 	0.058961 	0.000118017 	
0.0193144 5.33839 	0.0587907 	0.000161214 	
0.0195652 5.31059 	0.0585943 	0.000207544 	
0.0198161 5.2813 	0.0582753 	0.00011524 	
0.0200669 5.25257 	0.0579747 	0.000111808 	
0.0203177 5.22396 	0.0576786 	0.000117871 	
0.0205686 5.19655 	0.0574258 	0.000217441 	
0.0208194 5.16712 	0.0570028 	0.000132918 	
0.0210702 5.13805 	0.0565819 	0.00010614 	
0.0213211 5.10915 	0.0561667 	0.000102786 	
0.0215719 5.08094 	0.0557789 	0.000148259 	
0.0218227 5.05274 	0.0553593 	0.000184208 	
0.0220736 5.02311 	0.0548066 	0.000100993 	
0.0223244 4.99415 	0.0542759 	9.77225e-05 	
0.0225753 4.96519 	0.0537453 	9.44524e-05 	
0.0228261 4.93716 	0.0532539 	0.000148874 	
0.0230769 4.9087 	0.052699 	0.000162671 	
0.0233278 4.87917 	0.0520318 	9.31673e-05 	
0.0235786 4.85028 	0.0513859 	8.99946e-05 	
0.0238294 4.82138 	0.05074 	8.68219e-05 	
0.0240803 4.79329 	0.0501304 	0.000127711 	
0.0243311 4.76523 	0.0494946 	0.00016171 	
0.0245819 4.73582 	0.0487111 	9.38275e-05 	
0.0248328 4.70704 	0.0479491 	8.29605e-05 	
0.0250836 4.67835 	0.04719 	7.99012e-05 	
0.0253344 4.64997 	0.0464461 	9.20784e-05 	
0.0255853 4.62252 	0.0457471 	0.000149302 	
0.0258361 4.5938 	0.0448955 	0.000115793 	
0.026087 4.56498 	0.0440109 	7.66046e-05 	
0.0263378 4.53664 	0.0431424 	7.36746e-05 	
0.0265886 4.5083 	0.042274 	7.07446e-05 	
0.0268395 4.48064 	0.0414409 	9.70948e-05 	
0.0270903 4.45348 	0.0406312 	0.000143845 	
0.0273411 4.42492 	0.0396343 	9.44074e-05 	
0.027592 4.39672 	0.0386498 	6.8099e-05 	
0.0278428 4.36889 	0.0376779 	6.5311e-05 	
0.0280936 4.34105 	0.036706 	6.25229e-05 	
0.0283445 4.31387 	0.0357699 	8.41136e-05 	
0.0285953 4.2872 	0.0348616 	0.000124704 	
0.0288462 4.25942 	0.0337835 	8.96471e-05 	
0.029097 4.23177 	0.032699 	6.04732e-05 	
0.0293478 4.20461 	0.0316315 	5.78372e-05 	
0.0295987 4.17746 	0.030564 	5.52013e-05 	
0.0298495 4.15053 	0.0295103 	6.026e-05 	
0.0301003 4.12448 	0.0285075 	9.36101e-05 	
0.0303512 4.09798 	0.0274211 	9.45128e-05 	
0.030602 4.07098 	0.0262449 	6.05465e-05 	
0.0308528 4.04453 	0.025088 	5.11929e-05 	
0.0311037 4.01824 	0.0239365 	4.87159e-05 	
0.0313545 3.99195 	0.022785 	4.6239e-05 	
0.0316054 3.96618 	0.0216662 	5.85437e-05 	
0.0318562 3.94093 	0.0205794 	8.53415e-05 	
0.032107 3.91524 	0.0193868 	7.56438e-05 	
0.0323579 3.88933 	0.0181434 	4.83507e-05 	
0.0326087 3.86402 	0.0169224 	4.29828e-05 	
0.0328595 3.83881 	0.0157046 	4.067e-05 	
0.0331104 3.81359 	0.0144869 	3.83573e-05 	
0.0333612 3.78877 	0.0132949 	4.56768e-05 	
0.033612 3.76453 	0.0121395 	6.65844e-05 	
0.0338629 3.74012 	0.0109188 	6.721e-05 	
0.0341137 3.71554 	0.00962755 	4.59158e-05 	
0.0343645 3.69135 	0.00834977 	3.57573e-05 	
0.0346154 3.66745 	0.00708167 	3.36134e-05 	
0.0348662 3.64354 	0.00581356 	3.14696e-05 	
0.0351171 3.61964 	0.00454546 	2.93258e-05 	
0.0353679 3.59655 	0.00333471 	4.35887e-05 	
0.0356187 3.57353 	0.00212883 	5.92427e-05 	
0.0358696 3.55064 	0.00082265 	4.71635e-05 	
0.0361204 3.52778 	-0.000497507 	3.122e-05 	
0.0363712 3.5055 	-0.00179746 	2.7452e-05 	
0.0366221 3.48331 	-0.00309441 	2.54923e-05 	
0.0368729 3.46112 	-0.00439136 	2.35327e-05 	
0.0371237 3.43894 	-0.00568813 	2.16131e-05 	
0.0373746 3.41751 	-0.00692685 	3.26415e-05 	
0.0376254 3.39608 	-0.00816557 	4.36698e-05 	
0.0378763 3.37539 	-0.00945095 	3.5937e-05 	
0.0381271 3.35484 	-0.010745 	2.47046e-05 	
0.0383779 3.33477 	-0.012017 	2.03198e-05 	
0.0386288 3.31488 	-0.0132805 	1.85751e-05 	
0.0388796 3.295 	-0.014544 	1.68303e-05 	
0.0391304 3.27511 	-0.0158075 	1.50855e-05 	
0.0393813 3.25561 	-0.0170433 	1.89246e-05 	
0.0396321 3.23633 	-0.0182631 	2.59818e-05 	
0.0398829 3.21765 	-0.0194628 	2.80344e-05 	
0.0401338 3.20007 	-0.0206254 	2.08465e-05 	
0.0403846 3.18255 	-0.0217854 	1.42837e-05 	
0.0406355 3.16562 	-0.0229249 	1.27901e-05 	
0.0408863 3.14868 	-0.0240644 	1.12965e-05 	
0.0411371 3.13175 	-0.0252039 	9.80288e-06 	
0.041388 3.11481 	-0.0263434 	8.30929e-06 	
0.0416388 3.09821 	-0.0274528 	1.09761e-05 	
0.0418896 3.0817 	-0.0285543 	1.4748e-05 	
0.0421405 3.06637 	-0.0296232 	1.56468e-05 	
0.0423913 3.05298 	-0.0306383 	1.18051e-05 	
0.0426421 3.0396 	-0.0316532 	7.98614e-06 	
0.042893 3.02692 	-0.0326272 	6.83389e-06 	
0.0431438 3.01423 	-0.0336013 	5.68164e-06 	
0.0433946 3.00155 	-0.0345754 	4.5294e-06 	
0.0436455 2.98887 	-0.0355495 	3.37715e-06 	
0.0438963 2.97623 	-0.0365206 	3.30996e-06 	
0.0441472 2.96365 	-0.0374879 	4.60508e-06 	
0.044398 2.95106 	-0.0384552 	5.90021e-06 	
0.0446488 2.94447 	-0.0388728 	4.8596e-06 	
0.0448997 2.93859 	-0.0392247 	3.5405e-06 	
0.0451505 2.933 	-0.0395531 	2.53665e-06 	
0.0454013 2.92787 	-0.0398443 	2.02601e-06 	
0.0456522 2.92273 	-0.0401356 	1.51538e-06 	
0.045903 2.91759 	-0.0404268 	1.00474e-06 	
0.0461538 2.91245 	-0.0407181 	4.9411e-07 	
0.0464047 2.90709 	-0.0410403 	3.52071e-07 	
0.0466555 2.90156 	-0.0413864 	4.93277e-07 	
0.0469064 2.89603 	-0.0417324 	6.34483e-07 	
0.0471572 2.89501 	-0.04167 	5.2752e-07 	
0.047408 2.89466 	-0.0415468 	3.837e-07 	
0.0476589 2.89434 	-0.0414242 	2.60381e-07 	
0.0479097 2.89416 	-0.0413033 	2.07723e-07 	
0.0481605 2.89398 	-0.0411824 	1.55064e-07 	
0.0484114 2.89379 	-0.0410615 	1.02406e-07 	
0.0486622 2.89361 	-0.0409406 	4.97473e-08 	
0.048913 2.89341 	-0.0408222 	4.02275e-09 	
0.0491639 2.89308 	-0.0407207 	6.26511e-09 	
0.0494147 2.89275 	-0.0406192 	8.50746e-09 	
0.0496656 2.89258 	-0.0405253 	9.48975e-09 	
0.0499164 2.89286 	-0.0404511 	7.20587e-09 	
0.0501672 2.89313 	-0.0403769 	4.92199e-09 	
0.0504181 2.8934 	-0.040306 	3.40626e-09 	
0.0506689 2.89367 	-0.0402384 	2.71518e-09 	
0.0509197 2.89394 	-0.0401709 	2.0241e-09 	
0.0511706 2.8942 	-0.0401034 	1.33302e-09 	
0.0514214 2.89447 	-0.0400359 	6.41934e-10 	
0.0516722 2.89474 	-0.0399694 	1.6727e-11 	
0.0519231 2.89499 	-0.0399128 	2.67762e-11 	
0.0521739 2.89525 	-0.0398563 	3.68255e-11 	
0.0524247 2.89551 	-0.0397993 	4.51664e-11 	
0.0526756 2.89576 	-0.0397387 	3.4931e-11 	
0.0529264 2.89601 	-0.039678 	2.46956e-11 	
0.0531773 2.89625 	-0.0396182 	1.53283e-11 	
0.0534281 2.8965 	-0.0395644 	1.1811e-11 	
0.0536789 2.89674 	-0.0395105 	8.29375e-12 	
0.0539298 2.89698 	-0.0394566 	4.77646e-12 	
0.0541806 2.89722 	-0.0394027 	1.25916e-12 	
0.0544314 2.89747 	-0.0393489 	-2.25813e-12 	
0.0546823 2.89771 	-0.0392989 	-4.74006e-12 	
0.0549331 2.89794 	-0.0392541 	-5.87575e-12 	
0.0551839 2.89818 	-0.0392093 	-7.01144e-12 	
0.0554348 2.89841 	-0.0391587 	-7.56493e-12 	
0.0556856 2.89863 	-0.0390914 	-6.4082e-12 	
0.0559365 2.89885 	-0.039024 	-5.25147e-12 	
0.0561873 2.89907 	-0.0389572 	-4.23123e-12 	
0.0564381 2.89928 	-0.0388947 	-4.11593e-12 	
0.056689 2.8995 	-0.0388322 	-4.00063e-12 	
0.0569398 2.89971 	-0.0387697 	-3.88533e-12 	
0.0571906 2.89992 	-0.0387072 	-3.77003e-12 	
0.0574415 2.90014 	-0.0386447 	-3.65473e-12 	
0.0576923 2.90035 	-0.0385833 	-3.65842e-12 	
0.0579431 2.90056 	-0.0385312 	-4.5961e-12 	
0.058194 2.90077 	-0.0384791 	-5.53378e-12 	
0.0584448 2.90097 	-0.038427 	-6.47146e-12 	
0.0586957 2.90116 	-0.0383949 	-5.98676e-12 	
0.0589465 2.90135 	-0.0383694 	-5.0317e-12 	
0.0591973 2.90153 	-0.0383439 	-4.07664e-12 	
0.0594482 2.90171 	-0.0383206 	-4.01779e-12 	
0.059699 2.90189 	-0.0383001 	-5.04921e-12 	
0.0599498 2.90207 	-0.0382795 	-6.08063e-12 	
0.0602007 2.90225 	-0.038259 	-7.11206e-12 	
0.0604515 2.90243 	-0.0382385 	-8.14348e-12 	
0.0607023 2.90261 	-0.0382179 	-9.17491e-12 	
0.0609532 2.90278 	-0.038198 	-1.03884e-11 	
0.061204 2.90296 	-0.0381847 	-1.34174e-11 	
0.0614548 2.90313 	-0.0381714 	-1.64465e-11 	
0.0617057 2.90331 	-0.0381581 	-1.94755e-11 	
0.0619565 2.90347 	-0.0381245 	-1.92114e-11 	
0.0622074 2.90363 	-0.0380737 	-1.61262e-11 	
0.0624582 2.90379 	-0.0380228 	-1.3041e-11 	
0.062709 2.90395 	-0.0379722 	-1.00482e-11 	
0.0629599 2.9041 	-0.0379253 	-8.78441e-12 	
0.0632107 2.90426 	-0.0378784 	-7.52061e-12 	
0.0634615 2.90441 	-0.0378315 	-6.25681e-12 	
0.0637124 2.90457 	-0.0377846 	-4.993e-12 	
0.0639632 2.90472 	-0.0377377 	-3.7292e-12 	
0.064214 2.90487 	-0.0376909 	-2.4654e-12 	
0.0644649 2.90503 	-0.0376469 	-1.66387e-12 	
0.0647157 2.90518 	-0.0376088 	-1.8037e-12 	
0.0649666 2.90533 	-0.0375707 	-1.94353e-12 	
0.0652174 2.90548 	-0.0375326 	-2.08336e-12 	
0.0654682 2.9056 	-0.0375132 	-2.06091e-12 	
0.0657191 2.90571 	-0.0375076 	-1.91849e-12 	
0.0659699 2.90582 	-0.0375019 	-1.77607e-12 	
0.0662207 2.90593 	-0.0374963 	-1.63364e-12 	
0.0664716 2.90604 	-0.0374945 	-1.42752e-12 	
0.0667224 2.90615 	-0.0374932 	-1.21343e-12 	
0.0669732 2.90625 	-0.0374919 	-9.99339e-13 	
0.0672241 2.90636 	-0.0374906 	-7.85251e-13 	
0.0674749 2.90646 	-0.0374892 	-5.71163e-13 	
0.0677258 2.90657 	-0.0374879 	-3.57075e-13 	
0.0679766 2.90668 	-0.0374866 	-1.42987e-13 	
0.0682274 2.90678 	-0.0374896 	-3.42359e-13 	
0.0684783 2.90688 	-0.0374937 	-6.54594e-13 	
0.0687291 2.90699 	-0.0374979 	-9.66829e-13 	
0.0689799 2.90709 	-0.037502 	-1.27906e-12 	
0.0692308 2.90717 	-0.0374802 	-1.07585e-12 	
0.0694816 2.90725 	-0.0374526 	-7.57827e-13 	
0.0697324 2.90733 	-0.037425 	-4.39803e-13 	
0.0699833 2.9074 	-0.0373974 	-1.21779e-13 	
0.0702341 2.90748 	-0.0373719 	-8.83127e-13 	
0.0704849 2.90755 	-0.0373467 	-1.73537e-12 	
0.0707358 2.90763 	-0.0373215 	-2.58761e-12 	
0.0709866 2.9077 	-0.0372962 	-3.43985e-12 	
0.0712375 2.90778 	-0.037271 	-4.29209e-12 	
0.0714883 2.90785 	-0.0372457 	-5.14432e-12 	
0.0717391 2.90793 	-0.0372205 	-5.99656e-12 	
0.07199 2.908 	-0.0371986 	-7.0888e-12 	
0.0722408 2.90807 	-0.0371813 	-8.51882e-12 	
0.0724916 2.90815 	-0.0371639 	-9.94884e-12 	
0.0727425 2.90822 	-0.0371466 	-1.13789e-11 	
0.0729933 2.90828 	-0.0371317 	-1.21678e-11 	
0.0732441 2.90828 	-0.0371253 	-1.07124e-11 	
0.073495 2.90828 	-0.0371189 	-9.2571e-12 	
0.0737458 2.90828 	-0.0371125 	-7.80177e-12 	
0.0739967 2.90828 	-0.0371068 	-6.49975e-12 	
0.0742475 2.90828 	-0.0371068 	-6.49975e-12 	
0.0744983 2.90828 	-0.0371068 	-6.49975e-12 	
0.0747492 2.90828 	-0.0371068 	-6.49975e-12 	
