0 1.85001
0.000250836 1.84863
0.000501672 1.84654
0.000752508 1.84511
0.00100334 1.8442
0.00125418 1.84352
0.00150502 1.84294
0.00175585 1.8425
0.00200669 1.8422
0.00225753 1.84199
0.00250836 1.84187
0.0027592 1.84183
0.00301003 1.84188
0.00326087 1.84198
0.00351171 1.84214
0.00376254 1.84236
0.00401338 1.84263
0.00426421 1.84293
0.00451505 1.84327
0.00476589 1.84362
0.00501672 1.84399
0.00526756 1.84436
0.00551839 1.84474
0.00576923 1.84509
0.00602007 1.84543
0.0062709 1.84574
0.00652174 1.84601
0.00677258 1.84623
0.00702341 1.8464
0.00727425 1.8465
0.00752508 1.84651
0.00777592 1.84647
0.00802676 1.84631
0.00827759 1.84606
0.00852843 1.84572
0.00877926 1.84523
0.0090301 1.84467
0.00928094 1.84391
0.00953177 1.84309
0.00978261 1.84203
0.0100334 1.8409
0.0102843 1.83955
0.0105351 1.83803
0.010786 1.83643
0.0110368 1.83449
0.0112876 1.83263
0.0115385 1.83022
0.0117893 1.82782
0.0120401 1.82523
0.012291 1.82226
0.0125418 1.81939
0.0127926 1.81596
0.0130435 1.81238
0.0132943 1.80897
0.0135452 1.80469
0.013796 1.80041
0.0140468 1.79635
0.0142977 1.7913
0.0145485 1.78626
0.0147993 1.78147
0.0150502 1.77571
0.015301 1.76985
0.0155518 1.76416
0.0158027 1.75793
0.0160535 1.75116
0.0163043 1.7444
0.0165552 1.73798
0.016806 1.7302
0.0170569 1.72247
0.0173077 1.71491
0.0175585 1.70712
0.0178094 1.69832
0.0180602 1.68957
0.018311 1.68108
0.0185619 1.67213
0.0188127 1.66225
0.0190635 1.65243
0.0193144 1.64284
0.0195652 1.63308
0.0198161 1.62206
0.0200669 1.61113
0.0203177 1.60026
0.0205686 1.58998
0.0208194 1.57795
0.0210702 1.56586
0.0213211 1.5538
0.0215719 1.54212
0.0218227 1.53018
0.0220736 1.51684
0.0223244 1.50366
0.0225753 1.49047
0.0228261 1.47782
0.0230769 1.46456
0.0233278 1.4501
0.0235786 1.43581
0.0238294 1.42151
0.0240803 1.40772
0.0243311 1.39372
0.0245819 1.37816
0.0248328 1.36278
0.0250836 1.34742
0.0253344 1.33227
0.0255853 1.31776
0.0258361 1.30162
0.026087 1.28513
0.0263378 1.26879
0.0265886 1.25245
0.0268395 1.2366
0.0270903 1.2211
0.0273411 1.20362
0.027592 1.18627
0.0278428 1.16905
0.0280936 1.15182
0.0283445 1.13511
0.0285953 1.11879
0.0288462 1.10069
0.029097 1.08254
0.0293478 1.06459
0.0295987 1.04663
0.0298495 1.02887
0.0301003 1.01182
0.0303512 0.993927
0.030602 0.975112
0.0308528 0.956535
0.0311037 0.938023
0.0313545 0.919512
0.0316054 0.901464
0.0318562 0.883871
0.032107 0.865218
0.0323579 0.846054
0.0326087 0.827177
0.0328595 0.80834
0.0331104 0.789503
0.0333612 0.771042
0.033612 0.753109
0.0338629 0.734554
0.0341137 0.715325
0.0343645 0.696299
0.0346154 0.677418
0.0348662 0.658537
0.0351171 0.639656
0.0353679 0.621581
0.0356187 0.603575
0.0358696 0.584822
0.0361204 0.565965
0.0363712 0.547445
0.0366221 0.528976
0.0368729 0.510507
0.0371237 0.49204
0.0373746 0.474367
0.0376254 0.456694
0.0378763 0.438954
0.0381271 0.421202
0.0383779 0.403752
0.0386288 0.386418
0.0388796 0.369084
0.0391304 0.35175
0.0393813 0.334849
0.0396321 0.318197
0.0398829 0.301853
0.0401338 0.286077
0.0403846 0.270352
0.0406355 0.255035
0.0408863 0.239718
0.0411371 0.224401
0.041388 0.209083
0.0416388 0.194166
0.0418896 0.179354
0.0421405 0.165481
0.0423913 0.153156
0.0426421 0.140836
0.042893 0.129075
0.0431438 0.117314
0.0433946 0.105553
0.0436455 0.0937925
0.0438963 0.0821102
0.0441472 0.0705267
0.044398 0.0589432
0.0446488 0.0527414
0.0448997 0.0471813
0.0451505 0.0418756
0.0454013 0.0369681
0.0456522 0.0320606
0.045903 0.027153
0.0461538 0.0222455
0.0464047 0.0171548
0.0466555 0.0119233
0.0469064 0.00669184
0.0471572 0.00545399
0.047408 0.00480926
0.0476589 0.00420072
0.0479097 0.00371691
0.0481605 0.00323311
0.0484114 0.00274931
0.0486622 0.0022655
0.048913 0.00176608
0.0491639 0.00115863
0.0494147 0.000551176
0.0496656 0.000109976
0.0499164 9.97123e-05
0.0501672 8.94489e-05
0.0504181 8.11244e-05
0.0506689 7.48813e-05
0.0509197 6.86383e-05
0.0511706 6.23952e-05
0.0514214 5.61522e-05
0.0516722 4.95856e-05
0.0519231 3.99e-05
0.0521739 3.02144e-05
0.0524247 2.13942e-05
0.0526756 2.19836e-05
0.0529264 2.25731e-05
0.0531773 2.31615e-05
0.0534281 2.37429e-05
0.0536789 2.43243e-05
0.0539298 2.49057e-05
0.0541806 2.54871e-05
0.0544314 2.60685e-05
0.0546823 2.6639e-05
0.0549331 2.71952e-05
0.0551839 2.77515e-05
0.0554348 2.86511e-05
0.0556856 3.05594e-05
0.0559365 3.24678e-05
0.0561873 3.43656e-05
0.0564381 3.61938e-05
0.056689 3.80219e-05
0.0569398 3.98501e-05
0.0571906 4.16782e-05
0.0574415 4.35064e-05
0.0576923 4.53317e-05
0.0579431 4.7135e-05
0.058194 4.89382e-05
0.0584448 5.07414e-05
0.0586957 5.49564e-05
0.0589465 5.9969e-05
0.0591973 6.49816e-05
0.0594482 6.99137e-05
0.059699 7.47477e-05
0.0599498 7.95818e-05
0.0602007 8.44159e-05
0.0604515 8.925e-05
0.0607023 9.4084e-05
0.0609532 9.89098e-05
0.061204 0.000103653
0.0614548 0.000108395
0.0617057 0.000113138
0.0619565 0.000121163
0.0622074 0.000132
0.0624582 0.000142837
0.062709 0.000153658
0.0629599 0.000164187
0.0632107 0.000174716
0.0634615 0.000185245
0.0637124 0.000195774
0.0639632 0.000206303
0.064214 0.000216832
0.0644649 0.000227275
0.0647157 0.000237543
0.0649666 0.000247811
0.0652174 0.000258079
0.0654682 0.000272133
0.0657191 0.000288986
0.0659699 0.00030584
0.0662207 0.000322693
0.0664716 0.00033924
0.0667224 0.000355749
0.0669732 0.000372257
0.0672241 0.000388766
0.0674749 0.000405274
0.0677258 0.000421783
0.0679766 0.000438291
0.0682274 0.000454394
0.0684783 0.000470386
0.0687291 0.000486378
0.0689799 0.00050237
0.0692308 0.000516723
0.0694816 0.00053071
0.0697324 0.000544698
0.0699833 0.000558685
0.0702341 0.000572517
0.0704849 0.000586335
0.0707358 0.000600153
0.0709866 0.000613972
0.0712375 0.00062779
0.0714883 0.000641609
0.0717391 0.000655427
0.07199 0.000669027
0.0722408 0.000682321
0.0724916 0.000695614
0.0727425 0.000708907
0.0729933 0.000719246
0.0732441 0.000719245
0.073495 0.000719244
0.0737458 0.000719242
0.0739967 0.000719241
0.0742475 0.000719241
0.0744983 0.000719241
0.0747492 0.000719241
