0 0.00502223
0.000250836 0.0050347
0.000501672 0.0050519
0.000752508 0.00505866
0.00100334 0.00505653
0.00125418 0.00505002
0.00150502 0.00504297
0.00175585 0.00503688
0.00200669 0.00503189
0.00225753 0.00502787
0.00250836 0.00502475
0.0027592 0.0050223
0.00301003 0.00502032
0.00326087 0.00501862
0.00351171 0.00501712
0.00376254 0.00501578
0.00401338 0.00501447
0.00426421 0.00501312
0.00451505 0.00501165
0.00476589 0.00501004
0.00501672 0.00500819
0.00526756 0.00500604
0.00551839 0.0050035
0.00576923 0.00500059
0.00602007 0.00499726
0.0062709 0.00499353
0.00652174 0.00498918
0.00677258 0.00498417
0.00702341 0.00497872
0.00727425 0.00497267
0.00752508 0.00496565
0.00777592 0.00495832
0.00802676 0.00494983
0.00827759 0.00494079
0.00852843 0.004931
0.00877926 0.0049201
0.0090301 0.0049088
0.00928094 0.00489597
0.00953177 0.00488291
0.00978261 0.00486819
0.0100334 0.00485309
0.0102843 0.0048366
0.0105351 0.00481914
0.010786 0.00480122
0.0110368 0.00478125
0.0112876 0.00476199
0.0115385 0.00473927
0.0117893 0.0047169
0.0120401 0.00469343
0.012291 0.00466794
0.0125418 0.0046432
0.0127926 0.00461521
0.0130435 0.00458672
0.0132943 0.0045593
0.0135452 0.00452712
0.013796 0.00449534
0.0140468 0.00446474
0.0142977 0.00442896
0.0145485 0.00439369
0.0147993 0.00435968
0.0150502 0.00432077
0.015301 0.00428184
0.0155518 0.00424376
0.0158027 0.00420304
0.0160535 0.00416001
0.0163043 0.00411724
0.0165552 0.00407615
0.016806 0.00402862
0.0170569 0.00398188
0.0173077 0.0039359
0.0175585 0.00388884
0.0178094 0.00383738
0.0180602 0.00378656
0.018311 0.00373687
0.0185619 0.00368513
0.0188127 0.00362947
0.0190635 0.00357446
0.0193144 0.00352047
0.0195652 0.00346569
0.0198161 0.00340549
0.0200669 0.00334625
0.0203177 0.00328725
0.0205686 0.00323069
0.0208194 0.00316658
0.0210702 0.00310277
0.0213211 0.00303927
0.0215719 0.00297726
0.0218227 0.0029141
0.0220736 0.00284504
0.0223244 0.00277729
0.0225753 0.00270953
0.0228261 0.00264388
0.0230769 0.00257559
0.0233278 0.00250241
0.0235786 0.00243059
0.0238294 0.00235877
0.0240803 0.00228882
0.0243311 0.00221804
0.0245819 0.00214112
0.0248328 0.00206569
0.0250836 0.00199045
0.0253344 0.00191595
0.0255853 0.00184375
0.0258361 0.00176568
0.026087 0.00168665
0.0263378 0.00160883
0.0265886 0.001531
0.0268395 0.00145484
0.0270903 0.00137988
0.0273411 0.00129901
0.027592 0.00121918
0.0278428 0.00114037
0.0280936 0.00106157
0.0283445 0.000984288
0.0285953 0.000908234
0.0288462 0.000830296
0.029097 0.000753071
0.0293478 0.000677671
0.0295987 0.00060227
0.0298495 0.000527255
0.0301003 0.000453732
0.0303512 0.000389669
0.030602 0.000335773
0.0308528 0.000286313
0.0311037 0.000238028
0.0313545 0.000189744
0.0316054 0.000140214
0.0318562 8.9416e-05
0.032107 6.5184e-05
0.0323579 5.37603e-05
0.0326087 4.49675e-05
0.0328595 3.65094e-05
0.0331104 2.80513e-05
0.0333612 1.86526e-05
0.033612 7.87007e-06
0.0338629 2.10229e-06
0.0341137 1.75418e-06
0.0343645 1.49731e-06
0.0346154 1.30348e-06
0.0348662 1.10965e-06
0.0351171 9.1582e-07
0.0353679 5.98658e-07
0.0356187 2.69469e-07
0.0358696 2.27205e-07
0.0361204 2.2492e-07
0.0363712 2.23592e-07
0.0366221 2.22393e-07
0.0368729 2.21194e-07
0.0371237 2.19994e-07
0.0373746 2.17839e-07
0.0376254 2.15675e-07
0.0378763 2.15313e-07
0.0381271 2.15287e-07
0.0383779 2.15267e-07
0.0386288 2.15248e-07
0.0388796 2.15228e-07
0.0391304 2.15209e-07
0.0393813 2.15187e-07
0.0396321 2.15163e-07
0.0398829 2.15144e-07
0.0401338 2.15134e-07
0.0403846 2.15124e-07
0.0406355 2.15115e-07
0.0408863 2.15106e-07
0.0411371 2.15097e-07
0.041388 2.15088e-07
0.0416388 2.15079e-07
0.0418896 2.1507e-07
0.0421405 2.15062e-07
0.0423913 2.15056e-07
0.0426421 2.1505e-07
0.042893 2.15044e-07
0.0431438 2.15038e-07
0.0433946 2.15033e-07
0.0436455 2.15027e-07
0.0438963 2.15021e-07
0.0441472 2.15016e-07
0.044398 2.1501e-07
0.0446488 2.15009e-07
0.0448997 2.15009e-07
0.0451505 2.15009e-07
0.0454013 2.15009e-07
0.0456522 2.15008e-07
0.045903 2.15008e-07
0.0461538 2.15008e-07
0.0464047 2.15008e-07
0.0466555 2.15008e-07
0.0469064 2.15008e-07
0.0471572 2.15028e-07
0.047408 2.15052e-07
0.0476589 2.15075e-07
0.0479097 2.15096e-07
0.0481605 2.15118e-07
0.0484114 2.15139e-07
0.0486622 2.15161e-07
0.048913 2.15182e-07
0.0491639 2.15205e-07
0.0494147 2.15227e-07
0.0496656 2.15281e-07
0.0499164 2.15414e-07
0.0501672 2.15548e-07
0.0504181 2.15676e-07
0.0506689 2.15801e-07
0.0509197 2.15925e-07
0.0511706 2.16049e-07
0.0514214 2.16173e-07
0.0516722 2.16298e-07
0.0519231 2.16425e-07
0.0521739 2.16552e-07
0.0524247 2.16727e-07
0.0526756 2.17419e-07
0.0529264 2.1811e-07
0.0531773 2.18795e-07
0.0534281 2.19443e-07
0.0536789 2.20091e-07
0.0539298 2.20739e-07
0.0541806 2.21386e-07
0.0544314 2.22034e-07
0.0546823 2.22687e-07
0.0549331 2.23348e-07
0.0551839 2.24008e-07
0.0554348 2.25385e-07
0.0556856 2.28867e-07
0.0559365 2.32349e-07
0.0561873 2.35803e-07
0.0564381 2.3909e-07
0.056689 2.42378e-07
0.0569398 2.45666e-07
0.0571906 2.48953e-07
0.0574415 2.52241e-07
0.0576923 2.55533e-07
0.0579431 2.58863e-07
0.058194 2.62193e-07
0.0584448 2.65523e-07
0.0586957 2.79427e-07
0.0589465 2.96829e-07
0.0591973 3.1423e-07
0.0594482 3.31235e-07
0.059699 3.47791e-07
0.0599498 3.64348e-07
0.0602007 3.80904e-07
0.0604515 3.97461e-07
0.0607023 4.14017e-07
0.0609532 4.30582e-07
0.061204 4.47248e-07
0.0614548 4.63915e-07
0.0617057 4.80581e-07
0.0619565 5.33282e-07
0.0622074 6.1685e-07
0.0624582 7.00417e-07
0.062709 7.8376e-07
0.0629599 8.64065e-07
0.0632107 9.44371e-07
0.0634615 1.02468e-06
0.0637124 1.10498e-06
0.0639632 1.18529e-06
0.064214 1.26559e-06
0.0644649 1.34585e-06
0.0647157 1.42602e-06
0.0649666 1.50618e-06
0.0652174 1.58635e-06
0.0654682 1.80546e-06
0.0657191 2.12729e-06
0.0659699 2.44912e-06
0.0662207 2.77094e-06
0.0664716 3.08509e-06
0.0667224 3.39845e-06
0.0669732 3.71181e-06
0.0672241 4.02518e-06
0.0674749 4.33854e-06
0.0677258 4.65191e-06
0.0679766 4.96527e-06
0.0682274 5.27545e-06
0.0684783 5.58466e-06
0.0687291 5.89386e-06
0.0689799 6.20306e-06
0.0692308 6.80683e-06
0.0694816 7.4762e-06
0.0697324 8.14557e-06
0.0699833 8.81494e-06
0.0702341 9.47727e-06
0.0704849 1.01392e-05
0.0707358 1.08011e-05
0.0709866 1.14629e-05
0.0712375 1.21248e-05
0.0714883 1.27867e-05
0.0717391 1.34486e-05
0.07199 1.41035e-05
0.0722408 1.47476e-05
0.0724916 1.53917e-05
0.0727425 1.60358e-05
0.0729933 1.63471e-05
0.0732441 1.54934e-05
0.073495 1.46397e-05
0.0737458 1.37859e-05
0.0739967 1.27759e-05
0.0742475 1.06906e-05
0.0744983 8.60524e-06
0.0747492 6.5199e-06
