0 1.1863
0.000250836 1.18276
0.000501672 1.17883
0.000752508 1.17621
0.00100334 1.17424
0.00125418 1.17265
0.00150502 1.1714
0.00175585 1.17036
0.00200669 1.16949
0.00225753 1.16872
0.00250836 1.16809
0.0027592 1.16756
0.00301003 1.16712
0.00326087 1.16675
0.00351171 1.16645
0.00376254 1.1662
0.00401338 1.16601
0.00426421 1.16587
0.00451505 1.16577
0.00476589 1.1657
0.00501672 1.16565
0.00526756 1.16563
0.00551839 1.16563
0.00576923 1.16566
0.00602007 1.16568
0.0062709 1.16572
0.00652174 1.16577
0.00677258 1.16581
0.00702341 1.16585
0.00727425 1.16589
0.00752508 1.16592
0.00777592 1.16593
0.00802676 1.16593
0.00827759 1.1659
0.00852843 1.16585
0.00877926 1.16577
0.0090301 1.16568
0.00928094 1.16553
0.00953177 1.16537
0.00978261 1.16514
0.0100334 1.1649
0.0102843 1.16459
0.0105351 1.16424
0.010786 1.16385
0.0110368 1.16337
0.0112876 1.16291
0.0115385 1.16228
0.0117893 1.16166
0.0120401 1.16097
0.012291 1.16016
0.0125418 1.15939
0.0127926 1.15842
0.0130435 1.15741
0.0132943 1.15646
0.0135452 1.1552
0.013796 1.15394
0.0140468 1.15276
0.0142977 1.15123
0.0145485 1.1497
0.0147993 1.14827
0.0150502 1.14648
0.015301 1.14464
0.0155518 1.14289
0.0158027 1.14091
0.0160535 1.13871
0.0163043 1.13657
0.0165552 1.1345
0.016806 1.13191
0.0170569 1.12934
0.0173077 1.12688
0.0175585 1.12427
0.0178094 1.12125
0.0180602 1.11825
0.018311 1.11541
0.0185619 1.11231
0.0188127 1.10882
0.0190635 1.10536
0.0193144 1.10206
0.0195652 1.0986
0.0198161 1.0946
0.0200669 1.09063
0.0203177 1.08678
0.0205686 1.08306
0.0208194 1.07857
0.0210702 1.07404
0.0213211 1.06954
0.0215719 1.06528
0.0218227 1.06078
0.0220736 1.05565
0.0223244 1.05056
0.0225753 1.04552
0.0228261 1.04074
0.0230769 1.03557
0.0233278 1.02983
0.0235786 1.02414
0.0238294 1.01848
0.0240803 1.01313
0.0243311 1.00754
0.0245819 1.00116
0.0248328 0.994826
0.0250836 0.988533
0.0253344 0.982488
0.0255853 0.97655
0.0258361 0.969765
0.026087 0.962749
0.0263378 0.955817
0.0265886 0.948909
0.0268395 0.942371
0.0270903 0.935812
0.0273411 0.928153
0.027592 0.920497
0.0278428 0.912944
0.0280936 0.905414
0.0283445 0.898275
0.0285953 0.891135
0.0288462 0.882933
0.029097 0.874644
0.0293478 0.866454
0.0295987 0.858285
0.0298495 0.850439
0.0301003 0.842708
0.0303512 0.834418
0.030602 0.825527
0.0308528 0.816672
0.0311037 0.807916
0.0313545 0.799186
0.0316054 0.790891
0.0318562 0.782596
0.032107 0.773524
0.0323579 0.764079
0.0326087 0.754683
0.0328595 0.745386
0.0331104 0.736089
0.0333612 0.727271
0.033612 0.718455
0.0338629 0.709101
0.0341137 0.699168
0.0343645 0.689237
0.0346154 0.679467
0.0348662 0.669698
0.0351171 0.660193
0.0353679 0.650917
0.0356187 0.64164
0.0358696 0.631441
0.0361204 0.621113
0.0363712 0.610832
0.0366221 0.600682
0.0368729 0.590532
0.0371237 0.580708
0.0373746 0.571057
0.0376254 0.561406
0.0378763 0.550954
0.0381271 0.540353
0.0383779 0.529768
0.0386288 0.519359
0.0388796 0.508949
0.0391304 0.498701
0.0393813 0.488788
0.0396321 0.478875
0.0398829 0.468681
0.0401338 0.457967
0.0403846 0.447253
0.0406355 0.436628
0.0408863 0.426119
0.0411371 0.41561
0.041388 0.405352
0.0416388 0.395326
0.0418896 0.385301
0.0421405 0.375088
0.0423913 0.364566
0.0426421 0.354043
0.042893 0.343587
0.0431438 0.333291
0.0433946 0.322994
0.0436455 0.312791
0.0438963 0.302937
0.0441472 0.293084
0.044398 0.28323
0.0446488 0.273337
0.0448997 0.263439
0.0451505 0.253541
0.0454013 0.243796
0.0456522 0.234139
0.045903 0.224482
0.0461538 0.214968
0.0464047 0.205692
0.0466555 0.196415
0.0469064 0.187139
0.0471572 0.17839
0.047408 0.16972
0.0476589 0.161049
0.0479097 0.152488
0.0481605 0.144072
0.0484114 0.135656
0.0486622 0.12724
0.048913 0.119103
0.0491639 0.11097
0.0494147 0.102837
0.0496656 0.0952042
0.0499164 0.0888688
0.0501672 0.0825333
0.0504181 0.0761978
0.0506689 0.0700621
0.0509197 0.0640393
0.0511706 0.0580164
0.0514214 0.0519936
0.0516722 0.0460451
0.0519231 0.0400965
0.0521739 0.034148
0.0524247 0.0285013
0.0526756 0.0261368
0.0529264 0.0237723
0.0531773 0.0214078
0.0534281 0.0191156
0.0536789 0.0170544
0.0539298 0.0149933
0.0541806 0.0129322
0.0544314 0.0108075
0.0546823 0.00858513
0.0549331 0.00636271
0.0551839 0.00414029
0.0554348 0.00242814
0.0556856 0.00221491
0.0559365 0.00200167
0.0561873 0.00178844
0.0564381 0.00158608
0.056689 0.00143027
0.0569398 0.00127446
0.0571906 0.00111866
0.0574415 0.000957163
0.0576923 0.000756475
0.0579431 0.000555788
0.058194 0.000355101
0.0584448 0.000154414
0.0586957 0.000106955
0.0589465 0.000110166
0.0591973 0.000113377
0.0594482 0.000116587
0.059699 0.000120242
0.0599498 0.000124426
0.0602007 0.000128611
0.0604515 0.000132795
0.0607023 0.00013679
0.0609532 0.00013981
0.061204 0.00014283
0.0614548 0.00014585
0.0617057 0.00014887
0.0619565 0.00015596
0.0622074 0.000166537
0.0624582 0.000177114
0.062709 0.000187691
0.0629599 0.000198268
0.0632107 0.000208562
0.0634615 0.000218856
0.0637124 0.000229149
0.0639632 0.000239443
0.064214 0.000249588
0.0644649 0.000259558
0.0647157 0.000269528
0.0649666 0.000279498
0.0652174 0.000289468
0.0654682 0.000300975
0.0657191 0.000313617
0.0659699 0.000326259
0.0662207 0.000338901
0.0664716 0.000351544
0.0667224 0.000363983
0.0669732 0.000376364
0.0672241 0.000388745
0.0674749 0.000401125
0.0677258 0.000413506
0.0679766 0.000425446
0.0682274 0.000437378
0.0684783 0.00044931
0.0687291 0.000461242
0.0689799 0.000473174
0.0692308 0.000481809
0.0694816 0.000489709
0.0697324 0.00049761
0.0699833 0.00050551
0.0702341 0.00051341
0.0704849 0.000521232
0.0707358 0.000529028
0.0709866 0.000536823
0.0712375 0.000544619
0.0714883 0.000552415
0.0717391 0.000559987
0.07199 0.000567453
0.0722408 0.00057492
0.0724916 0.000582387
0.0727425 0.000589854
0.0729933 0.000595661
0.0732441 0.00059566
0.073495 0.000595659
0.0737458 0.000595658
0.0739967 0.000595658
0.0742475 0.000595657
0.0744983 0.000595656
0.0747492 0.000595656
