0 12.3387 	0.00118526 	0.0181283 	
0.000250836 12.3318 	0.0101348 	0.0186289 	
0.000501672 12.3183 	0.018615 	0.0238862 	
0.000752508 12.2973 	0.0275394 	0.0140073 	
0.00100334 12.2703 	0.0363769 	0.00439692 	
0.00125418 12.2373 	0.0450757 	0.0026899 	
0.00150502 12.1989 	0.053645 	0.00451648 	
0.00175585 12.1539 	0.0620952 	0.0037315 	
0.00200669 12.1024 	0.0703618 	0.00127546 	
0.00225753 12.0451 	0.0784374 	0.000650713 	
0.00250836 11.9825 	0.0862978 	0.00136673 	
0.0027592 11.9144 	0.0939219 	0.00200533 	
0.00301003 11.84 	0.101203 	0.000933232 	
0.00326087 11.7606 	0.108218 	0.000389024 	
0.00351171 11.6764 	0.114995 	0.000656828 	
0.00376254 11.588 	0.121469 	0.00129253 	
0.00401338 11.4944 	0.127518 	0.000901118 	
0.00426421 11.3964 	0.133201 	0.000298054 	
0.00451505 11.2943 	0.138634 	0.000315905 	
0.00476589 11.1891 	0.143875 	0.000826296 	
0.00501672 11.0794 	0.148719 	0.000972983 	
0.00526756 10.967 	0.152915 	0.000745679 	
0.00551839 10.8509 	0.156762 	0.000457623 	
0.00576923 10.732 	0.160286 	0.000211788 	
0.00602007 10.6118 	0.163491 	0.000239931 	
0.0062709 10.4904 	0.166399 	0.000643436 	
0.00652174 10.3649 	0.168849 	0.000561523 	
0.00677258 10.236 	0.170806 	0.000175274 	
0.00702341 10.1087 	0.172562 	0.000398589 	
0.00727425 9.97901 	0.173953 	0.000527389 	
0.00752508 9.84515 	0.174783 	0.000153641 	
0.00777592 9.71473 	0.175546 	0.000490985 	
0.00802676 9.57905 	0.175688 	0.000245873 	
0.00827759 9.44505 	0.175621 	0.00026218 	
0.00852843 9.3104 	0.175245 	0.000354782 	
0.00877926 9.17331 	0.17439 	0.00014231 	
0.0090301 9.03916 	0.173486 	0.000377902 	
0.00928094 8.90069 	0.171923 	0.000113761 	
0.00953177 8.76644 	0.170402 	0.000339955 	
0.00978261 8.62809 	0.168244 	0.000120176 	
0.0100334 8.49328 	0.166089 	0.000262033 	
0.0102843 8.35664 	0.163464 	0.000173045 	
0.0105351 8.2206 	0.160612 	0.000161832 	
0.010786 8.08704 	0.157662 	0.000244563 	
0.0110368 7.94966 	0.15409 	7.39699e-05 	
0.0112876 7.81973 	0.150919 	0.000310702 	
0.0115385 7.68298 	0.146739 	7.18645e-05 	
0.0117893 7.55185 	0.142825 	0.00016155 	
0.0120401 7.42085 	0.138632 	0.000175465 	
0.012291 7.28768 	0.133935 	5.65142e-05 	
0.0125418 7.1612 	0.129631 	0.000203289 	
0.0127926 7.03072 	0.124565 	9.60097e-05 	
0.0130435 6.90205 	0.119433 	6.13935e-05 	
0.0132943 6.77914 	0.114676 	0.000200792 	
0.0135452 6.65113 	0.108951 	6.13613e-05 	
0.013796 6.52691 	0.103404 	6.09517e-05 	
0.0140468 6.40723 	0.0981628 	0.000167219 	
0.0142977 6.28339 	0.0920187 	5.4515e-05 	
0.0145485 6.16282 	0.0860275 	4.29463e-05 	
0.0147993 6.04709 	0.0803907 	0.000129413 	
0.0150502 5.92844 	0.0739986 	6.23739e-05 	
0.015301 5.81136 	0.0675845 	2.67757e-05 	
0.0155518 5.69948 	0.0615431 	8.41651e-05 	
0.0158027 5.58688 	0.055122 	7.53871e-05 	
0.0160535 5.47405 	0.048403 	2.40663e-05 	
0.0163043 5.36533 	0.0419377 	4.26998e-05 	
0.0165552 5.25897 	0.0356363 	8.70932e-05 	
0.016806 5.1514 	0.0287579 	3.63678e-05 	
0.0170569 5.04581 	0.0219566 	1.66927e-05 	
0.0173077 4.94439 	0.0154772 	4.56008e-05 	
0.0175585 4.84368 	0.00884469 	5.64862e-05 	
0.0178094 4.74294 	0.00180639 	1.93736e-05 	
0.0180602 4.64482 	-0.00512012 	1.17458e-05 	
0.018311 4.55039 	-0.0117212 	3.71399e-05 	
0.0185619 4.45691 	-0.0184858 	4.05247e-05 	
0.0188127 4.36462 	-0.0254726 	1.42558e-05 	
0.0190635 4.27489 	-0.0323241 	8.54941e-06 	
0.0193144 4.18815 	-0.0389191 	2.47141e-05 	
0.0195652 4.10268 	-0.0454963 	3.19485e-05 	
0.0198161 4.01982 	-0.0520707 	1.41089e-05 	
0.0200669 3.93881 	-0.0585484 	6.50704e-06 	
0.0203177 3.86023 	-0.0648412 	1.29177e-05 	
0.0205686 3.78246 	-0.0710608 	2.41386e-05 	
0.0208194 3.70974 	-0.0770996 	1.46134e-05 	
0.0210702 3.63804 	-0.0830898 	5.15342e-06 	
0.0213211 3.56867 	-0.0889401 	4.24331e-06 	
0.0215719 3.50079 	-0.0946665 	1.08085e-05 	
0.0218227 3.43524 	-0.100226 	1.34964e-05 	
0.0220736 3.37532 	-0.105381 	6.81019e-06 	
0.0223244 3.31669 	-0.110462 	2.68319e-06 	
0.0225753 3.25973 	-0.11544 	2.87648e-06 	
0.0228261 3.20338 	-0.120373 	6.15199e-06 	
0.0230769 3.15189 	-0.124881 	6.74012e-06 	
0.0233278 3.10749 	-0.128766 	3.4042e-06 	
0.0235786 3.06449 	-0.132536 	1.26855e-06 	
0.0238294 3.02283 	-0.13622 	9.49782e-07 	
0.0240803 2.98102 	-0.139974 	2.11133e-06 	
0.0243311 2.94395 	-0.143057 	2.70382e-06 	
0.0245819 2.92164 	-0.144044 	1.52084e-06 	
0.0248328 2.90003 	-0.144957 	5.13665e-07 	
0.0250836 2.88079 	-0.145619 	1.01174e-07 	
0.0253344 2.85984 	-0.146633 	2.50376e-07 	
0.0255853 2.83881 	-0.147663 	4.26752e-07 	
0.0258361 2.83196 	-0.146808 	3.23469e-07 	
0.026087 2.82898 	-0.145438 	1.43837e-07 	
0.0263378 2.82675 	-0.144044 	4.30524e-08 	
0.0265886 2.82461 	-0.142702 	3.60128e-09 	
0.0268395 2.8218 	-0.141504 	8.89335e-09 	
0.0270903 2.81906 	-0.140301 	1.39902e-08 	
0.0273411 2.81989 	-0.138876 	8.60037e-09 	
0.027592 2.82073 	-0.13745 	3.21059e-09 	
0.0278428 2.82158 	-0.136095 	9.10529e-10 	
0.0280936 2.82241 	-0.134786 	2.80279e-11 	
0.0283445 2.8232 	-0.133523 	6.7547e-11 	
0.0285953 2.824 	-0.132261 	1.07066e-10 	
0.0288462 2.82485 	-0.130983 	7.29344e-11 	
0.029097 2.82571 	-0.129703 	3.26854e-11 	
0.0293478 2.82656 	-0.128459 	8.5431e-12 	
0.0295987 2.8274 	-0.127248 	-1.82529e-12 	
0.0298495 2.82821 	-0.126112 	-4.00354e-12 	
0.0301003 2.82903 	-0.124977 	-6.18179e-12 	
0.0303512 2.82984 	-0.123832 	-6.24075e-12 	
0.030602 2.83065 	-0.122678 	-4.02225e-12 	
0.0308528 2.83145 	-0.121523 	-1.80376e-12 	
0.0311037 2.83224 	-0.120425 	-3.07446e-12 	
0.0313545 2.83302 	-0.119356 	-5.71148e-12 	
0.0316054 2.83378 	-0.118329 	-1.04004e-11 	
0.0318562 2.83454 	-0.117302 	-1.50894e-11 	
0.032107 2.8353 	-0.116263 	-1.33926e-11 	
0.0323579 2.83605 	-0.11522 	-8.61692e-12 	
0.0326087 2.83681 	-0.114177 	-3.90681e-12 	
0.0328595 2.83754 	-0.113185 	-2.58059e-12 	
0.0331104 2.83827 	-0.112215 	-2.34315e-12 	
0.0333612 2.83898 	-0.111284 	-4.2278e-12 	
0.033612 2.83969 	-0.110354 	-6.11245e-12 	
0.0338629 2.8404 	-0.109418 	-6.16884e-12 	
0.0341137 2.8411 	-0.108477 	-4.24935e-12 	
0.0343645 2.8418 	-0.107536 	-2.32985e-12 	
0.0346154 2.84248 	-0.106625 	-1.01639e-12 	
0.0348662 2.84317 	-0.10573 	3.93773e-15 	
0.0351171 2.84383 	-0.104884 	6.43058e-13 	
0.0353679 2.84449 	-0.104043 	1.23918e-12 	
0.0356187 2.84516 	-0.103202 	1.83529e-12 	
0.0358696 2.8458 	-0.102349 	1.37531e-12 	
0.0361204 2.84645 	-0.101495 	7.68166e-13 	
0.0363712 2.84709 	-0.100641 	1.61024e-13 	
0.0366221 2.84772 	-0.0998244 	-3.05483e-13 	
0.0368729 2.84835 	-0.0990127 	-7.69313e-13 	
0.0371237 2.84896 	-0.0982474 	-1.53181e-12 	
0.0373746 2.84957 	-0.097482 	-2.2943e-12 	
0.0376254 2.85019 	-0.0967167 	-3.05679e-12 	
0.0378763 2.85078 	-0.095951 	-2.52215e-12 	
0.0381271 2.85137 	-0.0951852 	-1.74555e-12 	
0.0383779 2.85196 	-0.0944195 	-9.68951e-13 	
0.0386288 2.85254 	-0.093679 	-7.31006e-13 	
0.0388796 2.85312 	-0.0929488 	-7.15013e-13 	
0.0391304 2.85369 	-0.0922494 	-1.20108e-12 	
0.0393813 2.85425 	-0.0915615 	-1.87726e-12 	
0.0396321 2.85482 	-0.0908737 	-2.55344e-12 	
0.0398829 2.85537 	-0.0901797 	-2.7501e-12 	
0.0401338 2.85591 	-0.0894743 	-2.06141e-12 	
0.0403846 2.85645 	-0.0887689 	-1.37272e-12 	
0.0406355 2.85698 	-0.0880648 	-6.93135e-13 	
0.0408863 2.85751 	-0.0873908 	-2.40304e-13 	
0.0411371 2.85804 	-0.0867168 	2.12526e-13 	
0.041388 2.85855 	-0.0860786 	4.51276e-13 	
0.0416388 2.85907 	-0.0854424 	6.77107e-13 	
0.0418896 2.85958 	-0.0848063 	9.02938e-13 	
0.0421405 2.86009 	-0.0841773 	9.56754e-13 	
0.0423913 2.86057 	-0.0835599 	7.26743e-13 	
0.0426421 2.86106 	-0.0829426 	4.96732e-13 	
0.042893 2.86155 	-0.0823252 	2.66721e-13 	
0.0431438 2.86203 	-0.0817316 	4.65074e-13 	
0.0433946 2.8625 	-0.0811414 	7.23829e-13 	
0.0436455 2.86297 	-0.080573 	1.26979e-12 	
0.0438963 2.86344 	-0.0800157 	1.96249e-12 	
0.0441472 2.86391 	-0.0794583 	2.6552e-12 	
0.044398 2.86437 	-0.078901 	3.34791e-12 	
0.0446488 2.86482 	-0.0783097 	2.79133e-12 	
0.0448997 2.86525 	-0.0777144 	2.0858e-12 	
0.0451505 2.86569 	-0.077119 	1.38027e-12 	
0.0454013 2.86613 	-0.0765284 	7.56085e-13 	
0.0456522 2.86656 	-0.0759573 	4.70718e-13 	
0.045903 2.86699 	-0.0753863 	1.8535e-13 	
0.0461538 2.86741 	-0.0748409 	2.46146e-13 	
0.0464047 2.86783 	-0.0742999 	3.66513e-13 	
0.0466555 2.86825 	-0.0737589 	4.8688e-13 	
0.0469064 2.86867 	-0.0732179 	6.07246e-13 	
0.0471572 2.86907 	-0.0727265 	5.16069e-13 	
0.047408 2.86946 	-0.0722424 	3.93473e-13 	
0.0476589 2.86985 	-0.0717583 	2.70878e-13 	
0.0479097 2.87024 	-0.0712742 	1.48282e-13 	
0.0481605 2.87062 	-0.0708097 	2.76112e-13 	
0.0484114 2.871 	-0.070346 	4.14214e-13 	
0.0486622 2.87138 	-0.0698945 	6.5986e-13 	
0.048913 2.87175 	-0.0694558 	1.01871e-12 	
0.0491639 2.87213 	-0.0690172 	1.37756e-12 	
0.0494147 2.8725 	-0.0685785 	1.73641e-12 	
0.0496656 2.87287 	-0.0681163 	1.89361e-12 	
0.0499164 2.87321 	-0.0675931 	1.52811e-12 	
0.0501672 2.87356 	-0.06707 	1.16262e-12 	
0.0504181 2.87391 	-0.0665468 	7.97121e-13 	
0.0506689 2.87425 	-0.0660264 	3.61838e-13 	
0.0509197 2.87459 	-0.0655221 	-4.81223e-13 	
0.0511706 2.87493 	-0.0650178 	-1.32428e-12 	
0.0514214 2.87527 	-0.0645264 	-2.39286e-12 	
0.0516722 2.8756 	-0.0640464 	-3.65968e-12 	
0.0519231 2.87594 	-0.0635664 	-4.92651e-12 	
0.0521739 2.87627 	-0.0630864 	-6.19333e-12 	
0.0524247 2.8766 	-0.0626168 	-7.2448e-12 	
0.0526756 2.8769 	-0.06226 	-5.95451e-12 	
0.0529264 2.8772 	-0.0619032 	-4.66422e-12 	
0.0531773 2.87749 	-0.0615464 	-3.37393e-12 	
0.0534281 2.87779 	-0.0611896 	-2.08364e-12 	
0.0536789 2.87808 	-0.0608434 	-1.58815e-12 	
0.0539298 2.87838 	-0.0605014 	-1.40611e-12 	
0.0541806 2.87867 	-0.0601594 	-1.22407e-12 	
0.0544314 2.87895 	-0.059835 	-2.14843e-12 	
0.0546823 2.87924 	-0.0595114 	-3.12533e-12 	
0.0549331 2.87953 	-0.0591878 	-4.10223e-12 	
0.0551839 2.87982 	-0.0588643 	-5.07912e-12 	
0.0554348 2.8801 	-0.0584995 	-5.55523e-12 	
0.0556856 2.88036 	-0.0580135 	-4.56023e-12 	
0.0559365 2.88062 	-0.0575276 	-3.56523e-12 	
0.0561873 2.88088 	-0.0570417 	-2.57023e-12 	
0.0564381 2.88114 	-0.0565558 	-1.57523e-12 	
0.056689 2.8814 	-0.0560793 	-6.81691e-13 	
0.0569398 2.88165 	-0.0556082 	1.54478e-13 	
0.0571906 2.88191 	-0.0551371 	9.90648e-13 	
0.0574415 2.88216 	-0.0546806 	1.63129e-12 	
0.0576923 2.88241 	-0.0542297 	2.19563e-12 	
0.0579431 2.88266 	-0.0537789 	2.75998e-12 	
0.058194 2.88291 	-0.053328 	3.32432e-12 	
0.0584448 2.88317 	-0.0528772 	3.88866e-12 	
0.0586957 2.88339 	-0.0525906 	3.59694e-12 	
0.0589465 2.8836 	-0.0523583 	3.02214e-12 	
0.0591973 2.88381 	-0.052126 	2.44734e-12 	
0.0594482 2.88402 	-0.0518937 	1.87254e-12 	
0.059699 2.88423 	-0.0516614 	1.29774e-12 	
0.0599498 2.88444 	-0.0514381 	5.37706e-13 	
0.0602007 2.88464 	-0.0512161 	-2.49011e-13 	
0.0604515 2.88485 	-0.0509941 	-1.03573e-12 	
0.0607023 2.88505 	-0.0507821 	-1.79072e-12 	
0.0609532 2.88526 	-0.0505729 	-2.5372e-12 	
0.061204 2.88546 	-0.0503636 	-3.28369e-12 	
0.0614548 2.88567 	-0.0501543 	-4.03018e-12 	
0.0617057 2.88587 	-0.049945 	-4.77667e-12 	
0.0619565 2.88606 	-0.049592 	-4.71157e-12 	
0.0622074 2.88624 	-0.0491157 	-3.95124e-12 	
0.0624582 2.88642 	-0.0486394 	-3.19092e-12 	
0.062709 2.88661 	-0.0481631 	-2.4306e-12 	
0.0629599 2.88679 	-0.0476868 	-1.67027e-12 	
0.0632107 2.88697 	-0.047215 	-1.10407e-12 	
0.0634615 2.88715 	-0.0467505 	-8.49202e-13 	
0.0637124 2.88733 	-0.0462859 	-5.94336e-13 	
0.0639632 2.88751 	-0.0458235 	-3.77371e-13 	
0.064214 2.88768 	-0.0453764 	-4.29708e-13 	
0.0644649 2.88786 	-0.0449294 	-4.82045e-13 	
0.0647157 2.88804 	-0.0444824 	-5.34382e-13 	
0.0649666 2.88821 	-0.0440353 	-5.86719e-13 	
0.0652174 2.88839 	-0.0435883 	-6.39055e-13 	
0.0654682 2.88853 	-0.0433334 	-6.30652e-13 	
0.0657191 2.88866 	-0.0432204 	-5.77345e-13 	
0.0659699 2.88878 	-0.0431075 	-5.24038e-13 	
0.0662207 2.8889 	-0.0429946 	-4.70732e-13 	
0.0664716 2.88902 	-0.0428816 	-4.17424e-13 	
0.0667224 2.88915 	-0.0427696 	-3.48605e-13 	
0.0669732 2.88927 	-0.0426634 	-1.73627e-13 	
0.0672241 2.88939 	-0.0425573 	1.35179e-15 	
0.0674749 2.88951 	-0.0424511 	1.7633e-13 	
0.0677258 2.88963 	-0.0423503 	2.29039e-13 	
0.0679766 2.88975 	-0.042252 	2.24618e-13 	
0.0682274 2.88986 	-0.0421537 	2.20197e-13 	
0.0684783 2.88998 	-0.0420553 	2.15775e-13 	
0.0687291 2.8901 	-0.041957 	2.11354e-13 	
0.0689799 2.89022 	-0.0418587 	2.06933e-13 	
0.0692308 2.89034 	-0.0414442 	2.0981e-13 	
0.0694816 2.89045 	-0.0409592 	2.14314e-13 	
0.0697324 2.89057 	-0.0404742 	2.18817e-13 	
0.0699833 2.89068 	-0.0399892 	2.2332e-13 	
0.0702341 2.8908 	-0.0395042 	2.27824e-13 	
0.0704849 2.89091 	-0.0390198 	2.60946e-13 	
0.0707358 2.89103 	-0.038544 	7.35706e-13 	
0.0709866 2.89114 	-0.0380683 	1.21047e-12 	
0.0712375 2.89125 	-0.0375926 	1.68523e-12 	
0.0714883 2.89136 	-0.0371234 	2.3963e-12 	
0.0717391 2.89148 	-0.0366634 	3.43492e-12 	
0.07199 2.89159 	-0.0362034 	4.47354e-12 	
0.0722408 2.8917 	-0.0357434 	5.51215e-12 	
0.0724916 2.89181 	-0.0352834 	6.55077e-12 	
0.0727425 2.89192 	-0.0348233 	7.58939e-12 	
0.0729933 2.89201 	-0.0344643 	8.16235e-12 	
0.0732441 2.89201 	-0.0344585 	7.10528e-12 	
0.073495 2.89201 	-0.0344528 	6.04821e-12 	
0.0737458 2.89201 	-0.034447 	4.99115e-12 	
0.0739967 2.89201 	-0.0344413 	3.93408e-12 	
0.0742475 2.89201 	-0.0344356 	2.87701e-12 	
0.0744983 2.89201 	-0.0344306 	1.96593e-12 	
0.0747492 2.89201 	-0.0344306 	1.96593e-12 	
