0 0.0041768
0.000250836 0.00420459
0.000501672 0.00422501
0.000752508 0.00421975
0.00100334 0.00421543
0.00125418 0.00422191
0.00150502 0.00423656
0.00175585 0.00425547
0.00200669 0.00427584
0.00225753 0.00429641
0.00250836 0.00431656
0.0027592 0.00433573
0.00301003 0.00435363
0.00326087 0.00437009
0.00351171 0.00438483
0.00376254 0.00439758
0.00401338 0.0044079
0.00426421 0.00441572
0.00451505 0.00442089
0.00476589 0.00442319
0.00501672 0.00442246
0.00526756 0.00441799
0.00551839 0.00440991
0.00576923 0.00439824
0.00602007 0.00438304
0.0062709 0.00436448
0.00652174 0.00434149
0.00677258 0.00431427
0.00702341 0.0042841
0.00727425 0.00425012
0.00752508 0.00421118
0.00777592 0.00417032
0.00802676 0.00412382
0.00827759 0.00407482
0.00852843 0.00402219
0.00877926 0.00396543
0.0090301 0.00390661
0.00928094 0.0038424
0.00953177 0.00377702
0.00978261 0.00370628
0.0100334 0.0036339
0.0102843 0.00355776
0.0105351 0.00347849
0.010786 0.00339779
0.0110368 0.00331168
0.0112876 0.00322754
0.0115385 0.00313421
0.0117893 0.00304167
0.0120401 0.00294718
0.012291 0.00284805
0.0125418 0.0027505
0.0127926 0.00264629
0.0130435 0.00254144
0.0132943 0.00243904
0.0135452 0.00232761
0.013796 0.00221764
0.0140468 0.00211019
0.0142977 0.00199435
0.0145485 0.00188021
0.0147993 0.00176836
0.0150502 0.00165032
0.015301 0.00153344
0.0155518 0.00141758
0.0158027 0.00130038
0.0160535 0.00118277
0.0163043 0.00106555
0.0165552 0.000951091
0.016806 0.000835929
0.0170569 0.000723513
0.0173077 0.000611401
0.0175585 0.000505734
0.0178094 0.000411614
0.0180602 0.00032019
0.018311 0.000228536
0.0185619 0.000156906
0.0188127 0.00011808
0.0190635 8.22735e-05
0.0193144 4.56322e-05
0.0195652 1.47392e-05
0.0198161 1.08339e-05
0.0200669 7.92308e-06
0.0203177 5.01227e-06
0.0205686 8.29657e-07
0.0208194 3.88406e-07
0.0210702 3.56094e-07
0.0213211 3.23783e-07
0.0215719 2.82355e-07
0.0218227 2.33075e-07
0.0220736 2.32782e-07
0.0223244 2.32594e-07
0.0225753 2.32406e-07
0.0228261 2.32159e-07
0.0230769 2.31941e-07
0.0233278 2.31891e-07
0.0235786 2.31844e-07
0.0238294 2.31797e-07
0.0240803 2.31749e-07
0.0243311 2.31704e-07
0.0245819 2.31667e-07
0.0248328 2.31632e-07
0.0250836 2.31596e-07
0.0253344 2.3156e-07
0.0255853 2.31525e-07
0.0258361 2.31495e-07
0.026087 2.31468e-07
0.0263378 2.31441e-07
0.0265886 2.31414e-07
0.0268395 2.31387e-07
0.0270903 2.3136e-07
0.0273411 2.31339e-07
0.027592 2.31318e-07
0.0278428 2.31298e-07
0.0280936 2.31278e-07
0.0283445 2.31257e-07
0.0285953 2.31237e-07
0.0288462 2.31221e-07
0.029097 2.31206e-07
0.0293478 2.31191e-07
0.0295987 2.31175e-07
0.0298495 2.3116e-07
0.0301003 2.31145e-07
0.0303512 2.31132e-07
0.030602 2.31121e-07
0.0308528 2.31109e-07
0.0311037 2.31098e-07
0.0313545 2.31087e-07
0.0316054 2.31076e-07
0.0318562 2.31066e-07
0.032107 2.31056e-07
0.0323579 2.31048e-07
0.0326087 2.3104e-07
0.0328595 2.31032e-07
0.0331104 2.31024e-07
0.0333612 2.31016e-07
0.033612 2.31008e-07
0.0338629 2.31002e-07
0.0341137 2.30996e-07
0.0343645 2.3099e-07
0.0346154 2.30984e-07
0.0348662 2.30979e-07
0.0351171 2.30973e-07
0.0353679 2.30968e-07
0.0356187 2.30962e-07
0.0358696 2.30958e-07
0.0361204 2.30954e-07
0.0363712 2.3095e-07
0.0366221 2.30946e-07
0.0368729 2.30942e-07
0.0371237 2.30939e-07
0.0373746 2.30935e-07
0.0376254 2.30931e-07
0.0378763 2.30928e-07
0.0381271 2.30926e-07
0.0383779 2.30923e-07
0.0386288 2.30921e-07
0.0388796 2.30918e-07
0.0391304 2.30916e-07
0.0393813 2.30914e-07
0.0396321 2.30912e-07
0.0398829 2.30909e-07
0.0401338 2.30908e-07
0.0403846 2.30906e-07
0.0406355 2.30904e-07
0.0408863 2.30903e-07
0.0411371 2.30901e-07
0.041388 2.309e-07
0.0416388 2.30898e-07
0.0418896 2.30897e-07
0.0421405 2.30895e-07
0.0423913 2.30894e-07
0.0426421 2.30894e-07
0.042893 2.30893e-07
0.0431438 2.30892e-07
0.0433946 2.30891e-07
0.0436455 2.30891e-07
0.0438963 2.3089e-07
0.0441472 2.30889e-07
0.044398 2.30889e-07
0.0446488 2.30888e-07
0.0448997 2.30887e-07
0.0451505 2.30887e-07
0.0454013 2.30887e-07
0.0456522 2.30886e-07
0.045903 2.30886e-07
0.0461538 2.30885e-07
0.0464047 2.30885e-07
0.0466555 2.30885e-07
0.0469064 2.30884e-07
0.0471572 2.30885e-07
0.047408 2.30885e-07
0.0476589 2.30885e-07
0.0479097 2.30885e-07
0.0481605 2.30885e-07
0.0484114 2.30886e-07
0.0486622 2.30886e-07
0.048913 2.30886e-07
0.0491639 2.30887e-07
0.0494147 2.30887e-07
0.0496656 2.30887e-07
0.0499164 2.30888e-07
0.0501672 2.30888e-07
0.0504181 2.30889e-07
0.0506689 2.30889e-07
0.0509197 2.30889e-07
0.0511706 2.3089e-07
0.0514214 2.3089e-07
0.0516722 2.30891e-07
0.0519231 2.30891e-07
0.0521739 2.30892e-07
0.0524247 2.30893e-07
0.0526756 2.30901e-07
0.0529264 2.30909e-07
0.0531773 2.30916e-07
0.0534281 2.30924e-07
0.0536789 2.30931e-07
0.0539298 2.30939e-07
0.0541806 2.30946e-07
0.0544314 2.30954e-07
0.0546823 2.30961e-07
0.0549331 2.30969e-07
0.0551839 2.30977e-07
0.0554348 2.31003e-07
0.0556856 2.31082e-07
0.0559365 2.31162e-07
0.0561873 2.31237e-07
0.0564381 2.31311e-07
0.056689 2.31385e-07
0.0569398 2.31459e-07
0.0571906 2.31533e-07
0.0574415 2.31607e-07
0.0576923 2.31681e-07
0.0579431 2.31756e-07
0.058194 2.31834e-07
0.0584448 2.31911e-07
0.0586957 2.32573e-07
0.0589465 2.33428e-07
0.0591973 2.34272e-07
0.0594482 2.35077e-07
0.059699 2.35882e-07
0.0599498 2.36687e-07
0.0602007 2.37492e-07
0.0604515 2.38297e-07
0.0607023 2.39102e-07
0.0609532 2.39907e-07
0.061204 2.40719e-07
0.0614548 2.41548e-07
0.0617057 2.42376e-07
0.0619565 2.47651e-07
0.0622074 2.56733e-07
0.0624582 2.65815e-07
0.062709 2.74525e-07
0.0629599 2.83177e-07
0.0632107 2.9183e-07
0.0634615 3.00482e-07
0.0637124 3.09134e-07
0.0639632 3.17786e-07
0.064214 3.26438e-07
0.0644649 3.3509e-07
0.0647157 3.43815e-07
0.0649666 3.52626e-07
0.0652174 3.61438e-07
0.0654682 4.25668e-07
0.0657191 5.30866e-07
0.0659699 6.36065e-07
0.0662207 7.38523e-07
0.0664716 8.4007e-07
0.0667224 9.41618e-07
0.0669732 1.04317e-06
0.0672241 1.14471e-06
0.0674749 1.24626e-06
0.0677258 1.34781e-06
0.0679766 1.44935e-06
0.0682274 1.5509e-06
0.0684783 1.65299e-06
0.0687291 1.75516e-06
0.0689799 1.85734e-06
0.0692308 2.78178e-06
0.0694816 3.88937e-06
0.0697324 4.99696e-06
0.0699833 6.09453e-06
0.0702341 7.19009e-06
0.0704849 8.28564e-06
0.0707358 9.3812e-06
0.0709866 1.04768e-05
0.0712375 1.15723e-05
0.0714883 1.26679e-05
0.0717391 1.37634e-05
0.07199 1.4859e-05
0.0722408 1.59465e-05
0.0724916 1.70235e-05
0.0727425 1.81005e-05
0.0729933 1.87296e-05
0.0732441 1.7791e-05
0.073495 1.68523e-05
0.0737458 1.58154e-05
0.0739967 1.34283e-05
0.0742475 1.10412e-05
0.0744983 8.65414e-06
0.0747492 6.26704e-06
