0 2.46361
0.000250836 2.46185
0.000501672 2.45668
0.000752508 2.45362
0.00100334 2.45167
0.00125418 2.45038
0.00150502 2.44957
0.00175585 2.44912
0.00200669 2.44894
0.00225753 2.44894
0.00250836 2.44911
0.0027592 2.44941
0.00301003 2.44985
0.00326087 2.45037
0.00351171 2.45097
0.00376254 2.45164
0.00401338 2.45235
0.00426421 2.4531
0.00451505 2.45385
0.00476589 2.4546
0.00501672 2.45534
0.00526756 2.45604
0.00551839 2.45668
0.00576923 2.45724
0.00602007 2.45773
0.0062709 2.45812
0.00652174 2.45839
0.00677258 2.4585
0.00702341 2.45849
0.00727425 2.45832
0.00752508 2.4579
0.00777592 2.45736
0.00802676 2.45656
0.00827759 2.45552
0.00852843 2.45431
0.00877926 2.45272
0.0090301 2.45102
0.00928094 2.44883
0.00953177 2.44657
0.00978261 2.44376
0.0100334 2.44084
0.0102843 2.4374
0.0105351 2.43375
0.010786 2.4297
0.0110368 2.42522
0.0112876 2.42074
0.0115385 2.41521
0.0117893 2.40979
0.0120401 2.40373
0.012291 2.39728
0.0125418 2.39082
0.0127926 2.38326
0.0130435 2.37566
0.0132943 2.36807
0.0135452 2.359
0.013796 2.35017
0.0140468 2.3413
0.0142977 2.33084
0.0145485 2.32066
0.0147993 2.31049
0.0150502 2.29872
0.015301 2.28711
0.0155518 2.2755
0.0158027 2.26266
0.0160535 2.24955
0.0163043 2.23643
0.0165552 2.22321
0.016806 2.20811
0.0170569 2.19343
0.0173077 2.17875
0.0175585 2.16318
0.0178094 2.14672
0.0180602 2.13043
0.018311 2.11415
0.0185619 2.09672
0.0188127 2.07869
0.0190635 2.06078
0.0193144 2.04287
0.0195652 2.0242
0.0198161 2.00435
0.0200669 1.98484
0.0203177 1.96533
0.0205686 1.9459
0.0208194 1.92419
0.0210702 1.90312
0.0213211 1.88205
0.0215719 1.86098
0.0218227 1.83919
0.0220736 1.81619
0.0223244 1.79365
0.0225753 1.77112
0.0228261 1.7486
0.0230769 1.72506
0.0233278 1.70082
0.0235786 1.67694
0.0238294 1.65306
0.0240803 1.62918
0.0243311 1.60484
0.0245819 1.57912
0.0248328 1.55408
0.0250836 1.52903
0.0253344 1.50399
0.0255853 1.4791
0.0258361 1.45228
0.026087 1.42628
0.0263378 1.40029
0.0265886 1.3743
0.0268395 1.3483
0.0270903 1.32253
0.0273411 1.29474
0.027592 1.26808
0.0278428 1.24141
0.0280936 1.21474
0.0283445 1.18808
0.0285953 1.16169
0.0288462 1.13354
0.029097 1.10653
0.0293478 1.07952
0.0295987 1.0525
0.0298495 1.02549
0.0301003 0.998625
0.0303512 0.971181
0.030602 0.943676
0.0308528 0.916709
0.0311037 0.889743
0.0313545 0.862776
0.0316054 0.835809
0.0318562 0.809106
0.032107 0.781881
0.0323579 0.755238
0.0326087 0.728904
0.0328595 0.702569
0.0331104 0.676234
0.0333612 0.649899
0.033612 0.623802
0.0338629 0.598009
0.0341137 0.572779
0.0343645 0.548062
0.0346154 0.523344
0.0348662 0.498627
0.0351171 0.473909
0.0353679 0.449191
0.0356187 0.424992
0.0358696 0.40208
0.0361204 0.37997
0.0363712 0.357976
0.0366221 0.335982
0.0368729 0.313989
0.0371237 0.291995
0.0373746 0.270001
0.0376254 0.248614
0.0378763 0.230203
0.0381271 0.212553
0.0383779 0.194973
0.0386288 0.177393
0.0388796 0.159814
0.0391304 0.142234
0.0393813 0.124655
0.0396321 0.107489
0.0398829 0.0934525
0.0401338 0.0844239
0.0403846 0.0750306
0.0406355 0.0656372
0.0408863 0.0562439
0.0411371 0.0468506
0.041388 0.0374572
0.0416388 0.0280639
0.0418896 0.0192775
0.0421405 0.0135518
0.0423913 0.01223
0.0426421 0.0107148
0.042893 0.00919951
0.0431438 0.00768427
0.0433946 0.00616902
0.0436455 0.00465378
0.0438963 0.00313854
0.0441472 0.0016863
0.044398 0.000473937
0.0446488 0.00032143
0.0448997 0.000290213
0.0451505 0.000255648
0.0454013 0.000221084
0.0456522 0.00018652
0.045903 0.000151956
0.0461538 0.000117391
0.0464047 8.28271e-05
0.0466555 5.08318e-05
0.0469064 2.61502e-05
0.0471572 2.28629e-05
0.047408 2.27285e-05
0.0476589 2.25702e-05
0.0479097 2.2412e-05
0.0481605 2.22537e-05
0.0484114 2.20955e-05
0.0486622 2.19372e-05
0.048913 2.17789e-05
0.0491639 2.16207e-05
0.0494147 2.15031e-05
0.0496656 2.14586e-05
0.0499164 2.15679e-05
0.0501672 2.1677e-05
0.0504181 2.17861e-05
0.0506689 2.18951e-05
0.0509197 2.20042e-05
0.0511706 2.21133e-05
0.0514214 2.22223e-05
0.0516722 2.23314e-05
0.0519231 2.24404e-05
0.0521739 2.2546e-05
0.0524247 2.26736e-05
0.0526756 2.30636e-05
0.0529264 2.34524e-05
0.0531773 2.38404e-05
0.0534281 2.42283e-05
0.0536789 2.46163e-05
0.0539298 2.50042e-05
0.0541806 2.53922e-05
0.0544314 2.57802e-05
0.0546823 2.61681e-05
0.0549331 2.65561e-05
0.0551839 2.69274e-05
0.0554348 2.7536e-05
0.0556856 2.88477e-05
0.0559365 3.01508e-05
0.0561873 3.14492e-05
0.0564381 3.27476e-05
0.056689 3.4046e-05
0.0569398 3.53444e-05
0.0571906 3.66428e-05
0.0574415 3.79412e-05
0.0576923 3.92397e-05
0.0579431 4.05381e-05
0.058194 4.181e-05
0.0584448 4.30536e-05
0.0586957 4.63642e-05
0.0589465 5.03552e-05
0.0591973 5.42871e-05
0.0594482 5.82189e-05
0.059699 6.21508e-05
0.0599498 6.60826e-05
0.0602007 7.00145e-05
0.0604515 7.39464e-05
0.0607023 7.78782e-05
0.0609532 8.18101e-05
0.061204 8.57419e-05
0.0614548 8.96222e-05
0.0617057 9.34147e-05
0.0619565 0.00010066
0.0622074 0.000110865
0.0624582 0.000120904
0.062709 0.000130885
0.0629599 0.000140866
0.0632107 0.000150847
0.0634615 0.000160828
0.0637124 0.00017081
0.0639632 0.000180791
0.064214 0.000190772
0.0644649 0.000200753
0.0647157 0.000210734
0.0649666 0.000220574
0.0652174 0.000230277
0.0654682 0.000245373
0.0657191 0.000264456
0.0659699 0.000283167
0.0662207 0.0003017
0.0664716 0.000320232
0.0667224 0.000338764
0.0669732 0.000357296
0.0672241 0.000375829
0.0674749 0.000394361
0.0677258 0.000412893
0.0679766 0.000431425
0.0682274 0.000449957
0.0684783 0.00046849
0.0687291 0.000486713
0.0689799 0.000504888
0.0692308 0.000523942
0.0694816 0.000543192
0.0697324 0.000561875
0.0699833 0.000580426
0.0702341 0.000598976
0.0704849 0.000617527
0.0707358 0.000636078
0.0709866 0.000654628
0.0712375 0.000673179
0.0714883 0.000691729
0.0717391 0.00071028
0.07199 0.00072883
0.0722408 0.000747381
0.0724916 0.00076586
0.0727425 0.000784223
0.0729933 0.000798506
0.0732441 0.000798504
0.073495 0.000798503
0.0737458 0.000798503
0.0739967 0.000798503
0.0742475 0.000798503
0.0744983 0.000798503
0.0747492 0.000798503
