0 6.2589 	-0.000257569 	0.0127292 	
0.000250836 6.25802 	0.00138085 	0.0102929 	
0.000501672 6.25659 	0.00216572 	0.0134006 	
0.000752508 6.25498 	0.00324977 	0.00783682 	
0.00100334 6.25306 	0.00427339 	0.00359588 	
0.00125418 6.25083 	0.0052935 	0.00273854 	
0.00150502 6.24828 	0.00631322 	0.00444832 	
0.00175585 6.24534 	0.0073364 	0.00421104 	
0.00200669 6.24197 	0.00835838 	0.00182869 	
0.00225753 6.23823 	0.00938097 	0.00152148 	
0.00250836 6.23412 	0.0103994 	0.00207736 	
0.0027592 6.22961 	0.0114127 	0.00297839 	
0.00301003 6.22465 	0.0124143 	0.00146918 	
0.00326087 6.2193 	0.0134147 	0.00096255 	
0.00351171 6.21356 	0.014412 	0.0010174 	
0.00376254 6.20746 	0.0154041 	0.00187923 	
0.00401338 6.20091 	0.016379 	0.00131766 	
0.00426421 6.19397 	0.0173443 	0.000682155 	
0.00451505 6.18663 	0.018313 	0.000619348 	
0.00476589 6.17895 	0.0193006 	0.0011674 	
0.00501672 6.17084 	0.0202754 	0.00136001 	
0.00526756 6.16235 	0.021186 	0.0010448 	
0.00551839 6.15342 	0.0221005 	0.000648309 	
0.00576923 6.14414 	0.0230106 	0.000463084 	
0.00602007 6.13456 	0.023912 	0.000450865 	
0.0062709 6.12472 	0.0248065 	0.000900354 	
0.00652174 6.11435 	0.0256861 	0.000789374 	
0.00677258 6.10351 	0.0265498 	0.000383001 	
0.00702341 6.09257 	0.0274027 	0.000566085 	
0.00727425 6.08125 	0.0282466 	0.000750678 	
0.00752508 6.0693 	0.0290692 	0.000338432 	
0.00777592 6.05745 	0.0298858 	0.00070657 	
0.00802676 6.0448 	0.0306836 	0.000361872 	
0.00827759 6.03212 	0.031465 	0.000385453 	
0.00852843 6.01912 	0.0322407 	0.000528384 	
0.00877926 6.00558 	0.0329886 	0.000283228 	
0.0090301 5.99209 	0.0337364 	0.000575157 	
0.00928094 5.97782 	0.0344523 	0.000262366 	
0.00953177 5.96376 	0.03517 	0.000532437 	
0.00978261 5.94888 	0.0358527 	0.000245397 	
0.0100334 5.93412 	0.0365371 	0.000425429 	
0.0102843 5.91881 	0.0371887 	0.000281931 	
0.0105351 5.90324 	0.0378342 	0.00027485 	
0.010786 5.88774 	0.0384616 	0.000414139 	
0.0110368 5.87134 	0.039062 	0.000201691 	
0.0112876 5.85569 	0.0396707 	0.000552819 	
0.0115385 5.83851 	0.0402219 	0.000194409 	
0.0117893 5.82185 	0.0407857 	0.000306241 	
0.0120401 5.8049 	0.0413216 	0.000332472 	
0.012291 5.7872 	0.0418306 	0.00017388 	
0.0125418 5.77025 	0.0423502 	0.000413505 	
0.0127926 5.75202 	0.042813 	0.000196107 	
0.0130435 5.73379 	0.0432757 	0.000157696 	
0.0132943 5.71643 	0.0437481 	0.000444385 	
0.0135452 5.69722 	0.0441426 	0.000156155 	
0.013796 5.67841 	0.0445512 	0.000149874 	
0.0140468 5.66047 	0.0449695 	0.00040866 	
0.0142977 5.6406 	0.0453036 	0.000144807 	
0.0145485 5.62117 	0.0456523 	0.000135063 	
0.0147993 5.60262 	0.0460147 	0.000354998 	
0.0150502 5.58237 	0.0462965 	0.000171876 	
0.015301 5.56227 	0.0465804 	0.00012724 	
0.0155518 5.5429 	0.0468781 	0.000264249 	
0.0158027 5.52271 	0.0471253 	0.000236857 	
0.0160535 5.50186 	0.047336 	0.000121017 	
0.0163043 5.4815 	0.0475596 	0.000157303 	
0.0165552 5.46179 	0.0477926 	0.000318996 	
0.016806 5.44017 	0.0479244 	0.00013424 	
0.0170569 5.41901 	0.0480709 	0.000109504 	
0.0173077 5.39848 	0.0482321 	0.000200992 	
0.0175585 5.37768 	0.0483631 	0.000248493 	
0.0178094 5.35563 	0.0484227 	0.00010615 	
0.0180602 5.33403 	0.0484965 	0.000100481 	
0.018311 5.31319 	0.0485891 	0.000202969 	
0.0185619 5.29176 	0.0486362 	0.000221261 	
0.0188127 5.26927 	0.0486173 	9.83453e-05 	
0.0190635 5.24724 	0.0486129 	9.33598e-05 	
0.0193144 5.22591 	0.0486274 	0.000174916 	
0.0195652 5.20434 	0.0486139 	0.00022536 	
0.0198161 5.18139 	0.048511 	0.00010097 	
0.0200669 5.15894 	0.0484238 	8.76834e-05 	
0.0203177 5.13693 	0.0483496 	0.000126136 	
0.0205686 5.11556 	0.0482944 	0.000233084 	
0.0208194 5.09245 	0.0481185 	0.000142298 	
0.0210702 5.06945 	0.0479396 	8.31075e-05 	
0.0213211 5.04673 	0.0477697 	7.91752e-05 	
0.0215719 5.02489 	0.0476283 	0.000157587 	
0.0218227 5.00268 	0.047452 	0.000195875 	
0.0220736 4.97917 	0.0471786 	0.000100633 	
0.0223244 4.95609 	0.0469187 	7.58481e-05 	
0.0225753 4.93319 	0.0466647 	7.63194e-05 	
0.0228261 4.91128 	0.0464452 	0.000157916 	
0.0230769 4.88865 	0.0461683 	0.000172567 	
0.0233278 4.86498 	0.0458074 	8.94655e-05 	
0.0235786 4.84177 	0.0454606 	6.99228e-05 	
0.0238294 4.81867 	0.0451174 	6.67113e-05 	
0.0240803 4.79659 	0.0448125 	0.000135938 	
0.0243311 4.77412 	0.0444732 	0.000172137 	
0.0245819 4.75038 	0.0440242 	9.98618e-05 	
0.0248328 4.72696 	0.0435849 	6.50452e-05 	
0.0250836 4.70381 	0.0431539 	6.21008e-05 	
0.0253344 4.68128 	0.0427486 	9.89408e-05 	
0.0255853 4.65915 	0.0423592 	0.000160382 	
0.0258361 4.63579 	0.0418539 	0.000124403 	
0.026087 4.6121 	0.041317 	6.18276e-05 	
0.0263378 4.58898 	0.0407981 	5.82885e-05 	
0.0265886 4.56587 	0.0402795 	5.55642e-05 	
0.0268395 4.54373 	0.0398027 	0.000105918 	
0.0270903 4.5216 	0.0393253 	0.000156836 	
0.0273411 4.49806 	0.0387022 	0.000102991 	
0.027592 4.47458 	0.0380813 	5.51439e-05 	
0.0278428 4.45163 	0.0374768 	5.26026e-05 	
0.0280936 4.42868 	0.0368723 	5.00613e-05 	
0.0283445 4.40668 	0.0363122 	9.37456e-05 	
0.0285953 4.38471 	0.0357535 	0.000138867 	
0.0288462 4.36154 	0.0350588 	9.98968e-05 	
0.029097 4.33827 	0.0343527 	5.39415e-05 	
0.0293478 4.31555 	0.0336635 	4.78041e-05 	
0.0295987 4.29287 	0.0329759 	4.54181e-05 	
0.0298495 4.27081 	0.032319 	6.9138e-05 	
0.0301003 4.24909 	0.0316791 	0.000107237 	
0.0303512 4.22682 	0.0309693 	0.000108268 	
0.030602 4.20396 	0.0301843 	6.94654e-05 	
0.0308528 4.18132 	0.0294062 	4.37639e-05 	
0.0311037 4.15905 	0.0286404 	4.15131e-05 	
0.0313545 4.13678 	0.0278746 	3.92623e-05 	
0.0316054 4.11539 	0.0271551 	6.9637e-05 	
0.0318562 4.09404 	0.0264376 	0.000101356 	
0.032107 4.07205 	0.0256264 	8.98773e-05 	
0.0323579 4.04976 	0.0247702 	5.75722e-05 	
0.0326087 4.02771 	0.023922 	3.8257e-05 	
0.0328595 4.00599 	0.0230847 	3.61286e-05 	
0.0331104 3.98427 	0.0222474 	3.40002e-05 	
0.0333612 3.96334 	0.021454 	5.70092e-05 	
0.033612 3.9425 	0.0206658 	8.29294e-05 	
0.0338629 3.92131 	0.0198141 	8.3705e-05 	
0.0341137 3.89974 	0.018894 	5.73055e-05 	
0.0343645 3.87822 	0.0179759 	3.35602e-05 	
0.0346154 3.85722 	0.0170748 	3.15477e-05 	
0.0348662 3.83622 	0.0161736 	2.95353e-05 	
0.0351171 3.81558 	0.0152935 	3.72838e-05 	
0.0353679 3.7954 	0.0144413 	5.79409e-05 	
0.0356187 3.77523 	0.0135891 	7.8598e-05 	
0.0358696 3.75463 	0.0126382 	6.26583e-05 	
0.0361204 3.73397 	0.0116735 	4.16192e-05 	
0.0363712 3.71351 	0.0107162 	2.76851e-05 	
0.0366221 3.69341 	0.00977132 	2.5788e-05 	
0.0368729 3.67331 	0.00882641 	2.38908e-05 	
0.0371237 3.65363 	0.00790678 	3.1616e-05 	
0.0373746 3.63429 	0.00700861 	4.75136e-05 	
0.0376254 3.61496 	0.00611045 	6.34112e-05 	
0.0378763 3.59547 	0.00512322 	5.22642e-05 	
0.0381271 3.57595 	0.00411939 	3.60724e-05 	
0.0383779 3.55653 	0.00311929 	2.26752e-05 	
0.0386288 3.53755 	0.00213473 	2.0899e-05 	
0.0388796 3.51858 	0.00115016 	1.91229e-05 	
0.0391304 3.49975 	0.000174793 	2.00615e-05 	
0.0393813 3.48146 	-0.000764402 	3.1686e-05 	
0.0396321 3.46318 	-0.0017036 	4.33106e-05 	
0.0398829 3.44503 	-0.00267379 	4.66915e-05 	
0.0401338 3.4271 	-0.00370123 	3.48519e-05 	
0.0403846 3.40918 	-0.00472867 	2.30122e-05 	
0.0406355 3.39156 	-0.0057456 	1.68101e-05 	
0.0408863 3.37418 	-0.00675399 	1.51858e-05 	
0.0411371 3.3568 	-0.00776239 	1.35615e-05 	
0.041388 3.33965 	-0.00875408 	1.56447e-05 	
0.0416388 3.32285 	-0.00971974 	2.35113e-05 	
0.0418896 3.30606 	-0.0106854 	3.1378e-05 	
0.0421405 3.28963 	-0.0116492 	3.32526e-05 	
0.0423913 3.27382 	-0.0126099 	2.52404e-05 	
0.0426421 3.25801 	-0.0135706 	1.72281e-05 	
0.042893 3.24242 	-0.0145212 	1.197e-05 	
0.0431438 3.22714 	-0.0154576 	1.05334e-05 	
0.0433946 3.21186 	-0.0163941 	9.09683e-06 	
0.0436455 3.19661 	-0.0173283 	8.13596e-06 	
0.0438963 3.18178 	-0.0182355 	1.28005e-05 	
0.0441472 3.16695 	-0.0191427 	1.74651e-05 	
0.044398 3.15212 	-0.02005 	2.21297e-05 	
0.0446488 3.13896 	-0.020952 	1.83818e-05 	
0.0448997 3.12601 	-0.0218533 	1.36309e-05 	
0.0451505 3.11305 	-0.0227547 	8.87994e-06 	
0.0454013 3.10051 	-0.0236413 	6.86184e-06 	
0.0456522 3.08808 	-0.0245234 	5.67461e-06 	
0.045903 3.07565 	-0.0254055 	4.48739e-06 	
0.0461538 3.06329 	-0.0262813 	4.07663e-06 	
0.0464047 3.05113 	-0.0271366 	6.17752e-06 	
0.0466555 3.03896 	-0.0279918 	8.2784e-06 	
0.0469064 3.0268 	-0.0288471 	1.03793e-05 	
0.0471572 3.01807 	-0.0294854 	8.78787e-06 	
0.047408 3.00984 	-0.0300914 	6.64809e-06 	
0.0476589 3.00161 	-0.0306974 	4.5083e-06 	
0.0479097 2.99375 	-0.0312779 	3.149e-06 	
0.0481605 2.98616 	-0.0318389 	2.38715e-06 	
0.0484114 2.97857 	-0.0323999 	1.6253e-06 	
0.0486622 2.97098 	-0.0329609 	8.63446e-07 	
0.048913 2.96327 	-0.0335384 	1.11256e-06 	
0.0491639 2.95554 	-0.0341191 	1.56131e-06 	
0.0494147 2.94781 	-0.0346998 	2.01006e-06 	
0.0496656 2.94173 	-0.0351307 	2.20665e-06 	
0.0499164 2.93991 	-0.0351733 	1.74958e-06 	
0.0501672 2.9381 	-0.0352159 	1.29252e-06 	
0.0504181 2.93629 	-0.0352585 	8.35452e-07 	
0.0506689 2.93475 	-0.0352834 	5.96162e-07 	
0.0509197 2.9333 	-0.0353034 	4.16035e-07 	
0.0511706 2.93184 	-0.0353235 	2.35908e-07 	
0.0514214 2.93039 	-0.0353435 	5.57809e-08 	
0.0516722 2.92872 	-0.0353903 	4.33643e-08 	
0.0519231 2.92701 	-0.0354422 	6.21775e-08 	
0.0521739 2.9253 	-0.035494 	8.09907e-08 	
0.0524247 2.92376 	-0.0355397 	9.66059e-08 	
0.0526756 2.92393 	-0.0355187 	7.74441e-08 	
0.0529264 2.9241 	-0.0354977 	5.82824e-08 	
0.0531773 2.92427 	-0.0354768 	3.91207e-08 	
0.0534281 2.92444 	-0.0354594 	2.49226e-08 	
0.0536789 2.92463 	-0.0354476 	1.8366e-08 	
0.0539298 2.92481 	-0.0354358 	1.18094e-08 	
0.0541806 2.925 	-0.035424 	5.25288e-09 	
0.0544314 2.92518 	-0.0354129 	2.09514e-10 	
0.0546823 2.92534 	-0.0354043 	3.37843e-10 	
0.0549331 2.9255 	-0.0353957 	4.66173e-10 	
0.0551839 2.92566 	-0.0353871 	5.94502e-10 	
0.0554348 2.92583 	-0.0353758 	6.57045e-10 	
0.0556856 2.92604 	-0.0353569 	5.26338e-10 	
0.0559365 2.92625 	-0.035338 	3.95631e-10 	
0.0561873 2.92646 	-0.0353191 	2.64924e-10 	
0.0564381 2.92667 	-0.0353011 	1.66157e-10 	
0.056689 2.92687 	-0.0352845 	1.25719e-10 	
0.0569398 2.92708 	-0.0352679 	8.52802e-11 	
0.0571906 2.92728 	-0.0352513 	4.48418e-11 	
0.0574415 2.92749 	-0.0352347 	4.40343e-12 	
0.0576923 2.92768 	-0.0352269 	3.95985e-12 	
0.0579431 2.92788 	-0.0352196 	5.63823e-12 	
0.058194 2.92808 	-0.0352123 	7.3166e-12 	
0.0584448 2.92828 	-0.035205 	8.99498e-12 	
0.0586957 2.92846 	-0.0352066 	8.12739e-12 	
0.0589465 2.92863 	-0.0352112 	6.41791e-12 	
0.0591973 2.92881 	-0.0352157 	4.70843e-12 	
0.0594482 2.92899 	-0.0352203 	2.99896e-12 	
0.059699 2.92916 	-0.0352274 	1.32732e-12 	
0.0599498 2.92933 	-0.0352359 	-3.22082e-13 	
0.0602007 2.9295 	-0.0352444 	-1.97148e-12 	
0.0604515 2.92967 	-0.0352529 	-3.62088e-12 	
0.0607023 2.92984 	-0.0352614 	-5.27027e-12 	
0.0609532 2.93001 	-0.0352755 	-7.41078e-12 	
0.061204 2.93017 	-0.0352898 	-9.56373e-12 	
0.0614548 2.93034 	-0.035304 	-1.17167e-11 	
0.0617057 2.9305 	-0.0353183 	-1.38696e-11 	
0.0619565 2.93066 	-0.0353254 	-1.36819e-11 	
0.0622074 2.93081 	-0.0353264 	-1.1489e-11 	
0.0624582 2.93096 	-0.0353274 	-9.29616e-12 	
0.062709 2.93111 	-0.0353284 	-7.10331e-12 	
0.0629599 2.93126 	-0.0353299 	-4.9489e-12 	
0.0632107 2.9314 	-0.0353336 	-2.96652e-12 	
0.0634615 2.93155 	-0.0353373 	-9.84141e-13 	
0.0637124 2.93169 	-0.0353409 	9.98239e-13 	
0.0639632 2.93184 	-0.0353446 	2.98062e-12 	
0.064214 2.93198 	-0.03535 	4.89183e-12 	
0.0644649 2.93212 	-0.0353604 	6.60434e-12 	
0.0647157 2.93226 	-0.0353708 	8.31685e-12 	
0.0649666 2.9324 	-0.0353812 	1.00294e-11 	
0.0652174 2.93254 	-0.0353916 	1.17419e-11 	
0.0654682 2.93266 	-0.0354008 	1.14669e-11 	
0.0657191 2.93276 	-0.0354092 	9.72267e-12 	
0.0659699 2.93286 	-0.0354176 	7.97841e-12 	
0.0662207 2.93297 	-0.035426 	6.23416e-12 	
0.0664716 2.93307 	-0.0354343 	4.4899e-12 	
0.0667224 2.93317 	-0.0354464 	3.25815e-12 	
0.0669732 2.93327 	-0.0354586 	2.04143e-12 	
0.0672241 2.93337 	-0.0354708 	8.24714e-13 	
0.0674749 2.93346 	-0.0354829 	-3.92004e-13 	
0.0677258 2.93356 	-0.0354951 	-1.60872e-12 	
0.0679766 2.93366 	-0.0355109 	-2.43536e-12 	
0.0682274 2.93376 	-0.0355278 	-3.14747e-12 	
0.0684783 2.93385 	-0.0355447 	-3.85959e-12 	
0.0687291 2.93395 	-0.0355616 	-4.5717e-12 	
0.0689799 2.93404 	-0.0355784 	-5.28382e-12 	
0.0692308 2.93412 	-0.0356059 	-4.82035e-12 	
0.0694816 2.93418 	-0.0356358 	-4.09503e-12 	
0.0697324 2.93425 	-0.0356657 	-3.36971e-12 	
0.0699833 2.93431 	-0.0356955 	-2.6444e-12 	
0.0702341 2.93438 	-0.0357254 	-1.91908e-12 	
0.0704849 2.93445 	-0.0357563 	-2.62361e-12 	
0.0707358 2.93451 	-0.0357873 	-3.39894e-12 	
0.0709866 2.93458 	-0.0358183 	-4.17427e-12 	
0.0712375 2.93464 	-0.0358493 	-4.9496e-12 	
0.0714883 2.9347 	-0.0358803 	-5.72493e-12 	
0.0717391 2.93477 	-0.0359139 	-7.13352e-12 	
0.07199 2.93483 	-0.0359508 	-9.28856e-12 	
0.0722408 2.93489 	-0.0359876 	-1.14436e-11 	
0.0724916 2.93495 	-0.0360245 	-1.35986e-11 	
0.0727425 2.93502 	-0.0360613 	-1.57537e-11 	
0.0729933 2.93507 	-0.0360886 	-1.69426e-11 	
0.0732441 2.93507 	-0.0360823 	-1.47494e-11 	
0.073495 2.93507 	-0.0360761 	-1.25562e-11 	
0.0737458 2.93507 	-0.0360698 	-1.03631e-11 	
0.0739967 2.93507 	-0.0360636 	-8.16993e-12 	
0.0742475 2.93507 	-0.0360578 	-6.15387e-12 	
0.0744983 2.93507 	-0.0360578 	-6.15387e-12 	
0.0747492 2.93507 	-0.0360578 	-6.15387e-12 	
