0 17.5893 	-0.00116339 	0.0544769 	
0.000250836 17.5666 	0.021723 	0.0399948 	
0.000501672 17.5186 	0.0405445 	0.0355183 	
0.000752508 17.4458 	0.0604657 	0.0218361 	
0.00100334 17.3499 	0.0802107 	0.0154729 	
0.00125418 17.2319 	0.0994175 	0.0116972 	
0.00150502 17.0931 	0.117737 	0.0109109 	
0.00175585 16.9332 	0.135118 	0.00962155 	
0.00200669 16.7529 	0.151453 	0.00581268 	
0.00225753 16.5556 	0.166708 	0.00445083 	
0.00250836 16.3427 	0.180858 	0.00341628 	
0.0027592 16.1167 	0.193733 	0.00451009 	
0.00301003 15.8752 	0.205255 	0.00233618 	
0.00326087 15.6221 	0.215526 	0.00183458 	
0.00351171 15.3592 	0.224568 	0.00143695 	
0.00376254 15.0888 	0.232418 	0.00174277 	
0.00401338 14.8102 	0.238821 	0.00107206 	
0.00426421 14.5247 	0.243982 	0.000783167 	
0.00451505 14.2342 	0.248013 	0.000616569 	
0.00476589 13.9399 	0.250965 	0.000600434 	
0.00501672 13.6412 	0.252845 	0.000616198 	
0.00526756 13.342 	0.253244 	0.000397381 	
0.00551839 13.0404 	0.252654 	0.000264989 	
0.00576923 12.7395 	0.251193 	0.000225194 	
0.00602007 12.439 	0.248768 	0.000192758 	
0.0062709 12.1399 	0.245481 	0.000206271 	
0.00652174 11.8398 	0.241216 	0.000151399 	
0.00677258 11.5425 	0.236071 	0.000112078 	
0.00702341 11.2483 	0.230369 	0.000100053 	
0.00727425 10.9559 	0.223904 	0.000104013 	
0.00752508 10.6663 	0.216534 	7.21015e-05 	
0.00777592 10.3814 	0.208905 	8.3592e-05 	
0.00802676 10.097 	0.200215 	5.351e-05 	
0.00827759 9.81916 	0.191272 	5.01882e-05 	
0.00852843 9.54322 	0.181705 	4.5291e-05 	
0.00877926 9.27359 	0.171647 	3.90576e-05 	
0.0090301 9.00681 	0.161284 	4.29737e-05 	
0.00928094 8.74514 	0.150257 	3.08745e-05 	
0.00953177 8.48718 	0.139104 	3.38227e-05 	
0.00978261 8.23485 	0.127382 	2.46396e-05 	
0.0100334 7.98542 	0.115455 	2.23098e-05 	
0.0102843 7.74327 	0.103296 	1.97464e-05 	
0.0105351 7.50396 	0.0907617 	1.61701e-05 	
0.010786 7.27113 	0.0783026 	1.7904e-05 	
0.0110368 7.04281 	0.0653275 	1.29889e-05 	
0.0112876 6.81935 	0.0527009 	1.96278e-05 	
0.0115385 6.60101 	0.0395095 	1.04088e-05 	
0.0117893 6.38567 	0.0264618 	8.23135e-06 	
0.0120401 6.17802 	0.0134268 	8.74097e-06 	
0.012291 5.97568 	9.61477e-06 	6.65062e-06 	
0.0125418 5.77622 	-0.0131827 	8.26568e-06 	
0.0127926 5.58518 	-0.0266472 	5.30251e-06 	
0.0130435 5.39899 	-0.0401001 	4.17101e-06 	
0.0132943 5.2164 	-0.0532288 	6.40623e-06 	
0.0135452 5.04381 	-0.066168 	3.36713e-06 	
0.013796 4.87453 	-0.0789258 	2.61525e-06 	
0.0140468 4.70878 	-0.0914189 	4.0576e-06 	
0.0142977 4.5544 	-0.103607 	2.13821e-06 	
0.0145485 4.40315 	-0.115618 	1.6601e-06 	
0.0147993 4.25419 	-0.127453 	2.33515e-06 	
0.0150502 4.11733 	-0.138665 	1.36086e-06 	
0.015301 3.98555 	-0.149595 	1.0629e-06 	
0.0155518 3.85457 	-0.16047 	1.07388e-06 	
0.0158027 3.73356 	-0.170609 	9.46177e-07 	
0.0160535 3.62285 	-0.180028 	6.71604e-07 	
0.0163043 3.51269 	-0.189413 	4.84783e-07 	
0.0165552 3.40506 	-0.198643 	7.73502e-07 	
0.016806 3.31707 	-0.206165 	4.03171e-07 	
0.0170569 3.23235 	-0.213461 	2.87563e-07 	
0.0173077 3.14767 	-0.220769 	2.07519e-07 	
0.0175585 3.07282 	-0.2269 	2.6873e-07 	
0.0178094 3.01918 	-0.230299 	1.48729e-07 	
0.0180602 2.96775 	-0.233458 	8.84137e-08 	
0.018311 2.9158 	-0.236758 	5.43411e-08 	
0.0185619 2.87758 	-0.238238 	6.09374e-08 	
0.0188127 2.86237 	-0.236499 	3.22398e-08 	
0.0190635 2.84864 	-0.234643 	1.62987e-08 	
0.0193144 2.83447 	-0.232876 	3.19974e-09 	
0.0195652 2.82253 	-0.231048 	4.79204e-09 	
0.0198161 2.82276 	-0.227832 	2.19632e-09 	
0.0200669 2.82331 	-0.224705 	1.20425e-09 	
0.0203177 2.82386 	-0.221578 	2.12175e-10 	
0.0205686 2.82393 	-0.218628 	7.64194e-11 	
0.0208194 2.82515 	-0.215749 	3.05344e-11 	
0.0210702 2.82646 	-0.21303 	2.10591e-11 	
0.0213211 2.82776 	-0.210311 	1.15839e-11 	
0.0215719 2.82906 	-0.207633 	4.9431e-12 	
0.0218227 2.83032 	-0.205057 	5.80028e-12 	
0.0220736 2.83159 	-0.202476 	3.73084e-12 	
0.0223244 2.83284 	-0.199989 	1.77433e-12 	
0.0225753 2.83409 	-0.197503 	-1.82175e-13 	
0.0228261 2.83532 	-0.195077 	-1.67077e-12 	
0.0230769 2.83653 	-0.192724 	-1.81864e-12 	
0.0233278 2.83772 	-0.190405 	-1.12695e-12 	
0.0235786 2.8389 	-0.188162 	-6.39891e-13 	
0.0238294 2.84008 	-0.185918 	-1.5283e-13 	
0.0240803 2.84125 	-0.183715 	2.27191e-13 	
0.0243311 2.84239 	-0.181596 	2.9747e-13 	
0.0245819 2.84352 	-0.179479 	2.50233e-13 	
0.0248328 2.84462 	-0.177454 	5.79424e-13 	
0.0250836 2.84573 	-0.175429 	9.08614e-13 	
0.0253344 2.84684 	-0.173404 	1.2378e-12 	
0.0255853 2.84792 	-0.171484 	1.94442e-12 	
0.0258361 2.84898 	-0.169558 	1.5087e-12 	
0.026087 2.85003 	-0.167697 	1.70001e-12 	
0.0263378 2.85107 	-0.165868 	2.33441e-12 	
0.0265886 2.8521 	-0.164039 	2.96881e-12 	
0.0268395 2.85313 	-0.162231 	3.74479e-12 	
0.0270903 2.85414 	-0.160504 	5.01663e-12 	
0.0273411 2.85514 	-0.158762 	3.67168e-12 	
0.027592 2.85611 	-0.157096 	3.03153e-12 	
0.0278428 2.85707 	-0.155443 	2.51405e-12 	
0.0280936 2.85804 	-0.15379 	1.99656e-12 	
0.0283445 2.859 	-0.152154 	1.70676e-12 	
0.0285953 2.85994 	-0.150592 	2.46204e-12 	
0.0288462 2.86086 	-0.149019 	1.80972e-12 	
0.029097 2.86177 	-0.1475 	7.77016e-13 	
0.0293478 2.86266 	-0.146006 	-3.73777e-13 	
0.0295987 2.86356 	-0.144512 	-1.52457e-12 	
0.0298495 2.86445 	-0.143017 	-2.67536e-12 	
0.0301003 2.86533 	-0.141588 	-4.08203e-12 	
0.0303512 2.86619 	-0.14017 	-4.12175e-12 	
0.030602 2.86704 	-0.138762 	-3.00996e-12 	
0.0308528 2.86786 	-0.137411 	-3.65031e-12 	
0.0311037 2.86869 	-0.13606 	-4.29066e-12 	
0.0313545 2.86952 	-0.134709 	-4.93101e-12 	
0.0316054 2.87034 	-0.133363 	-5.72084e-12 	
0.0318562 2.87115 	-0.132083 	-8.30165e-12 	
0.032107 2.87194 	-0.130799 	-7.36769e-12 	
0.0323579 2.87271 	-0.129532 	-5.46983e-12 	
0.0326087 2.87347 	-0.128308 	-5.29457e-12 	
0.0328595 2.87424 	-0.127084 	-5.1193e-12 	
0.0331104 2.875 	-0.12586 	-4.94404e-12 	
0.0333612 2.87576 	-0.124637 	-4.76877e-12 	
0.033612 2.8765 	-0.123473 	-6.77815e-12 	
0.0338629 2.87723 	-0.122312 	-6.84082e-12 	
0.0341137 2.87794 	-0.121153 	-4.74643e-12 	
0.0343645 2.87864 	-0.120048 	-4.12703e-12 	
0.0346154 2.87933 	-0.118942 	-3.50762e-12 	
0.0348662 2.88003 	-0.117836 	-2.88821e-12 	
0.0351171 2.88072 	-0.11673 	-2.2688e-12 	
0.0353679 2.88141 	-0.115648 	-2.26837e-12 	
0.0356187 2.8821 	-0.114597 	-3.04326e-12 	
0.0358696 2.88275 	-0.113544 	-2.44533e-12 	
0.0361204 2.88339 	-0.112506 	-1.64401e-12 	
0.0363712 2.88402 	-0.111499 	-8.19226e-13 	
0.0366221 2.88466 	-0.110492 	5.56324e-15 	
0.0368729 2.88529 	-0.109485 	8.30352e-13 	
0.0371237 2.88593 	-0.108479 	1.65514e-12 	
0.0373746 2.88655 	-0.107496 	2.57732e-12 	
0.0376254 2.88717 	-0.106537 	3.59765e-12 	
0.0378763 2.88777 	-0.10559 	2.88221e-12 	
0.0381271 2.88835 	-0.104654 	2.00543e-12 	
0.0383779 2.88892 	-0.10375 	1.71258e-12 	
0.0386288 2.88949 	-0.102846 	1.41972e-12 	
0.0388796 2.89007 	-0.101942 	1.12687e-12 	
0.0391304 2.89064 	-0.101039 	8.34013e-13 	
0.0393813 2.89121 	-0.100139 	5.92232e-13 	
0.0396321 2.89177 	-0.0992772 	8.07001e-13 	
0.0398829 2.89232 	-0.0984118 	8.69465e-13 	
0.0401338 2.89285 	-0.0975395 	6.50722e-13 	
0.0403846 2.89337 	-0.0966903 	5.34984e-13 	
0.0406355 2.89389 	-0.0958543 	4.78755e-13 	
0.0408863 2.89441 	-0.0950183 	4.22527e-13 	
0.0411371 2.89492 	-0.0941824 	3.66298e-13 	
0.041388 2.89544 	-0.0933464 	3.1007e-13 	
0.0416388 2.89595 	-0.0925188 	2.89777e-13 	
0.0418896 2.89646 	-0.0917202 	3.92528e-13 	
0.0421405 2.89696 	-0.0909349 	4.17014e-13 	
0.0423913 2.89743 	-0.0901716 	3.12361e-13 	
0.0426421 2.89789 	-0.0894258 	4.32643e-13 	
0.042893 2.89835 	-0.0886936 	7.28042e-13 	
0.0431438 2.89881 	-0.0879615 	1.02344e-12 	
0.0433946 2.89927 	-0.0872294 	1.31884e-12 	
0.0436455 2.89974 	-0.0864973 	1.61424e-12 	
0.0438963 2.9002 	-0.0857651 	1.90964e-12 	
0.0441472 2.90065 	-0.0850603 	2.50228e-12 	
0.044398 2.90111 	-0.0843603 	3.14852e-12 	
0.0446488 2.90153 	-0.0836272 	2.62928e-12 	
0.0448997 2.90195 	-0.0828903 	1.97107e-12 	
0.0451505 2.90236 	-0.0821805 	1.39583e-12 	
0.0454013 2.90277 	-0.0814715 	8.22697e-13 	
0.0456522 2.90318 	-0.0807625 	2.49566e-13 	
0.045903 2.90359 	-0.0800534 	-3.23567e-13 	
0.0461538 2.904 	-0.0793444 	-8.96699e-13 	
0.0464047 2.90441 	-0.0786354 	-1.46983e-12 	
0.0466555 2.90481 	-0.0779534 	-1.94954e-12 	
0.0469064 2.90522 	-0.0772733 	-2.42281e-12 	
0.0471572 2.90559 	-0.0766626 	-2.06431e-12 	
0.047408 2.90596 	-0.0760623 	-1.58228e-12 	
0.0476589 2.90632 	-0.0754814 	-1.32842e-12 	
0.0479097 2.90668 	-0.0749042 	-1.1169e-12 	
0.0481605 2.90704 	-0.074327 	-9.05386e-13 	
0.0484114 2.9074 	-0.0737498 	-6.93868e-13 	
0.0486622 2.90776 	-0.0731725 	-4.8235e-13 	
0.048913 2.90812 	-0.0725953 	-2.70831e-13 	
0.0491639 2.90848 	-0.0720292 	-9.30062e-14 	
0.0494147 2.90884 	-0.071476 	4.53425e-14 	
0.0496656 2.90918 	-0.0708965 	1.05949e-13 	
0.0499164 2.9095 	-0.0702486 	-3.49625e-14 	
0.0501672 2.90982 	-0.0696037 	-1.96435e-13 	
0.0504181 2.91013 	-0.0689776 	-4.88551e-13 	
0.0506689 2.91044 	-0.0683515 	-7.80668e-13 	
0.0509197 2.91076 	-0.0677254 	-1.07278e-12 	
0.0511706 2.91107 	-0.0670993 	-1.3649e-12 	
0.0514214 2.91138 	-0.0664732 	-1.65702e-12 	
0.0516722 2.91169 	-0.0658471 	-1.94913e-12 	
0.0519231 2.91201 	-0.0652299 	-2.3035e-12 	
0.0521739 2.91231 	-0.0646265 	-2.75512e-12 	
0.0524247 2.91262 	-0.0640365 	-3.12996e-12 	
0.0526756 2.9129 	-0.0635918 	-2.66998e-12 	
0.0529264 2.91317 	-0.0631471 	-2.21e-12 	
0.0531773 2.91345 	-0.062716 	-2.03993e-12 	
0.0534281 2.91372 	-0.0622879 	-1.93346e-12 	
0.0536789 2.91399 	-0.0618598 	-1.82699e-12 	
0.0539298 2.91426 	-0.0614317 	-1.72052e-12 	
0.0541806 2.91454 	-0.0610036 	-1.61405e-12 	
0.0544314 2.91481 	-0.0605755 	-1.50758e-12 	
0.0546823 2.91508 	-0.0601474 	-1.40111e-12 	
0.0549331 2.91535 	-0.0597313 	-1.72359e-12 	
0.0551839 2.91562 	-0.0593206 	-2.2378e-12 	
0.0554348 2.91588 	-0.0588611 	-2.48841e-12 	
0.0556856 2.91611 	-0.0582584 	-1.96467e-12 	
0.0559365 2.91634 	-0.0576557 	-1.44093e-12 	
0.0561873 2.91656 	-0.0570678 	-1.46324e-12 	
0.0564381 2.91679 	-0.0564823 	-1.57357e-12 	
0.056689 2.91701 	-0.0558969 	-1.68391e-12 	
0.0569398 2.91724 	-0.0553114 	-1.79424e-12 	
0.0571906 2.91746 	-0.0547259 	-1.90457e-12 	
0.0574415 2.91769 	-0.0541405 	-2.0149e-12 	
0.0576923 2.91791 	-0.053555 	-2.12524e-12 	
0.0579431 2.91813 	-0.0529755 	-2.38398e-12 	
0.058194 2.91836 	-0.0524083 	-2.94801e-12 	
0.0584448 2.91858 	-0.0518411 	-3.51204e-12 	
0.0586957 2.91878 	-0.0514814 	-3.22048e-12 	
0.0589465 2.91898 	-0.0511902 	-2.646e-12 	
0.0591973 2.91917 	-0.0509016 	-2.21023e-12 	
0.0594482 2.91936 	-0.0506216 	-2.25851e-12 	
0.059699 2.91955 	-0.0503416 	-2.30679e-12 	
0.0599498 2.91974 	-0.0500616 	-2.35508e-12 	
0.0602007 2.91994 	-0.0497817 	-2.40336e-12 	
0.0604515 2.92013 	-0.0495017 	-2.45164e-12 	
0.0607023 2.92032 	-0.0492217 	-2.49992e-12 	
0.0609532 2.92051 	-0.0489417 	-2.5482e-12 	
0.061204 2.9207 	-0.0486648 	-2.74582e-12 	
0.0614548 2.92089 	-0.0483966 	-3.36719e-12 	
0.0617057 2.92108 	-0.0481283 	-3.98856e-12 	
0.0619565 2.92125 	-0.0476845 	-3.93437e-12 	
0.0622074 2.9214 	-0.0470903 	-3.30148e-12 	
0.0624582 2.92155 	-0.0464961 	-2.66859e-12 	
0.062709 2.9217 	-0.045914 	-2.21526e-12 	
0.0629599 2.92184 	-0.0453338 	-1.78966e-12 	
0.0632107 2.92199 	-0.0447535 	-1.36407e-12 	
0.0634615 2.92214 	-0.0441733 	-9.38476e-13 	
0.0637124 2.92229 	-0.043593 	-5.12883e-13 	
0.0639632 2.92243 	-0.0430128 	-8.72887e-14 	
0.064214 2.92258 	-0.0424326 	3.38305e-13 	
0.0644649 2.92273 	-0.0418523 	7.63899e-13 	
0.0647157 2.92288 	-0.041279 	1.13611e-12 	
0.0649666 2.92302 	-0.040714 	1.44348e-12 	
0.0652174 2.92317 	-0.040149 	1.75085e-12 	
0.0654682 2.92329 	-0.0398272 	1.7015e-12 	
0.0657191 2.9234 	-0.0396854 	1.38843e-12 	
0.0659699 2.92351 	-0.0395435 	1.07536e-12 	
0.0662207 2.92362 	-0.0394067 	6.63893e-13 	
0.0664716 2.92373 	-0.0392717 	2.19741e-13 	
0.0667224 2.92384 	-0.0391366 	-2.2441e-13 	
0.0669732 2.92395 	-0.0390015 	-6.68561e-13 	
0.0672241 2.92405 	-0.0388665 	-1.11271e-12 	
0.0674749 2.92416 	-0.0387314 	-1.55686e-12 	
0.0677258 2.92427 	-0.0385963 	-2.00102e-12 	
0.0679766 2.92438 	-0.0384613 	-2.44517e-12 	
0.0682274 2.92448 	-0.0383262 	-2.88932e-12 	
0.0684783 2.92459 	-0.0381972 	-3.49975e-12 	
0.0687291 2.9247 	-0.0380691 	-4.13772e-12 	
0.0689799 2.92481 	-0.037941 	-4.77568e-12 	
0.0692308 2.9249 	-0.0374178 	-4.36047e-12 	
0.0694816 2.92499 	-0.0368065 	-3.71068e-12 	
0.0697324 2.92508 	-0.0361952 	-3.06088e-12 	
0.0699833 2.92517 	-0.0355936 	-2.54937e-12 	
0.0702341 2.92526 	-0.0349938 	-2.06556e-12 	
0.0704849 2.92535 	-0.0343941 	-1.58175e-12 	
0.0707358 2.92544 	-0.0337944 	-1.09794e-12 	
0.0709866 2.92553 	-0.0331946 	-6.14128e-13 	
0.0712375 2.92562 	-0.0325949 	-1.30319e-13 	
0.0714883 2.92571 	-0.0319952 	3.53491e-13 	
0.0717391 2.92579 	-0.0313955 	8.373e-13 	
0.07199 2.92588 	-0.0307957 	1.32111e-12 	
0.0722408 2.92597 	-0.0302017 	1.7367e-12 	
0.0724916 2.92606 	-0.0296152 	2.06371e-12 	
0.0727425 2.92615 	-0.0290287 	2.39072e-12 	
0.0729933 2.92622 	-0.0285715 	2.57111e-12 	
0.0732441 2.92622 	-0.0285668 	2.23829e-12 	
0.073495 2.92622 	-0.0285621 	1.90547e-12 	
0.0737458 2.92622 	-0.0285577 	1.59523e-12 	
0.0739967 2.92622 	-0.0285577 	1.59523e-12 	
0.0742475 2.92622 	-0.0285577 	1.59523e-12 	
0.0744983 2.92622 	-0.0285577 	1.59523e-12 	
0.0747492 2.92622 	-0.0285577 	1.59523e-12 	
