#        Time  nozzle coflow outlet
      2.5e-06 -3.38772e-05 -0.000852618   0.00098511
        5e-06 -3.38772e-05 -0.000852618  0.000987011
      7.5e-06 -3.38772e-05 -0.000852618  0.000988367
        1e-05 -3.38772e-05 -0.000852618  0.000989378
     1.25e-05 -3.38772e-05 -0.000852618  0.000990173
      1.5e-05 -3.38772e-05 -0.000852618  0.000990821
     1.75e-05 -3.38772e-05 -0.000852618  0.000991361
        2e-05 -3.38772e-05 -0.000852618  0.000991822
     2.25e-05 -3.38772e-05 -0.000852618   0.00099222
      2.5e-05 -3.38772e-05 -0.000852618  0.000992569
     2.75e-05 -3.38772e-05 -0.000852618  0.000992877
        3e-05 -3.38772e-05 -0.000852618  0.000993152
     3.25e-05 -3.38772e-05 -0.000852618    0.0009934
      3.5e-05 -3.38772e-05 -0.000852618  0.000993624
     3.75e-05 -3.38772e-05 -0.000852618  0.000993828
        4e-05 -3.38772e-05 -0.000852618  0.000994015
     4.25e-05 -3.38772e-05 -0.000852618  0.000994187
      4.5e-05 -3.38772e-05 -0.000852618  0.000994346
     4.75e-05 -3.38772e-05 -0.000852618  0.000994493
        5e-05 -3.38772e-05 -0.000852618   0.00099463
     5.25e-05 -3.38772e-05 -0.000852618  0.000994758
      5.5e-05 -3.38772e-05 -0.000852618  0.000994878
     5.75e-05 -3.38772e-05 -0.000852618   0.00099499
        6e-05 -3.38772e-05 -0.000852618  0.000995095
     6.25e-05 -3.38772e-05 -0.000852618  0.000995195
      6.5e-05 -3.38772e-05 -0.000852618  0.000995289
     6.75e-05 -3.38772e-05 -0.000852618  0.000995378
        7e-05 -3.38772e-05 -0.000852618  0.000995462
     7.25e-05 -3.38772e-05 -0.000852618  0.000995542
      7.5e-05 -3.38772e-05 -0.000852618  0.000995618
     7.75e-05 -3.38772e-05 -0.000852618  0.000995691
        8e-05 -3.38772e-05 -0.000852618   0.00099576
     8.25e-05 -3.38772e-05 -0.000852618  0.000995826
      8.5e-05 -3.38772e-05 -0.000852618  0.000995889
     8.75e-05 -3.38772e-05 -0.000852618  0.000995949
        9e-05 -3.38772e-05 -0.000852618  0.000996008
     9.25e-05 -3.38772e-05 -0.000852618  0.000996063
      9.5e-05 -3.38772e-05 -0.000852618  0.000996117
     9.75e-05 -3.38772e-05 -0.000852618  0.000996168
