,t (h),pwf1 (bar),pwf2 (bar),pavg (bar),q (m3/d)
0,0.0,400.0,400.0,399.99999999999835,0.0
1,0.5,390.250318473663,390.711708586979,399.73655369320767,-274.9709788562635
2,1.0,389.4118527286366,389.8676363061802,399.4731073962553,-274.9709685875345
3,1.5,388.81193527648685,389.3512033110095,399.2096610970682,-274.9709709200216
4,2.0,388.28825601969515,388.91798018718765,398.94621479770007,-274.9709711089909
5,2.5,387.8044896317984,388.5224727055388,398.68276849826685,-274.97097117687986
6,3.0,387.346082621611,388.14861275769135,398.4193221988264,-274.97097118442304
7,3.5,386.90569197223067,387.7886323015689,398.1558758993881,-274.97097118224565
8,4.0,386.4790858417465,387.4381326007297,397.89242959996125,-274.97097117026976
9,4.5,386.06359097387394,387.09439861894504,397.6289833005392,-274.97097116529284
10,5.0,385.65739485571726,386.755662634159,397.3655370011781,-274.97097110160314
11,5.5,385.25919552856556,386.4207299157929,397.102090701788,-274.9709711319316
12,6.0,384.8680118722783,386.0887694535343,396.8386444024261,-274.97097110245863
13,6.5,384.4830746957037,385.7591893223551,396.57519810311646,-274.9709710479453
14,7.0,384.10376116569506,385.4315590458622,396.3117518038254,-274.97097102850404
15,7.5,383.72955364799515,385.10555957471996,396.0483055044878,-274.97097107710727
16,8.0,383.3600128860573,384.7809502088905,395.784859205212,-274.9709710126399
17,8.5,382.9947598749197,384.45754622200883,395.5214129059729,-274.9709709743018
18,9.0,382.6334632237532,384.1352034753153,395.2579666067366,-274.9709709713467
19,9.5,382.2758300740909,383.81380767773123,394.994520307538,-274.9709709320752
20,10.0,381.9215993679936,383.49326676456155,394.73107400831805,-274.9709709543161
21,10.5,381.5705367473502,383.1735054469462,394.46762770916126,-274.9709708883712
22,11.0,381.22243059953024,382.854461273612,394.2041814099855,-274.97097090820137
23,11.5,380.8770889008082,382.53608171839426,393.94073511082865,-274.970970888449
24,12.0,380.5343366991245,382.218322069899,393.6772888117127,-274.97097084575597
25,12.5,380.19401402609753,381.90114382507227,393.4138425125835,-274.97097085959814
26,13.0,379.85597416987434,381.5845134935206,393.1503962134453,-274.9709708690077
27,13.5,379.5200822159234,381.2684016798387,392.8869499144015,-274.9709707704793
28,14.0,379.1862138155133,380.9527823940847,392.6235036153339,-274.9709707952864
29,14.5,378.85425410317043,380.63763248045393,392.3600573162581,-274.9709708038406
30,15.0,378.5240967898761,380.32293121160177,392.0966110171658,-274.9709708211044
31,15.5,378.195643348745,380.0086599327367,391.83316471814686,-274.9709707445058
32,16.0,377.8688023083671,379.69480178812614,391.5697184191033,-274.97097077016826
33,16.5,377.5434886272314,379.3813414950064,391.3062721200768,-274.97097075243784
34,17.0,377.2196231371149,379.0682651545331,391.04282582110716,-274.9709706930252
35,17.5,376.8971320541746,378.75556010477305,390.7793795221581,-274.97097067163986
36,18.0,376.5759465271689,378.44321477606894,390.51593322317615,-274.9709707058565
37,18.5,376.25600223911835,378.1312185772989,390.25248692416295,-274.97097073851785
38,19.0,375.93723905744054,377.8195618100463,389.98904062515663,-274.9709707313634
39,19.5,375.61960070254514,377.5082355721059,389.72559432624513,-274.9709706323684
40,20.0,375.30303445480257,377.1972316840426,389.4621480272433,-274.97097072661984
41,20.5,374.9874908881076,376.8865426231738,389.1987017282969,-274.9709706688403
42,21.0,374.6729236261679,376.57616146266645,388.93525542933804,-274.9709706817493
43,21.5,374.3592891206245,376.2660818177387,388.67180913044365,-274.97097061456026
44,22.0,374.04654644702754,375.9562977951382,388.4083628315618,-274.9709706014179
45,22.5,373.7346571268308,375.6468039612944,388.14491653266316,-274.9709706189151
46,23.0,373.42358494039433,375.33759527729967,387.8814702337394,-274.9709706451997
47,23.5,373.11329578767993,375.02866708875683,387.6180239348533,-274.9709706058506
48,24.0,372.8037575343102,374.7200150760212,387.3545776359942,-274.9709705776996
49,24.5,372.4949398887657,374.4116352403323,387.09113133712725,-274.9709705858649
50,25.0,372.18681426326015,374.1035238504535,386.8276850382752,-274.97097057031186
51,25.5,371.8793536780077,373.79567744362146,386.5642387393788,-274.9709706165821
52,26.0,371.5725326486338,373.4880927886848,386.30079244050444,-274.97097059364137
53,26.5,371.2663270894392,373.1807668653468,386.0373461417201,-274.9709704996234
54,27.0,370.960714230842,372.87369685525977,385.7738998429258,-274.97097051004397
55,27.5,370.6556725263627,372.566880109083,385.5104535441777,-274.9709704618295
56,28.0,370.3511815832407,372.2603141429232,385.24700724531135,-274.9709705852428
57,28.5,370.0472220840684,371.953996611274,384.98356094649097,-274.9709705372617
58,29.0,369.7437757297842,371.64792530776384,384.7201146476613,-274.9709705469823
59,29.5,369.440825171449,371.34209814279467,384.4566683488197,-274.97097055942476
60,30.0,369.1383539523838,371.03651313227317,384.19322205009894,-274.9709704332898
61,30.5,368.83634646173044,370.7311683978128,383.9297757513553,-274.9709704571637
62,31.0,368.5347878753627,370.42606214432107,383.66632945255384,-274.9709705175094
63,31.5,368.2336641074974,370.12119264890566,383.40288315379655,-274.97097047139465
64,32.0,367.93296178354353,369.8165582761039,383.1394368550965,-274.97097041167103
65,32.5,367.6326681832576,369.5121574469305,382.8759905562964,-274.9709705161096
66,33.0,367.3327712031329,369.2079886337962,382.61254425757966,-274.97097042909047
67,33.5,367.0332593350531,368.904050375259,382.3490979588868,-274.9709704042056
68,34.0,366.7341216184045,368.6003412479664,382.0856516601366,-274.970970464007
69,34.5,366.4353476162336,368.2968598748732,381.8222053613711,-274.9709704799488
70,35.0,366.13692737914135,367.9936049093289,381.5587590625922,-274.97097049402424
71,35.5,365.8388514279402,367.69057504572595,381.29531276382147,-274.9709704853924
72,36.0,365.5411107196306,367.3877690029048,381.0318664651151,-274.97097041828107
73,36.5,365.2436966327912,367.0851855363267,380.7684201663214,-274.97097050942176
74,37.0,364.9466009268199,366.78282340769306,380.50497386763385,-274.97097039860654
75,37.5,364.64981574401924,366.480681417571,380.24152756895177,-274.97097039292964
76,38.0,364.3533335713937,366.17875837467454,379.9780812702975,-274.97097036392324
77,38.5,364.05714723141017,365.8770531096322,379.7146349715213,-274.97097049106924
78,39.0,363.76124985486416,365.5755644576493,379.45118867283406,-274.9709703983732
79,39.5,363.4656348808371,365.27429128158957,379.18774237416767,-274.9709703765212
80,40.0,363.17029602419564,364.9732324451613,378.92429607553316,-274.9709703432377
81,40.5,362.875227269067,364.67238682509407,378.66084977683977,-274.97097040474995
82,41.0,362.5804228533466,364.3717533066874,378.3974034781771,-274.97097037263296
83,41.5,362.28587725599664,364.07133078314365,378.13395717953057,-274.9709703558357
84,42.0,361.99158518401043,363.77111815411297,377.8705108808729,-274.97097036742264
85,42.5,361.6975415612256,363.4711143252855,377.6070645822169,-274.9709703657119
86,43.0,361.4037415173062,363.1713182075975,377.3436182835389,-274.9709703886526
87,43.5,361.11018037721715,362.8717287165413,377.0801719848976,-274.9709703503143
88,44.0,360.81685365139134,362.5723447715407,376.8167256862374,-274.9709703700667
89,44.5,360.52375702702875,362.2731652960331,376.5532793875928,-274.9709703538138
90,45.0,360.23088635820466,361.9741892161329,376.2898330889466,-274.97097035552457
91,45.5,359.9382376587841,361.6754154612447,376.02638679031975,-274.97097033522795
92,46.0,359.64580709393846,361.3768429632198,375.76294049166734,-274.9709703619791
93,46.5,359.35359097298686,361.07847065636315,375.4994941930355,-274.97097034043816
94,47.0,359.06158574236116,360.7802974772108,375.2360478943618,-274.97097038422
95,47.5,358.76978797894895,360.4823223643701,374.97260159571124,-274.9709703599573
96,48.0,358.47819438396397,360.1845442585213,374.7091552970637,-274.9709703568466
97,48.5,358.1868017767434,359.8869621021457,374.4457089984317,-274.97097034067144
98,49.0,357.89560708944776,359.5895748397258,374.18226269979266,-274.9709703479814
99,49.5,357.6046073615528,359.2923814175683,373.91881640115855,-274.9709703428489
100,50.0,357.31379973487054,358.99538078387445,373.65537010251103,-274.9709703568466
101,50.5,357.02318144877205,358.6985718887546,373.39192380388056,-274.97097033903833
102,51.0,356.7327498355422,358.401953684204,373.12847750525407,-274.9709703349169
103,51.5,356.4425023161897,358.10552512421117,372.8650312065895,-274.9709703746549
104,52.0,356.1524363968373,357.8092851651394,372.6015849079758,-274.97097032154124
105,52.5,355.8625496635351,357.51323276494173,372.33813860932355,-274.9709703617458
106,53.0,355.57283978,357.21736688424295,372.07469231069217,-274.9709703400494
107,53.5,355.2833044832845,356.9216864856256,371.8112460120515,-274.9709703496145
108,54.0,354.9939415809095,356.62619053432974,371.5477997134121,-274.970970348448
109,54.5,354.70474894797326,356.3308779982649,371.2843534147604,-274.9709703612014
110,55.0,354.4157245228222,356.03574784738174,371.0209071161376,-274.9709703310286
111,55.5,354.1268663057401,355.7407990547583,370.7574608175037,-274.9709703426156
112,56.0,353.83817235567017,355.4460305962921,370.4940145188522,-274.9709703609682
113,56.5,353.54964078745104,355.15144145063846,370.23056822022164,-274.9709703391939
114,57.0,353.26126976964764,354.8570305995648,369.9671219215986,-274.97097033126187
115,57.5,352.9730575221661,354.5627970279813,369.70367562296485,-274.9709703424601
116,58.0,352.6850023139388,354.26873972393736,369.4402293243235,-274.9709703503922
117,58.5,352.3971024611964,353.97485767905357,369.17678302569135,-274.970970340827
118,59.0,352.10935632488014,353.68114988813676,368.9133367270327,-274.97097036851136
119,59.5,351.8217623092555,353.3876153496993,368.6498904283838,-274.9709703582464
120,60.0,351.53431885986345,353.09425306584666,368.38644412973605,-274.9709703570799
121,60.5,351.24702446184114,352.8010620423992,368.12299783109813,-274.9709703468149
122,61.0,350.959877638322,352.50804128903025,367.85955153246164,-274.97097034533743
123,61.5,350.672876948836,352.215189819304,367.59610523385436,-274.9709703148535
124,62.0,350.3860209878368,351.9225066507909,367.3326589351953,-274.97097036890017
125,62.5,350.0993083832665,351.6299908051259,367.0692126365548,-274.9709703494589
126,63.0,349.8127377952591,351.3376413081208,366.80576633791344,-274.9709703504699
127,63.5,349.5263079147476,351.0454571897807,366.5423200392659,-274.9709703568466
128,64.0,349.24001746221614,350.7534374843338,366.2788737406292,-274.97097034557066
129,64.5,348.9538651870765,350.4615812306817,366.0154274419884,-274.9709703498478
130,65.0,348.6678498654311,350.1698874717177,365.7519811433158,-274.9709703829757
131,65.5,348.3819703000478,349.8783552551093,365.48853484468816,-274.9709703360833
132,66.0,348.0962253188789,349.5869836329671,365.22508854603456,-274.97097036322333
133,66.5,347.81061377427056,349.2957716620592,364.9616422473845,-274.97097035949065
134,67.0,347.52513454177404,349.0047184036926,364.69819594873815,-274.9709703556024
135,67.5,347.2397865195299,348.7138229239399,364.4347496500976,-274.97097034953674
136,68.0,346.9545686273032,348.4230842935742,364.17130335143395,-274.9709703737217
137,68.5,346.669479805706,348.13250158815293,363.90785705278637,-274.9709703569244
138,69.0,346.38451901542425,347.84207388803816,363.6444107541161,-274.97097038056495
139,69.5,346.0996852364818,347.5518002784602,363.38096445547006,-274.9709703552913
140,70.0,345.81497746738495,347.26167984933033,363.1175181568146,-274.9709703651675
141,70.5,345.53039472489013,346.9717116957759,362.8540718581702,-274.9709703535805
142,71.0,345.245936042873,346.6818949176075,362.59062555952056,-274.9709703590241
143,71.5,344.96160047194644,346.39222861963907,362.327179260883,-274.97097034650386
144,72.0,344.6773870788713,346.10271191166305,362.06373296219783,-274.97097039611805
145,72.5,344.3932949459506,345.81334390843233,361.80028666355656,-274.9709703503143
146,73.0,344.10932317051225,345.52412372968956,361.53684036488653,-274.9709703803317
147,73.5,343.8254708644124,345.23505050019554,361.27339406620786,-274.97097038935243
148,74.0,343.5417371535121,344.94612334970526,361.0099477675802,-274.9709703361611
149,74.5,343.2581211772083,344.6573414129852,360.74650146888445,-274.9709704071607
150,75.0,342.97462208813585,344.3687038299448,360.4830551702576,-274.97097033522795
151,75.5,342.6912390497785,344.0802097449575,360.21960887154796,-274.9709704217027
152,76.0,342.40797124435926,343.7918583086422,359.9561625728986,-274.97097035871303
153,76.5,342.1248178565549,343.50364867505783,359.69271627421625,-274.9709703932407
154,77.0,341.84177808859886,343.215580004833,359.4292699755347,-274.97097039238525
155,77.5,341.5588511524837,342.9276514627429,359.1658236768702,-274.9709703744993
156,78.0,341.27603627091395,342.63986221866855,358.9023773781907,-274.97097039028563
157,78.5,340.9933326770359,342.3522114475286,358.6389310795211,-274.9709703798651
158,79.0,340.71073961258105,342.0646983293032,358.3754847808216,-274.9709704111267
159,79.5,340.42825633579315,341.777322048792,358.1120384821504,-274.9709703814982
160,80.0,340.1458821042264,341.49008179584564,357.8485921834521,-274.97097040988245
161,80.5,339.86361619124165,341.20297676584073,357.5851458847835,-274.9709703788542
162,81.0,339.58145787790204,340.9160061584965,357.32169958610297,-274.97097039129665
163,81.5,339.29940645382817,340.62916917849617,357.05825328743117,-274.97097038219806
164,82.0,339.01746121720475,340.34246503555363,356.7948069887568,-274.97097038484213
165,82.5,338.73562147434643,340.05589294424726,356.5313606900671,-274.9709704008617
166,83.0,338.4538865396057,339.76945212406173,356.2679143913695,-274.97097040910484
167,83.5,338.17225573517925,339.483141799359,356.00446809270034,-274.9709703794763
168,84.0,337.89072839083286,339.19696119937925,355.7410217940176,-274.9709703935518
169,84.5,337.609303843625,338.9109095580864,355.47757549530735,-274.9709704223248
170,85.0,337.3279814380911,338.62498611445153,355.21412919661003,-274.97097040887155
171,85.5,337.04676052542084,338.3391901120097,354.9506828979323,-274.9709703883416
172,86.0,336.7656404638004,338.05352079917935,354.6872365992396,-274.97097040397233
173,86.5,336.48462061807874,337.7679774291052,354.4237903005575,-274.97097039292964
174,87.0,336.20370035956967,337.4825592596236,354.1603440018473,-274.9709704223248
175,87.5,335.9228790643444,337.1972655531627,353.89689770310883,-274.97097045172
176,88.0,335.64215612110013,336.9120955770854,353.63345140444346,-274.9709703755102
177,88.5,335.3615309149501,336.6270486029205,353.37000510572483,-274.9709704310345
178,89.0,335.0810028429543,336.34212390761815,353.1065588070293,-274.9709704070051
179,89.5,334.80057130678045,336.05732077213685,352.8431125083201,-274.9709704212362
180,90.0,334.5202357137223,335.77263848207707,352.5796662096369,-274.97097039401837
181,90.5,334.2399954762782,335.48807632747634,352.3162199109202,-274.97097042909047
182,91.0,333.9598500125448,335.20363360305015,352.05277361220874,-274.97097042356916
183,91.5,333.67979874580544,334.91930960792735,351.78932731351125,-274.970970409027
184,92.0,333.3998411045214,334.6351036457281,351.52588101477676,-274.9709704475986
185,92.5,333.11997652216985,334.3510150244692,351.26243471608484,-274.9709704031946
186,93.0,332.8402044372094,334.0670430566159,350.9989884173554,-274.9709704423105
187,93.5,332.56052429289764,333.78318705896834,350.73554211865826,-274.97097040863815
188,94.0,332.2809355372524,333.49944635269424,350.47209581995486,-274.9709704151705
189,94.5,332.0014376229267,333.2158202632603,350.208649521227,-274.97097044067743
190,95.0,331.7220300071628,332.932308120449,349.9452032224956,-274.97097044441017
191,95.5,331.4427121516713,332.64890925830105,349.6817569237905,-274.9709704169591
192,96.0,331.1634835225087,332.36562301506086,349.4183106250678,-274.97097043531164
193,96.5,330.88434359007977,332.08244873321263,349.1548643263318,-274.9709704492316
194,97.0,330.6052918289909,331.79938575939025,348.8914180276268,-274.97097041680354
195,97.5,330.32632771809386,331.51643344443715,348.62797172892033,-274.9709704183588
196,98.0,330.0474507401726,331.2335911432275,348.36452543014263,-274.9709704927023
197,98.5,329.7686603820974,330.9508582147436,348.10107913143554,-274.9709704190587
198,99.0,329.48995613476677,330.66823402214726,347.83763283268513,-274.9709704642403
199,99.5,329.211337492793,330.3857179324728,347.57418653396866,-274.97097042877937
200,100.0,328.9328039547282,330.1033093168804,347.31074023523956,-274.9709704419995
201,100.5,328.6543550228364,329.82100755046247,347.04729393649114,-274.9709704621406
202,101.0,328.37599020305595,329.5388120122597,346.7838476377602,-274.9709704439436
203,101.5,328.0977090049818,329.25672208525435,346.5204013390243,-274.97097044907605
204,102.0,327.8195109417763,328.9747371563061,346.25695504029164,-274.9709704457321
205,102.5,327.5413955301246,328.69285661614975,345.9935087415576,-274.970970447132
206,103.0,327.263362290291,328.4110798594021,345.73006244281976,-274.970970451098
207,103.5,326.9854107458861,328.12940628446637,345.4666161440707,-274.97097046284046
208,104.0,326.7075404237408,327.8478352934678,345.203169845322,-274.97097046245165
209,104.5,326.4297508542049,327.5663662923903,344.93972354657365,-274.97097046206284
210,105.0,326.15204157092586,327.2849986909607,344.6762772478301,-274.9709704570859
211,105.5,325.87441211054426,327.0037319023877,344.4128309490948,-274.970970448454
212,106.0,325.5968620132808,326.72256534391744,344.1493846503371,-274.9709704718613
213,106.5,325.31939082217684,326.4414984361399,343.885938351579,-274.9709704722501
214,107.0,325.04199808354076,326.1605306034347,343.6224920528226,-274.97097047046145
215,107.5,324.7646833466447,325.8796612736922,343.35904575408154,-274.97097045451966
216,108.0,324.4874461640295,325.5988898785077,343.0955994553249,-274.97097047077256
217,108.5,324.21028609089257,325.31821585284314,342.83215315656213,-274.97097047707155
218,109.0,323.93320268560035,325.0376386353196,342.56870685779444,-274.97097048228176
219,109.5,323.6561955094181,324.75715766802324,342.3052605590349,-274.9709704738054
220,110.0,323.37926412642656,324.47677239644355,342.04181426026634,-274.97097048313725
221,110.5,323.10240810366065,324.1964822696147,341.7783679615162,-274.9709704639292
222,111.0,322.82562701090404,323.9162867399199,341.51492166272243,-274.9709705094996
223,111.5,322.548920420792,323.63618526318794,341.25147536398606,-274.97097044962044
224,112.0,322.2722879086335,323.35617729856267,340.9880290652098,-274.9709704912248
225,112.5,321.9957290525208,323.076262308579,340.72458276643636,-274.9709704882697
226,113.0,321.71924343171094,322.79643975901865,340.4611364676503,-274.97097050141195
227,113.5,321.44283063426224,322.5167091190083,340.1976901688748,-274.97097049044714
228,114.0,321.166490241794,322.23706986079424,339.9342438700766,-274.9709705140877
229,114.5,320.8902218442942,321.9575214605287,339.6707975713228,-274.97097046781744
230,115.0,320.61402503312854,321.6780633969498,339.407351272557,-274.9709704802599
231,115.5,320.3378994021938,321.3986951520998,339.1439049737559,-274.9709705171205
232,116.0,320.06184454789434,321.11941621122173,338.88045867496714,-274.9709705042893
233,116.5,319.7858600691359,320.8402260627311,338.6170123762118,-274.9709704693728
234,117.0,319.50994556730063,320.56112419817816,338.35356607742006,-274.9709705073999
235,117.5,319.23410064630934,320.282110112274,338.0901197786119,-274.9709705245082
236,118.0,318.958324912383,320.00318330273336,337.82667347983585,-274.9709704909915
237,118.5,318.68261797425816,319.7243432703977,337.5632271810627,-274.9709704879586
238,119.0,318.4069794431703,319.4455895192207,337.2997808822654,-274.97097051315455
239,119.5,318.1314089324463,319.16692155601544,337.03633458347144,-274.97097050973287
240,120.0,317.85590605798916,318.8883388906994,336.7728882846946,-274.97097049176915
241,120.5,317.58047043656273,318.60984103607007,336.5094419858906,-274.9709705202311
242,121.0,317.3051016929412,318.33142750815034,336.2459956870901,-274.9709705164984
243,121.5,317.02979944571706,318.0530978253366,335.9825493882744,-274.9709705323625
244,122.0,316.75456332113794,317.77485150987025,335.7191030894795,-274.97097051066606
245,122.5,316.4793929465782,317.4966880861935,335.4556567906838,-274.97097051148256
246,123.0,316.2042879516361,317.21860708174216,335.1922104918853,-274.97097051447656
247,123.5,315.9292479680194,316.94060802677626,334.9287641930953,-274.97097050557244
248,124.0,315.6542726297448,316.6626904544826,334.66531789428336,-274.9709705284353
249,124.5,315.3793615729216,316.3848539008149,334.40187159547247,-274.9709705273467
250,125.0,315.10451443582406,316.1070979045305,334.1384252966857,-274.97097050218963
251,125.5,314.82973085888045,315.8294220071739,333.87497899787644,-274.9709705256747
252,126.0,314.5550104847388,315.55182575309084,333.6115326990602,-274.97097053290685
253,126.5,314.2803529579844,315.27430868925927,333.3480864002555,-274.970970520931
254,127.0,314.0057579254402,314.99687036547476,333.084640101426,-274.9709705467879
255,127.5,313.73122503595124,314.71951033418196,332.82119380262105,-274.97097052116436
256,128.0,313.45675394042865,314.4422281505147,332.55774750381175,-274.9709705256747
257,128.5,313.1823442918292,314.1650233722635,332.29430120501627,-274.97097051128816
258,129.0,312.9079957451851,313.8878955598855,332.0308549061713,-274.9709705628854
259,129.5,312.6337079574779,313.61084427642453,331.7674086073675,-274.97097052003676
260,130.0,312.35948058774727,313.3338690875691,331.5039623085418,-274.970970542783
261,130.5,312.0853132969767,313.0569695615587,331.2405160097447,-274.97097051299903
262,131.0,311.81120574816345,312.7801452692381,330.97706971090133,-274.9709705612522
263,131.5,311.5371576062653,312.5033957839981,330.7136234120698,-274.9709705488487
264,132.0,311.2631685381456,312.226720681747,330.4501771132604,-274.9709705258303
265,132.5,310.98923821262514,311.9501195409357,330.1867308144438,-274.97097053329566
266,133.0,310.715366300405,311.6735919424688,329.92328451559825,-274.97097056354636
267,133.5,310.44155247032927,311.3971374728497,329.6598382167427,-274.9709705740057
268,134.0,310.1677964083117,311.1207557084142,329.3963919179231,-274.9709705364451
269,134.5,309.89409777992694,310.8444462465346,329.13294561908504,-274.970970555692
270,135.0,309.6204562663537,310.5682086761188,328.869499320261,-274.9709705410722
271,135.5,309.34687154804243,310.29204258996106,328.6060530214187,-274.97097056016355
272,136.0,309.0733433070217,310.0159475834892,328.34260672258654,-274.9709705495875
273,136.5,308.79987122708906,309.73992325461035,328.07916042375024,-274.9709705538646
274,137.0,308.52645499386506,309.4639692036517,327.81571412491627,-274.97097055145383
275,137.5,308.25309429477187,309.1880850333078,327.55226782607394,-274.97097056016355
276,138.0,307.9797888190166,308.9122703486136,327.28882152724475,-274.97097054647685
277,138.5,307.70653825758325,308.63652475692686,327.0253752284008,-274.97097056187437
278,139.0,307.4333423032557,308.36084786793197,326.76192892956504,-274.9709705533202
279,139.5,307.1602006504954,308.0852392935599,326.4984826307013,-274.970970582521
280,140.0,306.88711299564176,307.80969864808856,326.2350363318475,-274.9709705721393
281,140.5,306.6140790366448,307.5342255479913,325.97159003301164,-274.970970553398
282,141.0,306.34109847318655,307.2588196120023,325.70814373415055,-274.9709705797992
283,141.5,306.06817100676625,306.983480461138,325.4446974353116,-274.9709705566641
284,142.0,305.7952963404778,306.70820771856154,325.181251136454,-274.9709705760665
285,142.5,305.52247417912645,306.43300100966843,324.91780483761096,-274.9709705609023
286,143.0,305.249704227715,306.1578599621099,324.6543585387243,-274.9709706064727
287,143.5,304.97698619900837,305.8827842053129,324.390912239873,-274.9709705695731
288,144.0,304.7043197983277,305.6077733712809,324.1274659410194,-274.9709705719061
289,144.5,304.4317047384791,305.3328270945309,323.86401964214895,-274.97097058951994
290,145.0,304.1591407326217,305.0579450110755,323.6005733433123,-274.97097055425337
291,145.5,303.8866274955673,304.78312675918437,323.33712704444537,-274.970970585826
292,146.0,303.61416474364887,304.50837197922607,323.07368074559497,-274.970970568601
293,146.5,303.34175219482677,304.23368031369375,322.8102344467283,-274.9709705855539
294,147.0,303.06938956868964,303.9590514071758,322.54678814785933,-274.97097058800347
295,147.5,302.7970765863649,303.6844849063003,322.2833418490145,-274.97097056280757
296,148.0,302.5248129706146,303.4099804597785,322.01989555014364,-274.9709705899475
297,148.5,302.2525984440529,303.1355377185164,321.75644925125846,-274.9709706048785
298,149.0,301.9804327375432,302.8611563345445,321.4930029523843,-274.9709705934082
299,149.5,301.70831557360805,302.58683596309555,321.22955665352976,-274.97097057291705
300,150.0,301.43624668264226,302.3125762613207,320.966110354653,-274.97097059616874
301,150.5,301.1642257951688,302.0383768877664,320.70266405576626,-274.9709706064727
302,151.0,300.89225264325626,301.7642375031149,320.4392177568964,-274.9709705888977
303,151.5,300.6203269603846,301.4901577699954,320.17577145803205,-274.97097058322095
304,152.0,300.3484484815855,301.21613735304544,319.91232515914515,-274.97097060666704
305,152.5,300.07661694336554,300.9421759188188,319.6488788602834,-274.97097058046023
306,153.0,299.8048320837195,300.66827313580734,319.385432561406,-274.9709705967909
307,153.5,299.5330936421375,300.3944286744263,319.1219862625226,-274.97097060301206
308,154.0,299.261401359539,300.1206422069645,318.8585399636501,-274.97097059161956
309,154.5,298.98975497830315,299.8469134076078,318.5950936647685,-274.9709706011846
310,155.0,298.7181542423468,299.5732419524502,318.3316473659046,-274.9709705827543
311,155.5,298.44659889692383,299.2996275194015,318.06820106700457,-274.9709706203926
312,156.0,298.1750886887383,299.0260697882441,317.80475476812035,-274.97097060386756
313,156.5,297.9036233659599,298.7525684406139,317.5413084692388,-274.9709706011069
314,157.0,297.63220267816325,298.47912315997013,317.2778621703505,-274.9709706081447
315,157.5,297.36082637251184,298.2057336346078,317.01441587142455,-274.97097064745486
316,158.0,297.0894942126132,297.93239954211145,316.7509695725464,-274.97097059756857
317,158.5,296.81820594150435,297.65912058028107,316.48752327364946,-274.97097061720433
318,159.0,296.5469613173185,297.3858964380064,316.22407697475654,-274.970970612966
319,159.5,296.275760096841,297.11272680727325,315.9606306758698,-274.9709706064727
320,160.0,296.0046020380116,296.8396113821092,315.6971843769943,-274.9709705948468
321,160.5,295.73348690009107,296.5665498583966,315.4337380780956,-274.97097061899285
322,161.0,295.4624144436899,296.293541933798,315.1702917791812,-274.97097063540133
323,161.5,295.19138442909633,296.02058730794687,314.90684548027014,-274.97097063194076
324,162.0,294.92039662459223,295.74768568113217,314.64339918137773,-274.9709706124217
325,162.5,294.64945078992946,295.4748367567754,314.37995288249374,-274.97097060367315
326,163.0,294.3785466924537,295.20204023976055,314.11650658357263,-274.9709706424002
327,163.5,294.1076840994911,294.92929583613426,313.8530602846891,-274.9709706032065
328,164.0,293.83686277962863,294.65660325374046,313.5896139857856,-274.9709706240087
329,164.5,293.56608250271273,294.3839622021198,313.32616768688615,-274.97097061977047
330,165.0,293.2953430399046,294.11137239251127,313.06272138797505,-274.97097063197964
331,165.5,293.0246441635846,293.838833537753,312.79927508908054,-274.9709706145992
332,166.0,292.75398564748207,293.5663453523952,312.53582879016807,-274.9709706333794
333,166.5,292.48336726661086,293.29390755259266,312.2723824912514,-274.97097063781206
334,167.0,292.2127887971362,293.0215198560796,312.00893619236456,-274.9709706066282
335,167.5,291.9422500165627,292.7491819822482,311.7454898934276,-274.9709706589641
336,168.0,291.6717507036147,292.47689365206315,311.4820435945189,-274.9709706293745
337,168.5,291.4012906382712,292.2046545880884,311.2185972956289,-274.9709706099721
338,169.0,291.13086960170483,291.9324645144474,310.95515099671275,-274.97097063722885
339,169.5,290.86048737640823,291.660323156873,310.6917046978011,-274.970970632524
340,170.0,290.5901437459759,291.3882302426095,310.42825839888326,-274.97097063897854
341,170.5,290.3198384952585,291.1161855004767,310.16481209996334,-274.9709706411948
342,171.0,290.04957141036624,290.8441886608615,309.9013658010532,-274.9709706309298
343,171.5,289.77934227691765,290.57223945578227,309.63791950212124,-274.97097065375385
344,172.0,289.5091508881424,290.3003376180192,309.3744732031916,-274.97097065126536
345,172.5,289.23899702743324,290.0284828831298,309.1110269042681,-274.97097064488867
346,173.0,288.9688804918265,289.75667498706633,308.847580605358,-274.97097063089086
347,173.5,288.69880106862456,289.4849136681692,308.5841343064141,-274.9709706661963
348,174.0,288.4287585523741,289.2131986661152,308.32068800750613,-274.97097062871353
349,174.5,288.1587527374806,288.941529721593,308.05724170858,-274.97097064764927
350,175.0,287.88878341942075,288.66990657688075,307.7937954096622,-274.97097063893966
351,175.5,287.6188503947854,288.3983289757609,307.5303491107401,-274.97097064348884
352,176.0,287.34895346126405,288.1267966634754,307.26690281180595,-274.97097065597023
353,176.5,287.0790924178996,287.85530938680483,307.00345651288995,-274.9709706370344
354,177.0,286.8092670645301,287.5838668938281,306.74001021394974,-274.97097066238575
355,177.5,286.5394772006139,287.3124689344312,306.4765639150385,-274.97097063205734
356,178.0,286.26972263340787,287.0411152586186,306.21311761609047,-274.97097067051226
357,178.5,286.0000031613906,286.76980561952115,305.94967131717004,-274.97097064170026
358,179.0,285.7303185885977,286.4985397716201,305.68622501820846,-274.9709706846655
359,179.5,285.4606687259528,286.2273174686124,305.4227787192897,-274.97097063995056
360,180.0,285.19105337494756,285.95613846803644,305.15933242035214,-274.9709706595474
361,180.5,284.9214723431597,285.68500252827187,304.8958861214021,-274.97097067261194
362,181.0,284.6519254442615,285.41390940763904,304.632439822462,-274.97097066223023
363,181.5,284.38241248344286,285.142858867279,304.3689935235397,-274.97097064364436
364,182.0,284.1129332729448,284.87185066953515,304.10554722461904,-274.97097064189467
365,182.5,283.84348762482097,284.60088457761185,303.8421009256653,-274.97097067646126
366,183.0,283.5740753520897,284.32996035615054,303.57865462673163,-274.9709706555425
367,183.5,283.3046962688187,284.059077771174,303.31520832778074,-274.9709706734673
368,184.0,283.0353501900937,283.7882365900405,303.0517620288531,-274.9709706492435
369,184.5,282.7660369320357,283.51743658143147,302.7883157299056,-274.970970669929
370,185.0,282.4967563118055,283.2466775153414,302.52486943095977,-274.9709706682182
371,185.5,282.227508147557,282.97595916305346,302.26142313202735,-274.97097065418154
372,186.0,281.9582922568309,282.7052812974118,301.9979768330586,-274.97097069213095
373,186.5,281.68910846474427,282.4346436913211,301.73453053411674,-274.9709706640578
374,187.0,281.41995658635574,282.16404612068874,301.47108423516767,-274.97097067156204
375,187.5,281.1508364494614,281.8934883618576,301.2076379362269,-274.970970662969
376,188.0,280.88174787319446,281.62297019243647,300.94419163727986,-274.97097066942354
377,188.5,280.61269068295354,281.3524913916865,300.68074533832686,-274.97097067572247
378,189.0,280.3436647040079,281.0820517396002,300.41729903938483,-274.9709706642133
379,189.5,280.074669762504,280.81165101749394,300.1538527404423,-274.9709706647576
380,190.0,279.80570568555487,280.5412890079723,299.8904064414775,-274.9709706880094
381,190.5,279.5367723012467,280.270965494881,299.62696014253305,-274.9709706667795
382,191.0,279.2678694386171,280.00068026329524,299.3635138435763,-274.97097067957185
383,191.5,278.9989969276521,279.73043309949327,299.10006754463456,-274.97097066394116
384,192.0,278.73015459928746,279.4602237909649,298.8366212456938,-274.970970662969
385,192.5,278.4613422854103,279.19005212639513,298.5731749467262,-274.9709706908478
386,193.0,278.1925598188714,278.9199178956693,298.30972864776584,-274.9709706833824
387,193.5,277.9238070296628,278.64982089290766,298.0462823487987,-274.9709706904978
388,194.0,277.6550837634831,278.3797609007688,297.78283604983136,-274.97097069061454
389,194.5,277.3863898454292,278.10973772161924,297.51938975088154,-274.9709706723397
390,195.0,277.11772511496804,277.8397511482678,297.25594345190024,-274.9709707052344
391,195.5,276.849089409764,277.5698009759665,296.9924971529609,-274.9709706614915
392,196.0,276.5804825665734,277.29988700178086,296.7290508539785,-274.9709707063231
393,196.5,276.3119044296435,277.0300090224486,296.4656045550349,-274.97097066592414
394,197.0,276.0433548303794,276.7601668413573,296.2021582560526,-274.9709707062065
395,197.5,275.77483362265116,276.4903602486102,295.938711957091,-274.9709706846655
396,198.0,275.5063406375727,276.2205890551847,295.67526565813245,-274.9709706814772
397,198.5,275.2378757209878,275.95085306152475,295.41181935917064,-274.97097068489876
398,199.0,274.9694387169008,275.6811520707729,295.14837306020905,-274.9709706846266
399,199.5,274.7010294681751,275.411485887791,294.8849267612286,-274.970970704379
400,200.0,274.43264782174106,275.14185432003626,294.6214804622528,-274.9709706994409
401,200.5,274.16429362957535,274.8722571663077,294.35803416327815,-274.97097069831324
402,201.0,273.89596673010544,274.6026942432309,294.0945878643144,-274.9709706868818
403,201.5,273.62766697425786,274.33316535808643,293.83114156534924,-274.97097068843715
404,202.0,273.3593942111545,274.0636703205136,293.56769526635236,-274.9709707214484
405,202.5,273.0911482904897,273.79420894151235,293.30424896740743,-274.9709706672461
406,203.0,272.822929062829,273.5247810332982,293.0408026684369,-274.97097069395846
407,203.5,272.55473637953975,273.25538640916835,292.77735636946755,-274.970970692792
408,204.0,272.28657009109924,272.9860248838173,292.5139100704851,-274.97097070643974
409,204.5,272.01843005561733,272.7166962714678,292.2504637715111,-274.97097069765226
410,205.0,271.7503161220209,272.4474003894808,291.9870174725461,-274.970970688165
411,205.5,271.4822281446883,272.1781370559024,291.7235711735659,-274.97097070406795
412,206.0,271.21416598415976,271.9089060879289,291.46012487458887,-274.9709707008018
413,206.5,270.94612949194624,271.63970730585726,291.1966785756017,-274.9709707113001
414,207.0,270.67811852646315,271.37054053043386,290.9332322766205,-274.9709707051567
415,207.5,270.4101329456708,271.1014055830085,290.6697859776576,-274.9709706859875
416,208.0,270.1421726082914,270.83230228605015,290.4063396786847,-274.97097069652466
417,208.5,269.8742373737648,270.5632304630543,290.14289337968773,-274.97097072152616
418,209.0,269.6063271007959,270.29418993870826,289.87944708070165,-274.9709707102502
419,209.5,269.33844165489035,270.02518053781165,289.6160007817151,-274.970970710678
420,210.0,269.0705808899262,269.7562020904512,289.3525544827205,-274.9709707191155
421,210.5,268.8027446804718,269.48725441469935,289.0891081837474,-274.9709706966802
422,211.0,268.534932879549,269.2183373478875,288.82566188476795,-274.97097070325134
423,211.5,268.2671453542217,268.94945071756786,288.5622155857796,-274.9709707125832
424,212.0,267.99938196954827,268.6805943535796,288.298769286807,-274.97097069617473
425,212.5,267.7316425873201,268.41176809039825,288.03532298779754,-274.97097073459076
426,213.0,267.4639270852868,268.1429717497827,287.7718766888131,-274.97097070853937
427,213.5,267.1962353196937,267.8742051746381,287.5084303898421,-274.9709706944639
428,214.0,266.9285671614106,267.60546819710834,287.24498409084384,-274.9709707229259
429,214.5,266.6609224792562,267.3367606517443,286.98153779185174,-274.9709707165103
430,215.0,266.39330113871216,267.0680823777424,286.71809149286065,-274.9709707154217
431,215.5,266.12570302125494,266.799433201375,286.4546451938916,-274.97097069240317
432,216.0,265.85812798675494,266.5308129702967,286.19119889489536,-274.9709707208651
433,216.5,265.5905759097378,266.26222152120874,285.9277525958956,-274.97097072452016
434,217.0,265.3230466626463,265.9936586932319,285.66430629692366,-274.970970695436
435,217.5,265.05554011674707,265.7251243270609,285.40085999790716,-274.97097074193954
436,218.0,264.7880561490467,265.4566182631341,285.1374136989259,-274.9709707051955
437,218.5,264.5205946339994,265.188140343467,284.8739673999449,-274.97097070492333
438,219.0,264.25315543954673,264.91969041536584,284.610521100922,-274.97097074858846
439,219.5,263.9857384536095,264.65126831358845,284.3470748019389,-274.97097070713966
440,220.0,263.71834354088566,264.3828738918832,284.0836285029484,-274.9709707148773
441,220.5,263.45097058461306,264.1145069933636,283.8201822039137,-274.9709707609142
442,221.0,263.18361946300377,263.84616746391623,283.5567359049328,-274.9709707048067
443,221.5,262.9162900511464,263.5778551520187,283.2932896059333,-274.97097072424793
444,222.0,262.64898222965655,263.30956990601464,283.02984330693516,-274.9709707227704
445,222.5,262.38169587850837,263.0413115748415,282.7663970079561,-274.9709707029014
446,223.0,262.1144308781961,262.77308000841685,282.5029507089579,-274.9709707228871
447,223.5,261.84718710990575,262.5048750575928,282.2395044099629,-274.9709707195432
448,224.0,261.5799644554526,262.23669657407095,281.97605811093865,-274.9709707500271
449,224.5,261.31276279578464,261.9685444106218,281.71261181194427,-274.9709707188822
450,225.0,261.0455820186461,261.7004184198182,281.4491655129671,-274.9709707008795
451,225.5,260.7784220033574,261.432318456389,281.1857192139459,-274.9709707468776
452,226.0,260.5112826356434,261.1642443756803,280.92227291494925,-274.970970721254
453,226.5,260.24416380067674,260.89619603334876,280.6588266159642,-274.97097070916146
454,227.0,259.9770653841913,260.62817328594986,280.3953803169643,-274.9709707246368
455,227.5,259.7099872725423,260.36017599087995,280.13193401796093,-274.97097072825284
456,228.0,259.44292935274296,260.0922040063663,279.8684877189522,-274.97097073381303
457,228.5,259.17589150847954,259.82425719490584,279.6050414199447,-274.9709707325688
458,229.0,258.90887363788835,259.5563354058427,279.3415951209359,-274.97097073396856
459,229.5,258.64187562213425,259.2884385090812,279.0781488219108,-274.9709707509214
460,230.0,258.37489735398134,259.02056636356673,278.81470252289546,-274.97097074077305
461,230.5,258.10793872035237,258.7527188321969,278.5512562238886,-274.97097073194675
462,231.0,257.8409996134442,258.48489577773375,278.2878099248941,-274.9709707189988
463,231.5,257.5740799247387,258.2170970635452,278.0243636258975,-274.9709707211374
464,232.0,257.3071795462058,257.9493225539383,277.7609173268915,-274.9709707310135
465,232.5,257.04029837035404,257.68157211404485,277.49747102787654,-274.9709707403453
466,233.0,256.77343628648015,257.41384561329113,277.2340247288663,-274.97097073544614
467,233.5,256.50659319807005,257.1461429079816,276.9705784298345,-274.97097075788133
468,234.0,256.2397689935697,256.8784638743607,276.7071321308291,-274.97097073043034
469,234.5,255.97296356605403,256.6108083795585,276.44368583181284,-274.97097074170625
470,235.0,255.70617681269164,256.34317629225126,276.1802395328114,-274.970970726231
471,235.5,255.4394086296927,256.0755674817269,275.91679323380197,-274.9709707346296
472,236.0,255.1726589137287,255.80798181821615,275.6533469347891,-274.970970738129
473,236.5,254.90592756209017,255.54041917279147,275.3899006357754,-274.9709707390622
474,237.0,254.63921447254515,255.27287941723552,275.1264543367658,-274.9709707347851
475,237.5,254.37251953990992,255.00536242706477,274.86300803775396,-274.97097073707926
476,238.0,254.10584267197996,254.73786806674133,274.5995617387284,-274.97097075138794
477,238.5,253.83918376330774,254.4703962174001,274.3361154397142,-274.9709707396065
478,239.0,253.57254271182396,254.20294675316347,274.0726691407047,-274.97097073466847
479,239.5,253.30591941981208,253.93551954916728,273.809222841679,-274.97097075154346
480,240.0,253.03931378856373,253.66811448110522,273.5457765426685,-274.97097073575713
481,240.5,262.5150229425354,253.41545812387358,273.4579611118391,-91.65698797596242
482,241.0,263.06903901385544,253.18384859523195,273.3701456782076,-91.6569909007087
483,241.5,263.37441861399293,252.97245766974692,273.2823302464719,-91.65698892201402
484,242.0,263.59488847042405,252.77846457427546,273.19451481519025,-91.65698844803559
485,242.5,263.7681302343548,252.59915556551334,273.106699384244,-91.6569880979759
486,243.0,263.90980329507335,252.43231820570492,273.01888394810385,-91.65699351909929
487,243.5,264.0281381870774,252.27617760449726,272.9310685141864,-91.65699119917123
488,244.0,264.1280913222175,252.12928516110998,272.84325307765744,-91.65699392491655
489,244.5,264.2129383952953,251.9904366636919,272.7554376427756,-91.656992205763
490,245.0,264.28499918326673,251.858617885748,272.6676222082062,-91.65699187965495
491,245.5,264.34600653415197,251.73296720052633,272.57980677377185,-91.65699173866678
492,246.0,264.3973097506404,251.61274825447728,272.49199133941966,-91.65699165289185
493,246.5,264.43999404895266,251.49732889820433,272.4041759049734,-91.65699175110919
494,247.0,264.47495455522596,251.38616436182653,272.3163604703915,-91.65699189271947
495,247.5,264.502944328733,251.27878354946031,272.22854503553634,-91.65699217784532
496,248.0,264.5246068856003,251.17477773509972,272.14072959622354,-91.65699683057147
497,248.5,264.54049882546707,251.07379112921723,272.0529141641897,-91.65698923315227
498,249.0,264.55110678779516,250.97551318961155,271.965098730291,-91.6569911796133
499,249.5,264.55685950528505,250.8796718131687,271.87728329624326,-91.65699133514354
500,250.0,264.5581373290136,250.78602801130495,271.7894678622504,-91.65699127790842
501,250.5,264.5552797323146,250.69437119109898,271.70165242833446,-91.65699119757707
502,251.0,264.5485912175007,250.60451523583177,271.6138369946513,-91.65699095459992
503,251.5,264.5383461132748,250.5162951797065,271.5260215611545,-91.65699076010934
504,252.0,264.52479252596925,250.42956437972288,271.4382061275737,-91.65699084778953
505,252.5,264.50815560116024,250.34419212489425,271.35039069415086,-91.65699068292749
506,253.0,264.4886403187764,250.26006155870093,271.2625752607177,-91.65699069369794
507,253.5,264.46643379050994,250.1770679457069,271.17475982721976,-91.65699076127585
508,254.0,264.44170727113476,250.09511715591293,271.086944393715,-91.6569907684302
509,254.5,264.41461786856354,250.0141243711287,270.99912896020675,-91.6569907720463
510,255.0,264.38531002437605,249.93401296958316,270.91131352662825,-91.65699084541768
511,255.5,264.3539168032855,249.85471356109807,270.82349809304066,-91.65699085486615
512,256.0,264.3205610190012,249.7761631519349,270.73568265946426,-91.65699084320137
513,256.5,264.28535622168937,249.69830442005855,270.64786722595784,-91.65699077014104
514,257.0,264.2484075594953,249.6210850917225,270.56005179233796,-91.65699088857734
515,257.5,264.20981257121696,249.54445737497738,270.47223635871705,-91.65699088966603
516,258.0,264.16966184558413,249.4683774966881,270.38442092504783,-91.65699094005785
517,258.5,264.1280396414863,249.39280527418498,270.2966054914052,-91.65699091233458
518,259.0,264.08502442966994,249.31770374695378,270.20879005775055,-91.65699092485477
519,259.5,264.040689378778,249.243038852479,270.1209746240832,-91.6569909381526
520,260.0,263.9951027931865,249.16877913963845,270.0331591903943,-91.65699096058783
521,260.5,263.9483285063709,249.09489551604196,269.9453437567007,-91.65699096552592
522,261.0,263.9004262352878,249.02136102483198,269.8575283230571,-91.65699091330666
523,261.5,263.85145190115855,248.94815064651192,269.7697128893477,-91.65699098205101
524,262.0,263.8014579229252,248.8752411209762,269.681897455687,-91.65699093115371
525,262.5,263.75049347649684,248.8026107939003,269.5940820219738,-91.65699098601702
526,263.0,263.6986047413968,248.73023947246406,269.50626658831374,-91.65699093053162
527,263.5,263.6458351130446,248.65810830474342,269.41845115461194,-91.65699097408009
528,264.0,263.59222540799834,248.5861996640406,269.33063572088275,-91.65699100265877
529,264.5,263.53781404443106,248.51449704982105,269.2428202871564,-91.6569909997037
530,265.0,263.4826372095495,248.44298499744005,269.1550048534756,-91.65699095215032
531,265.5,263.4267290117589,248.37164899766356,269.06718941973634,-91.65699101319595
532,266.0,263.37012162600195,248.3004754200297,268.97937398605313,-91.6569909546777
533,266.5,263.3128454178096,248.22945145047896,268.8915585523144,-91.65699101261272
534,267.0,263.2549290681417,248.15856502738544,268.80374311856895,-91.65699101968934
535,267.5,263.1963996793048,248.0878047899829,268.71592768480747,-91.65699103636996
536,268.0,263.13728287864956,248.01716002738144,268.6281122510665,-91.65699101490678
537,268.5,263.0776029128557,247.94662063309084,268.54029681733283,-91.65699100736356
538,269.0,263.0173827330513,247.87617706522357,268.4524813836002,-91.65699100631372
539,269.5,262.95664407776337,247.8058203070641,268.3646659498372,-91.65699103792524
540,270.0,262.89540754671054,247.73554183327417,268.2768505161076,-91.65699100312536
541,270.5,262.8336926681933,247.66533357984903,268.18903508234337,-91.65699103920836
542,271.0,262.771517967823,247.59518791180847,268.1012196485582,-91.65699106113813
543,271.5,262.7089010252288,247.5250975989448,268.01340421485315,-91.65699097742399
544,272.0,262.64585852893094,247.4550557920589,267.92558878108576,-91.65699104255229
545,272.5,262.58240633266905,247.38505599680553,267.83777334729893,-91.65699106281008
546,273.0,262.5185595009173,247.3150920549725,267.7499579135771,-91.65699099503779
547,273.5,262.45433235263266,247.24515812636935,267.6621424798119,-91.65699104021932
548,274.0,262.3897385098744,247.17524866565836,267.5743270462072,-91.65699087275213
549,274.5,262.3247909253668,247.10535841576703,267.4865116124461,-91.65699103594224
550,275.0,262.2595019363367,247.03548237738732,267.3986961786668,-91.65699105499469
551,275.5,262.1938832846987,246.96561580732137,267.31088074489725,-91.65699104480746
552,276.0,262.1279461556495,246.89575419987142,267.2230653110968,-91.65699107707998
553,276.5,262.0617012075391,246.82589327441968,267.13524987732137,-91.65699105091203
554,277.0,261.99515860028646,246.75602896374792,267.0474344435897,-91.65699100526389
555,277.5,261.92832802041727,246.68615740437963,266.9596190097838,-91.65699108267908
556,278.0,261.86121871055997,246.61627492275423,266.87180357601784,-91.65699104107473
557,278.5,261.7938394897122,246.54637802805695,266.78398814242263,-91.65699086283708
558,279.0,261.7261987707345,246.4764634078713,266.69617270864796,-91.65699105013437
559,279.5,261.65830459534664,246.4065279063709,266.60835727487216,-91.65699105133973
560,280.0,261.5901646399526,246.33656852894507,266.5205418411039,-91.65699104340769
561,280.5,261.52178624102,246.26658242874905,266.4327264074902,-91.65699088216172
562,281.0,261.4531764057555,246.19656690560151,266.34491097371017,-91.65699105569458
563,281.5,261.3843418441055,246.12651938474144,266.2570955401022,-91.65699087613493
564,282.0,261.3152889616972,246.05643743112776,266.16928010635274,-91.65699102388865
565,282.5,261.2460238983819,245.9863187219171,266.0814646727329,-91.65699088849959
566,283.0,261.1765525195556,245.916161061058,265.99364923901027,-91.65699099581543
567,283.5,261.10688044839156,245.84596235636647,265.90583380524765,-91.6569910375753
568,284.0,261.0370130678227,245.77572062396646,265.8180183716451,-91.65699087045805
569,284.5,260.9669555287374,245.70543398686607,265.7302029379112,-91.65699100759684
570,285.0,260.8967127749929,245.63510065705617,265.64238750417775,-91.65699100713026
571,285.5,260.82628953964314,245.56471894418652,265.55457207038853,-91.65699106533746
572,286.0,260.75569036502907,245.4942872427158,265.4667566368224,-91.6569908324698
573,286.5,260.68491960157814,245.42380403707438,265.37894120322073,-91.65699086960265
574,287.0,260.6139814278668,245.3532678877934,265.2911257696196,-91.65699086898051
575,287.5,260.54287985265984,245.28267743343878,265.2033103360185,-91.6569908690194
576,288.0,260.4716187225162,245.21203138785003,265.1154949022587,-91.65699103454247
577,288.5,260.40020173735047,245.14132852946165,265.02767946866805,-91.65699085813227
578,289.0,260.32863244039845,245.0705677142041,264.93986403493665,-91.65699100495284
579,289.5,260.2569142461461,244.99974785301305,264.8520486011624,-91.65699104974556
580,290.0,260.1850504312387,244.92886792303014,264.76423316742944,-91.6569910065859
581,290.5,260.1130441468664,244.85792695964147,264.67641773366495,-91.65699103948054
582,291.0,260.04089842380466,244.78692405434896,264.5886022999865,-91.65699094970073
583,291.5,259.9686161764243,244.71585835357547,264.5007868662333,-91.65699102773803
584,292.0,259.8962002117974,244.64472905315958,264.41297143252245,-91.65699098352854
585,292.5,259.82365323053125,244.57353539938453,264.3251559989443,-91.65699084502886
586,293.0,259.75097783105923,244.5022766880415,264.23734056538757,-91.6569908226714
587,293.5,259.67817651914214,244.43095225704957,264.14952513181964,-91.65699083437504
588,294.0,259.6052517080406,244.35956148846356,264.0617096982345,-91.65699085229991
589,294.5,259.53220572363733,244.28810380582198,263.97389426465975,-91.65699084149055
590,295.0,259.4590408070775,244.21657867350922,263.88607883098064,-91.65699095036173
591,295.5,259.38575912319595,244.14498559041868,263.7982633972877,-91.6569909648649
592,296.0,259.3123627571983,244.07332409501274,263.71044796359445,-91.65699096517596
593,296.5,259.23885372190887,244.00159376008955,263.6226325298656,-91.65699100230883
594,297.0,259.1652339629566,243.92979418927393,263.5348170963544,-91.65699077511802
595,297.5,259.0915053530065,243.8579250241274,263.4470016627854,-91.65699083546374
596,298.0,259.01766970549477,243.78598593187397,263.3591862290967,-91.65699096047119
597,298.5,258.94372877621976,243.71397660551403,263.27137079555547,-91.65699080641848
598,299.0,258.86968425397794,243.6418967741858,263.18355536199215,-91.65699082959252
599,299.5,258.7955377756037,243.56974619014989,263.0957399283171,-91.6569909461624
600,300.0,258.721290927427,243.49752462790212,263.00792449464933,-91.65699093854144
601,300.5,258.64694523969786,243.42523189088874,262.9201090609545,-91.65699096684794
602,301.0,258.57250219688257,243.35286780313348,262.83229362741196,-91.65699080777937
603,301.5,258.49796323034803,243.28043221663646,262.74447819376263,-91.65699091933345
604,302.0,258.42332973523145,243.20792499622323,262.6566627602209,-91.65699080700172
605,302.5,258.34860305522403,243.13534603497774,262.5688473266938,-91.65699079175975
606,303.0,258.27378449530164,243.0626952430781,262.4810318930236,-91.65699094106878
607,303.5,258.198875325614,242.9899725445435,262.3932164594958,-91.65699079245964
608,304.0,258.12387676793037,242.91717789114196,262.3054010258299,-91.65699093663618
609,304.5,258.0487900184507,242.84431124159354,262.217585592314,-91.65699078005612
610,305.0,257.9736162289351,242.7713725796936,262.12977015878687,-91.65699079179863
611,305.5,257.8983565224648,242.69836190046803,262.0419547252792,-91.65699077146309
612,306.0,257.8230119887986,242.62527921459946,261.9541392917485,-91.65699079549249
613,306.5,257.7475836863965,242.55212454747056,261.86632385824856,-91.65699076333661
614,307.0,257.6720726440283,242.47889793809554,261.77850842473833,-91.65699077418483
615,307.5,257.5964798617329,242.40559943875832,261.69069299121173,-91.65699079117651
616,308.0,257.5208063106594,242.3322291155967,261.6028775575732,-91.6569909080575
617,308.5,257.4450529412025,242.25878704132546,261.51506212407736,-91.65699075913729
618,309.0,257.36922066997977,242.18527330819978,261.42724669058276,-91.65699075781531
619,309.5,257.2933103932228,242.1116880158276,261.33943125696464,-91.65699088674985
620,310.0,257.217322987935,242.03803126982748,261.25161582345135,-91.65699077729545
621,310.5,257.14125930067763,241.96430319352743,261.16380038996056,-91.65699075384927
622,311.0,257.06512016128573,241.8905039152597,261.0759849564628,-91.65699076115918
623,311.5,256.9889063776905,241.81663357318305,260.98816952297074,-91.6569907551324
624,312.0,256.912618736425,241.74269231540828,260.9003540893784,-91.65699085980424
625,312.5,256.8362580100142,241.66868029321816,260.812538655879,-91.65699076287001
626,313.0,256.7598249445562,241.5945976734191,260.7247232223819,-91.6569907604204
627,313.5,256.6833202735664,241.52044462541232,260.63690778894505,-91.65699069750845
628,314.0,256.60674471132825,241.44622132762905,260.54909235546705,-91.65699074051254
629,314.5,256.53009895684863,241.37192796378014,260.4612769219882,-91.65699074136798
630,315.0,256.4533836924342,241.2975647249084,260.37346148850196,-91.65699074910559
631,315.5,256.3765995850973,241.22313180819899,260.28564605503215,-91.65699073195839
632,316.0,256.29974728731327,241.1486294163895,260.19783062157546,-91.65699071823283
633,316.5,256.22282743645764,241.0740577587685,260.11001518811304,-91.65699072422075
634,317.0,256.1458406574056,240.99941704840975,260.02219975465147,-91.65699072336533
635,317.5,256.0687875609322,240.92470750436306,259.93438432120536,-91.65699070719019
636,318.0,255.99166874542814,240.84992935001776,259.8465688877467,-91.6569907203325
637,318.5,255.91448479632132,240.77508281401416,259.7587534542948,-91.65699071325587
638,319.0,255.83723628809486,240.7001681281219,259.67093802082735,-91.656990729431
639,319.5,255.75992378311653,240.62518552888088,259.583122587383,-91.6569907053627
640,320.0,255.68254783283655,240.5501352565039,259.49530715392905,-91.6569907153944
641,320.5,255.6051089780333,240.47501755478078,259.4074917204875,-91.65699070244652
642,321.0,255.52760774914657,240.39983267092265,259.3196762870409,-91.65699070769566
643,321.5,255.45004466662073,240.32458085538101,259.23186085359674,-91.65699070520718
644,322.0,255.37242024142853,240.24926236144316,259.1440454201761,-91.65699068063338
645,322.5,255.29473497475817,240.17387744580802,259.0562299867188,-91.65699071889384
646,323.0,255.21698935971625,240.0984263667649,258.96841455331025,-91.65699066799655
647,323.5,255.13918387936823,240.0229093866945,258.8805991198785,-91.65699069218151
648,324.0,255.06131900969677,239.94732676876578,258.79278368644674,-91.65699069225928
649,324.5,254.98339521787494,239.87167877909738,258.7049682530176,-91.65699068945975
650,325.0,254.9054129633171,239.7959656857769,258.6171528195986,-91.65699067896144
651,325.5,254.82737269788106,239.7201877587394,258.5293373861832,-91.65699067511206
652,326.0,254.74927486596528,239.64434526980807,258.44152195275905,-91.65699068428836
653,326.5,254.67111990457826,239.56843849275194,258.35370651935415,-91.65699066418607
654,327.0,254.59290824429485,239.4924677022663,258.2658910859279,-91.65699068654357
655,327.5,254.5146403090195,239.41643317439775,258.17807565251576,-91.65699067169041
656,328.0,254.4363165155925,239.34033518720005,258.0902602190907,-91.65699068526044
657,328.5,254.3579372751135,239.2641740192728,258.0024447856982,-91.65699065127707
658,329.0,254.27950299232594,239.18794995057672,257.9146293522864,-91.65699067134045
659,329.5,254.20101406609803,239.11166326201814,257.8268139188669,-91.65699067946693
660,330.0,254.12247088957292,239.03531423536577,257.73899848546665,-91.65699065932574
661,330.5,254.04387385031342,238.958903153188,257.6511830520632,-91.65699066270854
662,331.0,253.9652233305237,238.88243029869784,257.5633676186693,-91.65699065267682
663,331.5,253.88651970705476,238.80589595584698,257.4755521852644,-91.65699066422495
664,332.0,253.80776335179067,238.7293004089652,257.38773675185985,-91.65699066383613
665,332.5,253.72895463156087,238.6526439429537,257.2999213184664,-91.65699065221025
666,333.0,253.6500939087545,238.5759268426641,257.2121058851133,-91.65699061010044
667,333.5,253.5711815399136,238.49914939465083,257.12429045170364,-91.65699066920195
668,334.0,253.49221787868422,238.42231188372668,257.03647501832063,-91.656990641362
669,334.5,253.41320327324766,238.34541459606535,256.94865958493875,-91.65699064011777
670,335.0,253.33413806785381,238.26845781757999,256.8608441515599,-91.65699063704604
671,335.5,253.25502260202728,238.1914418348666,256.77302871816437,-91.65699065438766
672,336.0,253.1758572120184,238.11436693354273,256.6852132847934,-91.65699062880293
673,336.5,253.09664222968613,238.03723339963702,256.59739785142574,-91.6569906253035
674,337.0,253.01737798284069,237.960041519309,256.50958241805006,-91.65699063370214
675,337.5,252.93806479588807,237.8827915781056,256.42176698467296,-91.65699063517968
676,338.0,252.85870298944488,237.80548386147439,256.33395155130705,-91.65699062351493
677,338.5,252.7792928805131,237.72811865465076,256.24613611792887,-91.6569906362684
678,339.0,252.6998347827987,237.65069624233846,256.15832068458616,-91.65699059929108
679,339.5,252.62032900582184,237.57321690981559,256.0705052512151,-91.65699062891959
680,340.0,252.54077585700605,237.4956809404859,255.9826898178637,-91.65699060831182
681,340.5,252.46117563975702,237.4180886182037,255.89487438448626,-91.65699063552962
682,341.0,252.38152865440492,237.34044022629413,255.80705895112092,-91.6569906228928
683,341.5,252.30183519831948,237.26273604740808,255.71924351776775,-91.65699061021708
684,342.0,252.2220955658159,237.18497636368483,255.6314280844233,-91.65699060107967
685,342.5,252.14231004814897,237.10716145681815,255.543612651047,-91.65699063436314
686,343.0,252.0624789338615,237.0292916076825,255.4557972176962,-91.65699060772859
687,343.5,251.98260250874023,236.9513670964335,255.3679817843749,-91.65699057693362
688,344.0,251.9026810551914,236.87338820330564,255.28016635101787,-91.65699061422197
689,344.5,251.8227148538514,236.79535520671908,255.19235091765427,-91.65699062110419
690,345.0,251.74270418219623,236.7172683849596,255.1045354843127,-91.65699059808571
691,345.5,251.6626493151135,236.63912801560838,255.01672005097936,-91.65699058949266
692,346.0,251.5825505263223,236.56093437363626,254.92890461771333,-91.65699051927076
693,346.5,251.5024080820946,236.4826877402345,254.84108918436152,-91.65699060877841
694,347.0,251.42222225352828,236.40438838536053,254.7532737510307,-91.65699058688753
695,347.5,251.34199330459901,236.32603658469975,254.66545831768929,-91.65699059789131
696,348.0,251.26172149837953,236.24763261143286,254.5776428843777,-91.65699056682415
697,348.5,251.1814070948061,236.16917673882506,254.4898274510474,-91.6569905863043
698,349.0,251.10105035268273,236.09066923789982,254.40201201771671,-91.656990586732
699,349.5,251.0206515279087,236.01211037956156,254.31419658440169,-91.65699057040135
700,350.0,250.94021087446868,235.93350043353323,254.22638115106307,-91.656990595014
701,350.5,250.85972864409513,235.8548396687472,254.1385657177272,-91.65699059213671
702,351.0,250.77920508643467,235.7761283531824,254.050750284403,-91.65699057996645
703,351.5,250.6986404492723,235.69736675361656,253.96293485109328,-91.65699056484114
704,352.0,250.61803497841336,235.61855513581116,253.8751194177755,-91.65699057327863
705,352.5,250.5373889171083,235.53969376524154,253.7873039844696,-91.65699056087512
706,353.0,250.45670250731274,235.46078290559902,253.69948855114322,-91.65699058222164
707,353.5,250.375975990258,235.38182281790912,253.61167311789413,-91.65699050157922
708,354.0,250.29520960009103,235.3028137694519,253.5238576845865,-91.65699056266372
709,354.5,250.21440357647765,235.22375601602502,253.43604225126177,-91.65699058051078
710,355.0,250.13355815262594,235.14464981877043,253.3482268179487,-91.65699056834056
711,355.5,250.0526735611941,235.06549543636478,253.2604113846732,-91.65699052914692
712,356.0,249.97175003231,234.98629312729628,253.17259595136252,-91.65699056585208
713,356.5,249.8907877955588,234.9070431475323,253.08478051807106,-91.65699054578866
714,357.0,249.80978707811067,234.827745752763,252.99696508475088,-91.65699057576713
715,357.5,249.72874810570326,234.74840119735356,252.90914965147536,-91.65699052914692
716,358.0,249.64767110173045,234.6690097353984,252.82133421818003,-91.65699054983249
717,358.5,249.5665562891002,234.5895716185145,252.73351878485886,-91.65699057681697
718,359.0,249.48540388852774,234.51008709788746,252.64570335158274,-91.65699052976905
719,359.5,249.40421411883105,234.43055642402862,252.55788791830236,-91.65699053424056
720,360.0,249.32298719740342,234.3509798461656,252.4700724850145,-91.65699054201706
