0.001 859.486
0.0101633 867.141
0.0193265 874.329
0.0284898 905.717
0.0376531 1052.07
0.0468163 1614.13
0.0559796 3017
0.0651429 4863.8
0.0743061 5740.71
0.0834694 5735.62
0.0926327 5647.54
0.101796 4541.62
0.110959 3695.6
0.120122 2998.07
0.129286 2440.52
0.138449 2006.46
0.147612 1627.85
0.156776 1348.78
0.165939 1115.34
0.175102 908.495
0.184265 769.763
0.193429 640.565
0.202592 540.03
0.211755 465.08
0.220918 400.743
0.230082 344.102
0.239245 295.687
0.248408 257.46
0.257571 225.541
0.266735 198.565
0.275898 175.765
0.285061 155.902
0.294224 138.911
0.303388 124.322
0.312551 111.46
0.321714 100.337
0.330878 90.6571
0.340041 81.9988
0.349204 74.3241
0.358367 67.6725
0.367531 61.6251
0.376694 56.2827
0.385857 51.5256
0.39502 47.2183
0.404184 43.3528
0.413347 39.8708
0.42251 36.735
0.431673 33.8866
0.440837 31.3145
0.45 28.9662
