0 4745.79
0.000250836 4735.24
0.000501672 4743.15
0.000752508 4757.37
0.00100334 4781.61
0.00125418 4823.22
0.00150502 4873.03
0.00175585 4934.02
0.00200669 5002.73
0.00225753 5073.69
0.00250836 5144.89
0.0027592 5213.59
0.00301003 5275.51
0.00326087 5327.28
0.00351171 5372.09
0.00376254 5399.86
0.00401338 5415.74
0.00426421 5421.06
0.00451505 5404.33
0.00476589 5377.66
0.00501672 5335.38
0.00526756 5276.38
0.00551839 5209.38
0.00576923 5121.63
0.00602007 5030.39
0.0062709 4919.66
0.00652174 4805.88
0.00677258 4678.75
0.00702341 4545.8
0.00727425 4412.37
0.00752508 4260.33
0.00777592 4112.97
0.00802676 3957.57
0.00827759 3801.65
0.00852843 3645.73
0.00877926 3483.71
0.0090301 3325.8
0.00928094 3167.88
0.00953177 3009.21
0.00978261 2852.15
0.0100334 2698.92
0.0102843 2545.69
0.0105351 2393.85
0.010786 2251.47
0.0110368 2109.09
0.0112876 1966.84
0.0115385 1830.61
0.0117893 1704.02
0.0120401 1577.42
0.012291 1450.82
0.0125418 1330.45
0.0127926 1225.15
0.0130435 1120.8
0.0132943 1016.45
0.0135452 912.586
0.013796 824.214
0.0140468 747.105
0.0142977 669.996
0.0145485 592.886
0.0147993 515.777
0.0150502 452.108
0.015301 402.473
0.0155518 353.017
0.0158027 303.561
0.0160535 254.105
0.0163043 205.911
0.0165552 176.364
0.016806 152.066
0.0170569 127.767
0.0173077 103.468
0.0175585 79.1686
0.0178094 55.3688
0.0180602 41.8454
0.018311 35.7074
0.0185619 29.4539
0.0188127 23.2004
0.0190635 16.9469
0.0193144 10.6934
0.0195652 4.92487
0.0198161 2.93149
0.0200669 2.50187
0.0203177 2.06416
0.0205686 1.62644
0.0208194 1.18873
0.0210702 0.751017
0.0213211 0.313304
0.0215719 0.0362821
0.0218227 0.0327462
0.0220736 0.0282617
0.0223244 0.0237771
0.0225753 0.0192926
0.0228261 0.014808
0.0230769 0.0103235
0.0233278 0.00583893
0.0235786 0.00261347
0.0238294 0.00220159
0.0240803 0.00218487
0.0243311 0.00216807
0.0245819 0.00215126
0.0248328 0.00213445
0.0250836 0.00211765
0.0253344 0.00210084
0.0255853 0.00208404
0.0258361 0.00207218
0.026087 0.00207007
0.0263378 0.00207022
0.0265886 0.00207037
0.0268395 0.00207052
0.0270903 0.00207067
0.0273411 0.00207081
0.027592 0.00207096
0.0278428 0.00207111
0.0280936 0.00207126
0.0283445 0.00207149
0.0285953 0.00207178
0.0288462 0.00207209
0.029097 0.0020724
0.0293478 0.00207271
0.0295987 0.00207303
0.0298495 0.00207334
0.0301003 0.00207366
0.0303512 0.00207397
0.030602 0.00207429
0.0308528 0.00207461
0.0311037 0.00207498
0.0313545 0.00207523
0.0316054 0.00207548
0.0318562 0.00207575
0.032107 0.00207601
0.0323579 0.00207627
0.0326087 0.00207653
0.0328595 0.0020768
0.0331104 0.00207706
0.0333612 0.00207732
0.033612 0.00207758
0.0338629 0.00207786
0.0341137 0.00207818
0.0343645 0.00207845
0.0346154 0.00207875
0.0348662 0.00207905
0.0351171 0.00207935
0.0353679 0.00207966
0.0356187 0.00207996
0.0358696 0.00208026
0.0361204 0.00208057
0.0363712 0.00208087
0.0366221 0.00208117
0.0368729 0.00208148
0.0371237 0.00208179
0.0373746 0.00208214
0.0376254 0.00208231
0.0378763 0.00208243
0.0381271 0.00208257
0.0383779 0.0020827
0.0386288 0.00208284
0.0388796 0.00208298
0.0391304 0.00208312
0.0393813 0.00208326
0.0396321 0.0020834
0.0398829 0.00208354
0.0401338 0.00208368
0.0403846 0.00208382
0.0406355 0.00208396
0.0408863 0.00208414
0.0411371 0.00208432
0.041388 0.00208444
0.0416388 0.00208459
0.0418896 0.00208475
0.0421405 0.00208492
0.0423913 0.00208508
0.0426421 0.00208525
0.042893 0.00208541
0.0431438 0.00208558
0.0433946 0.00208574
0.0436455 0.0020859
0.0438963 0.00208607
0.0441472 0.00208623
0.044398 0.0020864
0.0446488 0.00208657
0.0448997 0.00208678
0.0451505 0.00208689
0.0454013 0.00208682
0.0456522 0.00208678
0.045903 0.00208677
0.0461538 0.00208675
0.0464047 0.00208673
0.0466555 0.00208671
0.0469064 0.00208669
0.0471572 0.00208667
0.047408 0.00208666
0.0476589 0.00208664
0.0479097 0.00208662
0.0481605 0.0020866
0.0484114 0.00208658
0.0486622 0.00208656
0.048913 0.00208655
0.0491639 0.00208656
0.0494147 0.00208659
0.0496656 0.00208641
0.0499164 0.00208622
0.0501672 0.00208608
0.0504181 0.00208594
0.0506689 0.0020858
0.0509197 0.00208566
0.0511706 0.00208552
0.0514214 0.00208538
0.0516722 0.00208524
0.0519231 0.0020851
0.0521739 0.00208496
0.0524247 0.00208482
0.0526756 0.00208468
0.0529264 0.00208454
0.0531773 0.0020844
0.0534281 0.00208425
0.0536789 0.00208411
0.0539298 0.00208401
0.0541806 0.00208391
0.0544314 0.00208382
0.0546823 0.00208373
0.0549331 0.00208368
0.0551839 0.00208364
0.0554348 0.00208361
0.0556856 0.00208357
0.0559365 0.00208353
0.0561873 0.0020835
0.0564381 0.00208346
0.056689 0.00208342
0.0569398 0.00208339
0.0571906 0.00208335
0.0574415 0.00208331
0.0576923 0.00208328
0.0579431 0.00208324
0.058194 0.0020832
0.0584448 0.00208317
0.0586957 0.00208313
0.0589465 0.00208309
0.0591973 0.00208309
0.0594482 0.00208309
0.059699 0.00209417
0.0599498 0.00210902
0.0602007 0.00212366
0.0604515 0.00213813
0.0607023 0.00215261
0.0609532 0.00216708
0.061204 0.00218155
0.0614548 0.00219602
0.0617057 0.00221049
0.0619565 0.00222496
0.0622074 0.00223944
0.0624582 0.00225391
0.062709 0.00226838
0.0629599 0.00228285
0.0632107 0.00229732
0.0634615 0.00231179
0.0637124 0.00232627
0.0639632 0.00234074
0.064214 0.00235521
0.0644649 0.00236968
0.0647157 0.00238411
0.0649666 0.00239833
0.0652174 0.00241256
0.0654682 0.00249398
0.0657191 0.00260882
0.0659699 0.0027232
0.0662207 0.00283604
0.0664716 0.00294887
0.0667224 0.00306171
0.0669732 0.00317454
0.0672241 0.00328737
0.0674749 0.00340021
0.0677258 0.00351304
0.0679766 0.00362588
0.0682274 0.00373871
0.0684783 0.00385154
0.0687291 0.00396438
0.0689799 0.00407721
0.0692308 0.00419005
0.0694816 0.00430288
0.0697324 0.00441571
0.0699833 0.00452855
0.0702341 0.00464138
0.0704849 0.00475422
0.0707358 0.00486705
0.0709866 0.0049796
0.0712375 0.00508939
0.0714883 0.00519918
0.0717391 0.00527273
0.07199 0.0052727
0.0722408 0.00527267
0.0724916 0.00527266
0.0727425 0.00527266
0.0729933 0.00527266
0.0732441 0.00527266
0.073495 0.00527266
0.0737458 0.00527266
0.0739967 0.00527266
0.0742475 0.00527266
0.0744983 0.00527266
0.0747492 0.00527266
