0 565.783
0.000250836 565.748
0.000501672 565.667
0.000752508 565.715
0.00100334 565.918
0.00125418 566.333
0.00150502 566.835
0.00175585 567.492
0.00200669 568.285
0.00225753 569.149
0.00250836 570.145
0.0027592 571.173
0.00301003 572.224
0.00326087 573.318
0.00351171 574.411
0.00376254 575.482
0.00401338 576.522
0.00426421 577.509
0.00451505 578.383
0.00476589 579.194
0.00501672 579.862
0.00526756 580.371
0.00551839 580.778
0.00576923 580.91
0.00602007 580.973
0.0062709 580.674
0.00652174 580.288
0.00677258 579.561
0.00702341 578.617
0.00727425 577.64
0.00752508 575.912
0.00777592 574.288
0.00802676 572.25
0.00827759 569.802
0.00852843 567.382
0.00877926 564.404
0.0090301 561.043
0.00928094 557.715
0.00953177 554.159
0.00978261 549.61
0.0100334 545.295
0.0102843 540.975
0.0105351 535.654
0.010786 530.312
0.0110368 524.971
0.0112876 519.609
0.0115385 513.093
0.0117893 506.742
0.0120401 500.391
0.012291 494.04
0.0125418 486.994
0.0127926 479.448
0.0130435 472.173
0.0132943 464.898
0.0135452 457.6
0.013796 449.184
0.0140468 441.1
0.0142977 433.066
0.0145485 425.032
0.0147993 416.989
0.0150502 408.242
0.015301 399.38
0.0155518 390.832
0.0158027 382.283
0.0160535 373.734
0.0163043 365.176
0.0165552 355.701
0.016806 346.898
0.0170569 338.147
0.0173077 329.396
0.0175585 320.645
0.0178094 311.902
0.0180602 302.763
0.018311 293.815
0.0185619 285.221
0.0188127 276.628
0.0190635 268.034
0.0193144 259.44
0.0195652 250.885
0.0198161 242.124
0.0200669 233.805
0.0203177 225.745
0.0205686 217.685
0.0208194 209.625
0.0210702 201.565
0.0213211 193.525
0.0215719 185.579
0.0218227 177.785
0.0220736 170.619
0.0223244 163.452
0.0225753 156.285
0.0228261 149.119
0.0230769 141.952
0.0233278 134.792
0.0235786 127.752
0.0238294 121.292
0.0240803 115.24
0.0243311 109.32
0.0245819 103.399
0.0248328 97.4786
0.0250836 91.5581
0.0253344 85.6376
0.0255853 79.7349
0.0258361 74.0046
0.026087 69.3432
0.0263378 65.0809
0.0265886 60.9197
0.0268395 56.7585
0.0270903 52.5973
0.0273411 48.4361
0.027592 44.2748
0.0278428 40.1136
0.0280936 36.0084
0.0283445 32.0599
0.0285953 29.529
0.0288462 27.2935
0.029097 25.057
0.0293478 22.8205
0.0295987 20.584
0.0298495 18.3475
0.0301003 16.111
0.0303512 13.8745
0.030602 11.638
0.0308528 9.50048
0.0311037 7.47474
0.0313545 6.78488
0.0316054 6.23307
0.0318562 5.64384
0.032107 5.05461
0.0323579 4.46539
0.0326087 3.87616
0.0328595 3.28693
0.0331104 2.6977
0.0333612 2.10847
0.033612 1.51924
0.0338629 0.996082
0.0341137 0.513501
0.0343645 0.434283
0.0346154 0.403611
0.0348662 0.366427
0.0351171 0.329243
0.0353679 0.29206
0.0356187 0.254876
0.0358696 0.217692
0.0361204 0.180509
0.0363712 0.143325
0.0366221 0.106141
0.0368729 0.0689577
0.0371237 0.0383184
0.0373746 0.0118662
0.0376254 0.00405501
0.0378763 0.00385687
0.0381271 0.00358317
0.0383779 0.00329797
0.0386288 0.00301277
0.0388796 0.00272757
0.0391304 0.00244237
0.0393813 0.00215717
0.0396321 0.00187197
0.0398829 0.00158677
0.0401338 0.00130157
0.0403846 0.00101637
0.0406355 0.000764846
0.0408863 0.00058271
0.0411371 0.000444337
0.041388 0.000443843
0.0416388 0.0004433
0.0418896 0.000442578
0.0421405 0.000441856
0.0423913 0.000441134
0.0426421 0.000440412
0.042893 0.00043969
0.0431438 0.000438968
0.0433946 0.000438246
0.0436455 0.000437524
0.0438963 0.000436803
0.0441472 0.000436081
0.044398 0.000435359
0.0446488 0.000434816
0.0448997 0.000434371
0.0451505 0.000434065
0.0454013 0.000434009
0.0456522 0.000433953
0.045903 0.000433904
0.0461538 0.000433855
0.0464047 0.000433806
0.0466555 0.000433757
0.0469064 0.000433707
0.0471572 0.000433658
0.047408 0.000433609
0.0476589 0.00043356
0.0479097 0.000433511
0.0481605 0.000433462
0.0484114 0.000433413
0.0486622 0.000433363
0.048913 0.000433318
0.0491639 0.000433277
0.0494147 0.000433237
0.0496656 0.000433197
0.0499164 0.000433157
0.0501672 0.000433121
0.0504181 0.000433089
0.0506689 0.000433058
0.0509197 0.000433027
0.0511706 0.000432995
0.0514214 0.000432964
0.0516722 0.000432933
0.0519231 0.000432901
0.0521739 0.00043287
0.0524247 0.000432838
0.0526756 0.000432807
0.0529264 0.000432776
0.0531773 0.000432744
0.0534281 0.000432713
0.0536789 0.000432684
0.0539298 0.000432659
0.0541806 0.000432633
0.0544314 0.000432765
0.0546823 0.000432944
0.0549331 0.000433123
0.0551839 0.000433304
0.0554348 0.000433484
0.0556856 0.000433665
0.0559365 0.000433846
0.0561873 0.000434027
0.0564381 0.000434208
0.056689 0.000434388
0.0569398 0.000434569
0.0571906 0.00043475
0.0574415 0.000434931
0.0576923 0.000435112
0.0579431 0.000435292
0.058194 0.000435473
0.0584448 0.000435654
0.0586957 0.000435835
0.0589465 0.000436014
0.0591973 0.000436192
0.0594482 0.00043637
0.059699 0.000444145
0.0599498 0.000454496
0.0602007 0.000464847
0.0604515 0.000474839
0.0607023 0.000484744
0.0609532 0.00049465
0.061204 0.000504556
0.0614548 0.000514462
0.0617057 0.000524368
0.0619565 0.000534274
0.0622074 0.00054418
0.0624582 0.000554086
0.062709 0.000563992
0.0629599 0.000573898
0.0632107 0.000583804
0.0634615 0.00059371
0.0637124 0.000603616
0.0639632 0.000613522
0.064214 0.000623428
0.0644649 0.000633334
0.0647157 0.000643035
0.0649666 0.000652734
0.0652174 0.000662434
0.0654682 0.000716633
0.0657191 0.00079296
0.0659699 0.000869287
0.0662207 0.000943992
0.0664716 0.00101665
0.0667224 0.00108931
0.0669732 0.00116197
0.0672241 0.00123463
0.0674749 0.00130729
0.0677258 0.00137995
0.0679766 0.00145261
0.0682274 0.00152527
0.0684783 0.00159793
0.0687291 0.00167058
0.0689799 0.00174324
0.0692308 0.0018159
0.0694816 0.00188856
0.0697324 0.00196122
0.0699833 0.00203388
0.0702341 0.00210654
0.0704849 0.0021792
0.0707358 0.00225186
0.0709866 0.00232362
0.0712375 0.00239536
0.0714883 0.00246711
0.0717391 0.00251517
0.07199 0.00251515
0.0722408 0.00251513
0.0724916 0.00251511
0.0727425 0.0025151
0.0729933 0.0025151
0.0732441 0.0025151
0.073495 0.0025151
0.0737458 0.0025151
0.0739967 0.0025151
0.0742475 0.0025151
0.0744983 0.0025151
0.0747492 0.0025151
