0 251.766
0.000250836 251.444
0.000501672 251.46
0.000752508 251.506
0.00100334 251.574
0.00125418 251.72
0.00150502 251.893
0.00175585 252.108
0.00200669 252.366
0.00225753 252.643
0.00250836 252.959
0.0027592 253.293
0.00301003 253.641
0.00326087 254.011
0.00351171 254.388
0.00376254 254.767
0.00401338 255.154
0.00426421 255.537
0.00451505 255.914
0.00476589 256.285
0.00501672 256.635
0.00526756 256.965
0.00551839 257.274
0.00576923 257.544
0.00602007 257.796
0.0062709 257.99
0.00652174 258.159
0.00677258 258.271
0.00702341 258.328
0.00727425 258.38
0.00752508 258.284
0.00777592 258.195
0.00802676 258.028
0.00827759 257.755
0.00852843 257.482
0.00877926 257.096
0.0090301 256.597
0.00928094 256.098
0.00953177 255.547
0.00978261 254.754
0.0100334 253.984
0.0102843 253.214
0.0105351 252.209
0.010786 251.128
0.0110368 250.046
0.0112876 248.965
0.0115385 247.576
0.0117893 246.147
0.0120401 244.718
0.012291 243.29
0.0125418 241.636
0.0127926 239.824
0.0130435 238.024
0.0132943 236.225
0.0135452 234.424
0.013796 232.253
0.0140468 230.078
0.0142977 227.903
0.0145485 225.728
0.0147993 223.553
0.0150502 221.06
0.015301 218.52
0.0155518 215.989
0.0158027 213.458
0.0160535 210.926
0.0163043 208.388
0.0165552 205.434
0.016806 202.593
0.0170569 199.753
0.0173077 196.912
0.0175585 194.072
0.0178094 191.23
0.0180602 188.073
0.018311 184.982
0.0185619 181.91
0.0188127 178.838
0.0190635 175.766
0.0193144 172.694
0.0195652 169.621
0.0198161 166.238
0.0200669 163.04
0.0203177 159.843
0.0205686 156.646
0.0208194 153.448
0.0210702 150.251
0.0213211 147.053
0.0215719 143.82
0.0218227 140.434
0.0220736 137.241
0.0223244 134.047
0.0225753 130.854
0.0228261 127.661
0.0230769 124.468
0.0233278 121.275
0.0235786 118.095
0.0238294 114.803
0.0240803 111.757
0.0243311 108.711
0.0245819 105.665
0.0248328 102.619
0.0250836 99.5729
0.0253344 96.5269
0.0255853 93.481
0.0258361 90.4572
0.026087 87.4458
0.0263378 84.6892
0.0265886 81.936
0.0268395 79.1827
0.0270903 76.4295
0.0273411 73.6763
0.027592 70.923
0.0278428 68.1698
0.0280936 65.4165
0.0283445 62.6989
0.0285953 60.1513
0.0288462 57.8164
0.029097 55.491
0.0293478 53.1657
0.0295987 50.8403
0.0298495 48.5149
0.0301003 46.1895
0.0303512 43.8641
0.030602 41.5388
0.0308528 39.2134
0.0311037 36.9417
0.0313545 35.0828
0.0316054 33.3583
0.0318562 31.6401
0.032107 29.922
0.0323579 28.2039
0.0326087 26.4858
0.0328595 24.7677
0.0331104 23.0496
0.0333612 21.3315
0.033612 19.6134
0.0338629 17.8953
0.0341137 16.258
0.0343645 15.232
0.0346154 14.2836
0.0348662 13.3356
0.0351171 12.3876
0.0353679 11.4396
0.0356187 10.4915
0.0358696 9.54352
0.0361204 8.5955
0.0363712 7.64748
0.0366221 6.69945
0.0368729 5.75143
0.0371237 4.80341
0.0373746 3.93411
0.0376254 3.52698
0.0378763 3.2922
0.0381271 3.04664
0.0383779 2.80108
0.0386288 2.55552
0.0388796 2.30996
0.0391304 2.0644
0.0393813 1.81884
0.0396321 1.57328
0.0398829 1.32772
0.0401338 1.08216
0.0403846 0.836603
0.0406355 0.591044
0.0408863 0.369818
0.0411371 0.213998
0.041388 0.202929
0.0416388 0.188893
0.0418896 0.174752
0.0421405 0.160612
0.0423913 0.146472
0.0426421 0.132331
0.042893 0.118191
0.0431438 0.10405
0.0433946 0.0899098
0.0436455 0.0757693
0.0438963 0.0616289
0.0441472 0.0474885
0.044398 0.033348
0.0446488 0.0192076
0.0448997 0.0082761
0.0451505 0.00172935
0.0454013 0.00166544
0.0456522 0.00157585
0.045903 0.00148507
0.0461538 0.0013943
0.0464047 0.00130352
0.0466555 0.00121274
0.0469064 0.00112197
0.0471572 0.00103119
0.047408 0.000940418
0.0476589 0.000849642
0.0479097 0.000758866
0.0481605 0.000668091
0.0484114 0.000577315
0.0486622 0.00048654
0.048913 0.000395764
0.0491639 0.000320999
0.0494147 0.000262239
0.0496656 0.000257334
0.0499164 0.000257402
0.0501672 0.000257468
0.0504181 0.000257533
0.0506689 0.000257599
0.0509197 0.000257664
0.0511706 0.00025773
0.0514214 0.000257795
0.0516722 0.000257861
0.0519231 0.000257927
0.0521739 0.000257992
0.0524247 0.000258058
0.0526756 0.000258123
0.0529264 0.000258189
0.0531773 0.000258254
0.0534281 0.00025832
0.0536789 0.000258385
0.0539298 0.000258453
0.0541806 0.000258522
0.0544314 0.000259538
0.0546823 0.000260857
0.0549331 0.000262358
0.0551839 0.00026386
0.0554348 0.000265361
0.0556856 0.000266862
0.0559365 0.000268364
0.0561873 0.000269865
0.0564381 0.000271367
0.056689 0.000272868
0.0569398 0.00027437
0.0571906 0.000275871
0.0574415 0.000277373
0.0576923 0.000278874
0.0579431 0.000280376
0.058194 0.000281877
0.0584448 0.000283379
0.0586957 0.00028488
0.0589465 0.000286382
0.0591973 0.000287689
0.0594482 0.000288895
0.059699 0.000299194
0.0599498 0.000312577
0.0602007 0.000326253
0.0604515 0.000339963
0.0607023 0.000353673
0.0609532 0.000367384
0.061204 0.000381094
0.0614548 0.000394804
0.0617057 0.000408515
0.0619565 0.000422225
0.0622074 0.000435935
0.0624582 0.000449646
0.062709 0.000463356
0.0629599 0.000477066
0.0632107 0.000490776
0.0634615 0.000504487
0.0637124 0.000518197
0.0639632 0.000531907
0.064214 0.000545618
0.0644649 0.000559328
0.0647157 0.000573038
0.0649666 0.000585758
0.0652174 0.000598174
0.0654682 0.000648105
0.0657191 0.000716691
0.0659699 0.000784445
0.0662207 0.000851719
0.0664716 0.000918993
0.0667224 0.000986267
0.0669732 0.00105354
0.0672241 0.00112082
0.0674749 0.00118809
0.0677258 0.00125536
0.0679766 0.00132264
0.0682274 0.00138991
0.0684783 0.00145719
0.0687291 0.00152446
0.0689799 0.00159173
0.0692308 0.00165901
0.0694816 0.00172628
0.0697324 0.00179356
0.0699833 0.00186083
0.0702341 0.00192811
0.0704849 0.00199538
0.0707358 0.00206265
0.0709866 0.00212993
0.0712375 0.00219508
0.0714883 0.002259
0.0717391 0.00230183
0.07199 0.00230185
0.0722408 0.00230186
0.0724916 0.00230186
0.0727425 0.00230186
0.0729933 0.00230186
0.0732441 0.00230186
0.073495 0.00230186
0.0737458 0.00230186
0.0739967 0.00230186
0.0742475 0.00230186
0.0744983 0.00230186
0.0747492 0.00230186
