0 73.785
0.000250836 73.6756
0.000501672 73.7035
0.000752508 73.73
0.00100334 73.7579
0.00125418 73.793
0.00150502 73.831
0.00175585 73.8743
0.00200669 73.9236
0.00225753 73.9753
0.00250836 74.0348
0.0027592 74.0975
0.00301003 74.1626
0.00326087 74.2339
0.00351171 74.3069
0.00376254 74.3835
0.00401338 74.464
0.00426421 74.5449
0.00451505 74.6298
0.00476589 74.7172
0.00501672 74.8025
0.00526756 74.8912
0.00551839 74.9773
0.00576923 75.0658
0.00602007 75.1512
0.0062709 75.2374
0.00652174 75.3198
0.00677258 75.4022
0.00702341 75.4788
0.00727425 75.5546
0.00752508 75.6242
0.00777592 75.6911
0.00802676 75.7537
0.00827759 75.8068
0.00852843 75.8591
0.00877926 75.9035
0.0090301 75.9358
0.00928094 75.9679
0.00953177 75.9952
0.00978261 75.9985
0.0100334 76.0033
0.0102843 76.0076
0.0105351 75.9872
0.010786 75.9558
0.0110368 75.9253
0.0112876 75.8935
0.0115385 75.8242
0.0117893 75.7479
0.0120401 75.6727
0.012291 75.597
0.0125418 75.4936
0.0127926 75.3539
0.0130435 75.224
0.0132943 75.0942
0.0135452 74.9622
0.013796 74.7721
0.0140468 74.5704
0.0142977 74.376
0.0145485 74.1815
0.0147993 73.9852
0.0150502 73.7387
0.015301 73.4503
0.0155518 73.1819
0.0158027 72.9135
0.0160535 72.6452
0.0163043 72.373
0.0165552 72.0054
0.016806 71.6419
0.0170569 71.2922
0.0173077 70.9425
0.0175585 70.5928
0.0178094 70.2401
0.0180602 69.8153
0.018311 69.3429
0.0185619 68.9076
0.0188127 68.4724
0.0190635 68.0371
0.0193144 67.6018
0.0195652 67.1631
0.0198161 66.627
0.0200669 66.0664
0.0203177 65.546
0.0205686 65.0256
0.0208194 64.5052
0.0210702 63.9848
0.0213211 63.463
0.0215719 62.9216
0.0218227 62.2464
0.0220736 61.6298
0.0223244 61.0306
0.0225753 60.4314
0.0228261 59.8322
0.0230769 59.233
0.0233278 58.6335
0.0235786 58.0333
0.0238294 57.3086
0.0240803 56.5937
0.0243311 55.929
0.0245819 55.2643
0.0248328 54.5996
0.0250836 53.9349
0.0253344 53.2702
0.0255853 52.6061
0.0258361 51.9426
0.026087 51.1784
0.0263378 50.4
0.0265886 49.6903
0.0268395 48.9807
0.0270903 48.271
0.0273411 47.5614
0.027592 46.8517
0.0278428 46.1421
0.0280936 45.435
0.0283445 44.7291
0.0285953 43.94
0.0288462 43.1367
0.029097 42.4095
0.0293478 41.6822
0.0295987 40.9549
0.0298495 40.2277
0.0301003 39.5004
0.0303512 38.7731
0.030602 38.0459
0.0308528 37.3246
0.0311037 36.604
0.0313545 35.8262
0.0316054 35.0417
0.0318562 34.3249
0.032107 33.613
0.0323579 32.901
0.0326087 32.1891
0.0328595 31.4772
0.0331104 30.7652
0.0333612 30.0533
0.033612 29.3424
0.0338629 28.6398
0.0341137 27.9373
0.0343645 27.2177
0.0346154 26.4959
0.0348662 25.8198
0.0351171 25.16
0.0353679 24.5001
0.0356187 23.8402
0.0358696 23.1804
0.0361204 22.5205
0.0363712 21.8607
0.0366221 21.2008
0.0368729 20.5427
0.0371237 19.8948
0.0373746 19.2469
0.0376254 18.6223
0.0378763 18.0073
0.0381271 17.4087
0.0383779 16.8409
0.0386288 16.2731
0.0388796 15.7053
0.0391304 15.1375
0.0393813 14.5697
0.0396321 14.0019
0.0398829 13.4341
0.0401338 12.8663
0.0403846 12.2985
0.0406355 11.7436
0.0408863 11.1899
0.0411371 10.6591
0.041388 10.2
0.0416388 9.74088
0.0418896 9.29895
0.0421405 8.86636
0.0423913 8.43377
0.0426421 8.00118
0.042893 7.56859
0.0431438 7.136
0.0433946 6.70341
0.0436455 6.27082
0.0438963 5.83823
0.0441472 5.40564
0.044398 4.97831
0.0446488 4.56372
0.0448997 4.14912
0.0451505 3.81155
0.0454013 3.61354
0.0456522 3.41553
0.045903 3.21691
0.0461538 3.01768
0.0464047 2.81846
0.0466555 2.61924
0.0469064 2.42001
0.0471572 2.22079
0.047408 2.02157
0.0476589 1.82235
0.0479097 1.62312
0.0481605 1.4239
0.0484114 1.22468
0.0486622 1.02821
0.048913 0.848778
0.0491639 0.669342
0.0494147 0.489906
0.0496656 0.453616
0.0499164 0.430552
0.0501672 0.407487
0.0504181 0.382388
0.0506689 0.356745
0.0509197 0.331102
0.0511706 0.305459
0.0514214 0.279816
0.0516722 0.254174
0.0519231 0.228531
0.0521739 0.202888
0.0524247 0.177245
0.0526756 0.151602
0.0529264 0.12596
0.0531773 0.100317
0.0534281 0.0761076
0.0536789 0.0551228
0.0539298 0.034138
0.0541806 0.0131532
0.0544314 0.00806135
0.0546823 0.00776552
0.0549331 0.00746969
0.0551839 0.00714548
0.0554348 0.00676523
0.0556856 0.00638498
0.0559365 0.00600473
0.0561873 0.00562448
0.0564381 0.00524424
0.056689 0.00486399
0.0569398 0.00448374
0.0571906 0.00410349
0.0574415 0.00372324
0.0576923 0.00334299
0.0579431 0.00296275
0.058194 0.0025825
0.0584448 0.00220225
0.0586957 0.00189146
0.0589465 0.00162096
0.0591973 0.00135046
0.0594482 0.00107996
0.059699 0.00104871
0.0599498 0.00109858
0.0602007 0.00114844
0.0604515 0.0011983
0.0607023 0.00124556
0.0609532 0.00129276
0.061204 0.00133996
0.0614548 0.00138717
0.0617057 0.00143437
0.0619565 0.00148157
0.0622074 0.00152877
0.0624582 0.00157598
0.062709 0.00162318
0.0629599 0.00167038
0.0632107 0.00171758
0.0634615 0.00176479
0.0637124 0.00181199
0.0639632 0.00185919
0.064214 0.00190639
0.0644649 0.00195217
0.0647157 0.00199785
0.0649666 0.00204354
0.0652174 0.00208922
0.0654682 0.00214351
0.0657191 0.00220209
0.0659699 0.00226067
0.0662207 0.00231925
0.0664716 0.00237602
0.0667224 0.00243118
0.0669732 0.00248635
0.0672241 0.00254151
0.0674749 0.00259668
0.0677258 0.00265184
0.0679766 0.002707
0.0682274 0.00276217
0.0684783 0.00281733
0.0687291 0.0028725
0.0689799 0.00292766
0.0692308 0.00298283
0.0694816 0.00303799
0.0697324 0.00309315
0.0699833 0.00314832
0.0702341 0.00320348
0.0704849 0.00325863
0.0707358 0.00331253
0.0709866 0.00336644
0.0712375 0.00342034
0.0714883 0.00347425
0.0717391 0.00351036
0.07199 0.00351036
0.0722408 0.00351035
0.0724916 0.00351034
0.0727425 0.00351033
0.0729933 0.00351033
0.0732441 0.00351033
0.073495 0.00351033
0.0737458 0.00351033
0.0739967 0.00351033
0.0742475 0.00351033
0.0744983 0.00351033
0.0747492 0.00351033
