0 2004.78
0.000250836 2058.23
0.000501672 2247.48
0.000752508 2662.69
0.00100334 3238.68
0.00125418 4097.49
0.00150502 5068.88
0.00175585 6239.74
0.00200669 7505.01
0.00225753 8820.8
0.00250836 10112.5
0.0027592 11335.4
0.00301003 12452.6
0.00326087 13353.5
0.00351171 14141
0.00376254 14649
0.00401338 14978.1
0.00426421 15149.4
0.00451505 15042.9
0.00476589 14834.5
0.00501672 14442.5
0.00526756 13925.7
0.00551839 13323.3
0.00576923 12608.3
0.00602007 11854.5
0.0062709 11041.3
0.00652174 10205.3
0.00677258 9361.44
0.00702341 8513.04
0.00727425 7665.11
0.00752508 6859.55
0.00777592 6056.07
0.00802676 5289.87
0.00827759 4609.19
0.00852843 3928.51
0.00877926 3310.56
0.0090301 2806.74
0.00928094 2302.93
0.00953177 1820.31
0.00978261 1505.37
0.0100334 1190.44
0.0102843 875.502
0.0105351 653.592
0.010786 507.465
0.0110368 361.337
0.0112876 215.21
0.0115385 140.076
0.0117893 104.929
0.0120401 69.781
0.012291 34.6335
0.0125418 10.8014
0.0127926 8.36512
0.0130435 5.92888
0.0132943 3.49264
0.0135452 1.0564
0.013796 0.147142
0.0140468 0.116837
0.0142977 0.0865326
0.0145485 0.0562279
0.0147993 0.0259232
0.0150502 0.00951149
0.015301 0.0093415
0.0155518 0.00917152
0.0158027 0.00900153
0.0160535 0.00883155
0.0163043 0.00866157
0.0165552 0.00862593
0.016806 0.00862881
0.0170569 0.00863168
0.0173077 0.00863456
0.0175585 0.00863744
0.0178094 0.00864032
0.0180602 0.00864385
0.018311 0.00864787
0.0185619 0.00865188
0.0188127 0.00865589
0.0190635 0.0086599
0.0193144 0.00866392
0.0195652 0.00866793
0.0198161 0.00867193
0.0200669 0.00867586
0.0203177 0.00867978
0.0205686 0.0086837
0.0208194 0.00868762
0.0210702 0.00869155
0.0213211 0.00869547
0.0215719 0.00869939
0.0218227 0.00870296
0.0220736 0.00870654
0.0223244 0.00871011
0.0225753 0.00871369
0.0228261 0.00871726
0.0230769 0.00872083
0.0233278 0.00872441
0.0235786 0.00872798
0.0238294 0.0087312
0.0240803 0.00873433
0.0243311 0.00873746
0.0245819 0.00874059
0.0248328 0.00874371
0.0250836 0.00874684
0.0253344 0.00874997
0.0255853 0.0087531
0.0258361 0.00875622
0.026087 0.00875895
0.0263378 0.00876154
0.0265886 0.00876412
0.0268395 0.00876671
0.0270903 0.0087693
0.0273411 0.00877188
0.027592 0.00877447
0.0278428 0.00877706
0.0280936 0.00877964
0.0283445 0.00878223
0.0285953 0.00878446
0.0288462 0.00878659
0.029097 0.00878872
0.0293478 0.00879085
0.0295987 0.00879298
0.0298495 0.00879511
0.0301003 0.00879724
0.0303512 0.00879938
0.030602 0.00880151
0.0308528 0.00880364
0.0311037 0.00880579
0.0313545 0.0088074
0.0316054 0.00880897
0.0318562 0.00881053
0.032107 0.00881209
0.0323579 0.00881365
0.0326087 0.00881521
0.0328595 0.00881678
0.0331104 0.00881834
0.0333612 0.0088199
0.033612 0.00882146
0.0338629 0.00882302
0.0341137 0.00882461
0.0343645 0.00882589
0.0346154 0.00882715
0.0348662 0.00882842
0.0351171 0.00882968
0.0353679 0.00883094
0.0356187 0.0088322
0.0358696 0.00883347
0.0361204 0.00883473
0.0363712 0.00883599
0.0366221 0.00883726
0.0368729 0.00883852
0.0371237 0.00883978
0.0373746 0.00884104
0.0376254 0.00884188
0.0378763 0.00884253
0.0381271 0.00884319
0.0383779 0.00884385
0.0386288 0.0088445
0.0388796 0.00884516
0.0391304 0.00884581
0.0393813 0.00884647
0.0396321 0.00884713
0.0398829 0.00884778
0.0401338 0.00884844
0.0403846 0.00884909
0.0406355 0.00884975
0.0408863 0.00885041
0.0411371 0.00885103
0.041388 0.00885156
0.0416388 0.00885209
0.0418896 0.00885261
0.0421405 0.00885314
0.0423913 0.00885366
0.0426421 0.00885419
0.042893 0.00885472
0.0431438 0.00885524
0.0433946 0.00885577
0.0436455 0.0088563
0.0438963 0.00885682
0.0441472 0.00885735
0.044398 0.00885787
0.0446488 0.0088584
0.0448997 0.00885893
0.0451505 0.00885926
0.0454013 0.00885923
0.0456522 0.00885921
0.045903 0.00885919
0.0461538 0.00885917
0.0464047 0.00885914
0.0466555 0.00885912
0.0469064 0.0088591
0.0471572 0.00885908
0.047408 0.00885905
0.0476589 0.00885903
0.0479097 0.00885901
0.0481605 0.00885899
0.0484114 0.00885896
0.0486622 0.00885894
0.048913 0.00885892
0.0491639 0.0088589
0.0494147 0.00885893
0.0496656 0.00885852
0.0499164 0.00885813
0.0501672 0.00885775
0.0504181 0.00885737
0.0506689 0.00885699
0.0509197 0.0088566
0.0511706 0.00885622
0.0514214 0.00885584
0.0516722 0.00885545
0.0519231 0.00885507
0.0521739 0.00885469
0.0524247 0.00885431
0.0526756 0.00885392
0.0529264 0.00885354
0.0531773 0.00885316
0.0534281 0.00885277
0.0536789 0.00885239
0.0539298 0.00885201
0.0541806 0.00885164
0.0544314 0.00885112
0.0546823 0.00885058
0.0549331 0.00885005
0.0551839 0.00884951
0.0554348 0.00884898
0.0556856 0.00884844
0.0559365 0.0088479
0.0561873 0.00884737
0.0564381 0.00884683
0.056689 0.0088463
0.0569398 0.00884576
0.0571906 0.00884523
0.0574415 0.00884469
0.0576923 0.00884416
0.0579431 0.00884362
0.058194 0.00884309
0.0584448 0.00884255
0.0586957 0.00884202
0.0589465 0.00884148
0.0591973 0.00884095
0.0594482 0.00884043
0.059699 0.00885092
0.0599498 0.00886509
0.0602007 0.00887926
0.0604515 0.00889342
0.0607023 0.00890759
0.0609532 0.00892176
0.061204 0.00893592
0.0614548 0.00895009
0.0617057 0.00896426
0.0619565 0.00897842
0.0622074 0.00899259
0.0624582 0.00900676
0.062709 0.00902093
0.0629599 0.00903509
0.0632107 0.00904926
0.0634615 0.00906343
0.0637124 0.00907759
0.0639632 0.00909176
0.064214 0.00910593
0.0644649 0.00912009
0.0647157 0.00913426
0.0649666 0.00914843
0.0652174 0.00916259
0.0654682 0.00911202
0.0657191 0.00903648
0.0659699 0.00896094
0.0662207 0.0088854
0.0664716 0.00880985
0.0667224 0.00873431
0.0669732 0.00865877
0.0672241 0.00858323
0.0674749 0.00850769
0.0677258 0.00843215
0.0679766 0.0083566
0.0682274 0.00828106
0.0684783 0.00820552
0.0687291 0.00812998
0.0689799 0.00805444
0.0692308 0.00797889
0.0694816 0.00790335
0.0697324 0.00782781
0.0699833 0.00775227
0.0702341 0.00767673
0.0704849 0.00760119
0.0707358 0.00752564
0.0709866 0.0074501
0.0712375 0.00737456
0.0714883 0.00729902
0.0717391 0.00724438
0.07199 0.00724438
0.0722408 0.00724438
0.0724916 0.00724438
0.0727425 0.00724438
0.0729933 0.00724438
0.0732441 0.00724438
0.073495 0.00724438
0.0737458 0.00724438
0.0739967 0.00724438
0.0742475 0.00724438
0.0744983 0.00724438
0.0747492 0.00724438
