0 1565.53
0.000250836 1568.09
0.000501672 1559.89
0.000752508 1555.16
0.00100334 1550.16
0.00125418 1547.82
0.00150502 1547.03
0.00175585 1547.69
0.00200669 1550.2
0.00225753 1553.1
0.00250836 1557.56
0.0027592 1562.46
0.00301003 1567.54
0.00326087 1572.81
0.00351171 1577.86
0.00376254 1582.44
0.00401338 1586.48
0.00426421 1589.91
0.00451505 1592.01
0.00476589 1593.4
0.00501672 1593.5
0.00526756 1592.06
0.00551839 1589.95
0.00576923 1585.34
0.00602007 1580.61
0.0062709 1572.88
0.00652174 1564.98
0.00677258 1554.75
0.00702341 1542.91
0.00727425 1531.46
0.00752508 1514.44
0.00777592 1499.56
0.00802676 1482.5
0.00827759 1461.82
0.00852843 1443.09
0.00877926 1421.88
0.0090301 1397
0.00928094 1374.68
0.00953177 1351.44
0.00978261 1322.43
0.0100334 1296.27
0.0102843 1270.5
0.0105351 1241.43
0.010786 1209.98
0.0110368 1181.82
0.0112876 1153.51
0.0115385 1121.85
0.0117893 1088.4
0.0120401 1058.55
0.012291 1028.61
0.0125418 997.283
0.0127926 963.14
0.0130435 931.193
0.0132943 900.739
0.0135452 870.309
0.013796 838.154
0.0140468 804.905
0.0142977 774.051
0.0145485 744.281
0.0147993 714.598
0.0150502 684.358
0.015301 653.386
0.0155518 623.429
0.0158027 595.416
0.0160535 567.712
0.0163043 540.007
0.0165552 512.473
0.016806 484.997
0.0170569 458.615
0.0173077 433.578
0.0175585 408.945
0.0178094 384.312
0.0180602 360.727
0.018311 338.186
0.0185619 315.645
0.0188127 294.712
0.0190635 274.117
0.0193144 253.856
0.0195652 233.595
0.0198161 215.98
0.0200669 199.813
0.0203177 183.647
0.0205686 168.26
0.0208194 153.145
0.0210702 138.572
0.0213211 123.998
0.0215719 110.03
0.0218227 100.498
0.0220736 90.9657
0.0223244 81.4535
0.0225753 72.1399
0.0228261 63.0241
0.0230769 54.4033
0.0233278 45.7825
0.0235786 37.1618
0.0238294 32.9016
0.0240803 29.3653
0.0243311 25.829
0.0245819 22.1913
0.0248328 18.4648
0.0250836 15.0225
0.0253344 11.8129
0.0255853 8.60337
0.0258361 5.3938
0.026087 4.3481
0.0263378 3.8902
0.0265886 3.43231
0.0268395 2.96202
0.0270903 2.41339
0.0273411 1.86476
0.027592 1.44204
0.0278428 1.02468
0.0280936 0.607328
0.0283445 0.189973
0.0285953 0.109481
0.0288462 0.0993384
0.029097 0.0891956
0.0293478 0.0790527
0.0295987 0.0656564
0.0298495 0.0515475
0.0301003 0.0395079
0.0303512 0.0302151
0.030602 0.0209223
0.0308528 0.0116295
0.0311037 0.00233669
0.0313545 0.00131041
0.0316054 0.00127152
0.0318562 0.00123263
0.032107 0.00119374
0.0323579 0.00114613
0.0326087 0.00108959
0.0328595 0.00103305
0.0331104 0.000994564
0.0333612 0.000958787
0.033612 0.00092301
0.0338629 0.000887234
0.0341137 0.000851457
0.0343645 0.000847441
0.0346154 0.000847384
0.0348662 0.000847328
0.0351171 0.000847271
0.0353679 0.000847212
0.0356187 0.000847116
0.0358696 0.000847019
0.0361204 0.000846935
0.0363712 0.00084691
0.0366221 0.000846885
0.0368729 0.000846861
0.0371237 0.000846836
0.0373746 0.000846811
0.0376254 0.000846785
0.0378763 0.000846758
0.0381271 0.000846731
0.0383779 0.000846704
0.0386288 0.000846677
0.0388796 0.000846656
0.0391304 0.000846641
0.0393813 0.000846627
0.0396321 0.000846617
0.0398829 0.00084662
0.0401338 0.000846624
0.0403846 0.000846627
0.0406355 0.00084663
0.0408863 0.000846633
0.0411371 0.000846647
0.041388 0.000846696
0.0416388 0.000846745
0.0418896 0.000846795
0.0421405 0.000846844
0.0423913 0.000846893
0.0426421 0.000846947
0.042893 0.000847007
0.0431438 0.000847067
0.0433946 0.000847127
0.0436455 0.0008472
0.0438963 0.000847273
0.0441472 0.000847347
0.044398 0.000847421
0.0446488 0.000847494
0.0448997 0.000847568
0.0451505 0.000847597
0.0454013 0.000847543
0.0456522 0.00084749
0.045903 0.000847437
0.0461538 0.000847384
0.0464047 0.000847331
0.0466555 0.000847278
0.0469064 0.00084724
0.0471572 0.000847203
0.047408 0.000847166
0.0476589 0.000847131
0.0479097 0.000847109
0.0481605 0.000847087
0.0484114 0.000847065
0.0486622 0.000847043
0.048913 0.000847022
0.0491639 0.000847
0.0494147 0.000846978
0.0496656 0.000846904
0.0499164 0.000846825
0.0501672 0.000846747
0.0504181 0.000846668
0.0506689 0.000846589
0.0509197 0.000846511
0.0511706 0.000846432
0.0514214 0.00084637
0.0516722 0.00084631
0.0519231 0.00084625
0.0521739 0.00084619
0.0524247 0.00084614
0.0526756 0.000846093
0.0529264 0.000846047
0.0531773 0.000846
0.0534281 0.000845953
0.0536789 0.000845907
0.0539298 0.00084586
0.0541806 0.000845814
0.0544314 0.000845883
0.0546823 0.000845988
0.0549331 0.000846092
0.0551839 0.000846196
0.0554348 0.000846301
0.0556856 0.000846405
0.0559365 0.00084651
0.0561873 0.000846615
0.0564381 0.000846733
0.056689 0.000846852
0.0569398 0.000846971
0.0571906 0.000847089
0.0574415 0.00084721
0.0576923 0.000847335
0.0579431 0.000847459
0.058194 0.000847584
0.0584448 0.000847709
0.0586957 0.000847833
0.0589465 0.000847958
0.0591973 0.000848082
0.0594482 0.000848207
0.059699 0.000857745
0.0599498 0.000870475
0.0602007 0.000883205
0.0604515 0.000895935
0.0607023 0.000908665
0.0609532 0.000921395
0.061204 0.000934125
0.0614548 0.000946855
0.0617057 0.000959453
0.0619565 0.00097173
0.0622074 0.000984007
0.0624582 0.000996284
0.062709 0.00100856
0.0629599 0.00102078
0.0632107 0.00103283
0.0634615 0.00104487
0.0637124 0.00105692
0.0639632 0.00106896
0.064214 0.00108101
0.0644649 0.00109306
0.0647157 0.0011051
0.0649666 0.00111715
0.0652174 0.00112919
0.0654682 0.0012034
0.0657191 0.00130852
0.0659699 0.00141365
0.0662207 0.00151877
0.0664716 0.00162389
0.0667224 0.00172901
0.0669732 0.00183413
0.0672241 0.00193925
0.0674749 0.00204437
0.0677258 0.00214799
0.0679766 0.00224921
0.0682274 0.00235042
0.0684783 0.00245163
0.0687291 0.00255284
0.0689799 0.00265406
0.0692308 0.00275393
0.0694816 0.00285356
0.0697324 0.00295319
0.0699833 0.00305281
0.0702341 0.00315244
0.0704849 0.00325207
0.0707358 0.0033517
0.0709866 0.00345132
0.0712375 0.00355095
0.0714883 0.00365058
0.0717391 0.00371732
0.07199 0.00371729
0.0722408 0.00371727
0.0724916 0.00371724
0.0727425 0.00371721
0.0729933 0.00371719
0.0732441 0.00371716
0.073495 0.00371713
0.0737458 0.00371711
0.0739967 0.00371708
0.0742475 0.00371706
0.0744983 0.00371706
0.0747492 0.00371706
