0 129.473
0.000250836 129.473
0.000501672 129.489
0.000752508 129.512
0.00100334 129.545
0.00125418 129.603
0.00150502 129.666
0.00175585 129.751
0.00200669 129.848
0.00225753 129.952
0.00250836 130.077
0.0027592 130.205
0.00301003 130.343
0.00326087 130.494
0.00351171 130.646
0.00376254 130.81
0.00401338 130.975
0.00426421 131.143
0.00451505 131.318
0.00476589 131.49
0.00501672 131.664
0.00526756 131.835
0.00551839 132
0.00576923 132.165
0.00602007 132.32
0.0062709 132.47
0.00652174 132.611
0.00677258 132.74
0.00702341 132.86
0.00727425 132.969
0.00752508 133.054
0.00777592 133.131
0.00802676 133.193
0.00827759 133.224
0.00852843 133.252
0.00877926 133.257
0.0090301 133.22
0.00928094 133.183
0.00953177 133.141
0.00978261 133.017
0.0100334 132.892
0.0102843 132.782
0.0105351 132.606
0.010786 132.374
0.0110368 132.149
0.0112876 131.944
0.0115385 131.641
0.0117893 131.28
0.0120401 130.928
0.012291 130.609
0.0125418 130.227
0.0127926 129.718
0.0130435 129.205
0.0132943 128.74
0.0135452 128.29
0.013796 127.702
0.0140468 127.027
0.0142977 126.349
0.0145485 125.736
0.0147993 125.139
0.0150502 124.432
0.015301 123.581
0.0155518 122.729
0.0158027 121.911
0.0160535 121.157
0.0163043 120.403
0.0165552 119.444
0.016806 118.414
0.0170569 117.384
0.0173077 116.398
0.0175585 115.485
0.0178094 114.572
0.0180602 113.516
0.018311 112.317
0.0185619 111.119
0.0188127 109.922
0.0190635 108.832
0.0193144 107.768
0.0195652 106.703
0.0198161 105.458
0.0200669 104.113
0.0203177 102.769
0.0205686 101.428
0.0208194 100.175
0.0210702 98.9792
0.0213211 97.7833
0.0215719 96.5566
0.0218227 95.1038
0.0220736 93.6511
0.0223244 92.1983
0.0225753 90.7548
0.0228261 89.4127
0.0230769 88.1186
0.0233278 86.8244
0.0235786 85.5303
0.0238294 84.0517
0.0240803 82.5424
0.0243311 81.033
0.0245819 79.5266
0.0248328 78.0355
0.0250836 76.6849
0.0253344 75.338
0.0255853 73.9912
0.0258361 72.6443
0.026087 71.1748
0.0263378 69.672
0.0265886 68.1693
0.0268395 66.6665
0.0270903 65.1809
0.0273411 63.7593
0.027592 62.4155
0.0278428 61.0717
0.0280936 59.728
0.0283445 58.3842
0.0285953 56.9723
0.0288462 55.5462
0.029097 54.1201
0.0293478 52.6939
0.0295987 51.2783
0.0298495 49.8807
0.0301003 48.5955
0.0303512 47.3173
0.030602 46.0391
0.0308528 44.761
0.0311037 43.4828
0.0313545 42.2054
0.0316054 40.9281
0.0318562 39.6508
0.032107 38.3735
0.0323579 37.0961
0.0326087 35.8511
0.0328595 34.648
0.0331104 33.5002
0.0333612 32.3524
0.033612 31.2046
0.0338629 30.0568
0.0341137 28.909
0.0343645 27.8405
0.0346154 26.7819
0.0348662 25.7232
0.0351171 24.6646
0.0353679 23.6059
0.0356187 22.5652
0.0358696 21.5412
0.0361204 20.5728
0.0363712 19.6186
0.0366221 18.6645
0.0368729 17.7104
0.0371237 16.7563
0.0373746 15.8022
0.0376254 14.9967
0.0378763 14.252
0.0381271 13.5072
0.0383779 12.7624
0.0386288 12.0176
0.0388796 11.2728
0.0391304 10.562
0.0393813 9.85913
0.0396321 9.18336
0.0398829 8.50992
0.0401338 7.83649
0.0403846 7.16305
0.0406355 6.48962
0.0408863 5.81618
0.0411371 5.22984
0.041388 4.91788
0.0416388 4.60593
0.0418896 4.29398
0.0421405 3.98202
0.0423913 3.67007
0.0426421 3.35811
0.042893 3.07409
0.0431438 2.79869
0.0433946 2.518
0.0436455 2.23492
0.0438963 1.95185
0.0441472 1.66877
0.044398 1.3857
0.0446488 1.10262
0.0448997 0.819546
0.0451505 0.623396
0.0454013 0.584766
0.0456522 0.546136
0.045903 0.507507
0.0461538 0.468877
0.0464047 0.430247
0.0466555 0.391618
0.0469064 0.355156
0.0471572 0.325384
0.047408 0.295612
0.0476589 0.260592
0.0479097 0.225392
0.0481605 0.190192
0.0484114 0.154993
0.0486622 0.119793
0.048913 0.0845928
0.0491639 0.049393
0.0494147 0.0141932
0.0496656 0.0106456
0.0499164 0.0100227
0.0501672 0.00939989
0.0504181 0.00877703
0.0506689 0.00815417
0.0509197 0.00753132
0.0511706 0.00690846
0.0514214 0.00631175
0.0516722 0.00592942
0.0519231 0.0055471
0.0521739 0.00505043
0.0524247 0.00448
0.0526756 0.00390957
0.0529264 0.00333914
0.0531773 0.00276871
0.0534281 0.00219829
0.0536789 0.00162786
0.0539298 0.00105743
0.0541806 0.000487
0.0544314 0.000366656
0.0546823 0.000382134
0.0549331 0.000397612
0.0551839 0.00041309
0.0554348 0.000428568
0.0556856 0.000444046
0.0559365 0.000459524
0.0561873 0.000475002
0.0564381 0.000490214
0.056689 0.000504341
0.0569398 0.000518469
0.0571906 0.00053262
0.0574415 0.000546801
0.0576923 0.000560981
0.0579431 0.000575161
0.058194 0.000589341
0.0584448 0.000603521
0.0586957 0.000617701
0.0589465 0.000631882
0.0591973 0.000646062
0.0594482 0.000660242
0.059699 0.000696512
0.0599498 0.00074027
0.0602007 0.000784029
0.0604515 0.000827788
0.0607023 0.000871546
0.0609532 0.000915305
0.061204 0.000959063
0.0614548 0.00100282
0.0617057 0.00104658
0.0619565 0.00108925
0.0622074 0.00112976
0.0624582 0.00117028
0.062709 0.00121072
0.0629599 0.001251
0.0632107 0.00129129
0.0634615 0.00133157
0.0637124 0.00137185
0.0639632 0.00141213
0.064214 0.00145242
0.0644649 0.0014927
0.0647157 0.00153298
0.0649666 0.00157326
0.0652174 0.00161355
0.0654682 0.00168199
0.0657191 0.00176444
0.0659699 0.00184689
0.0662207 0.00192934
0.0664716 0.00201178
0.0667224 0.00209423
0.0669732 0.00217668
0.0672241 0.00225913
0.0674749 0.00234158
0.0677258 0.00242402
0.0679766 0.00250593
0.0682274 0.00258679
0.0684783 0.00266764
0.0687291 0.00274837
0.0689799 0.00282463
0.0692308 0.0029009
0.0694816 0.00297716
0.0697324 0.00305343
0.0699833 0.00312969
0.0702341 0.00320596
0.0704849 0.00328223
0.0707358 0.00335849
0.0709866 0.00343476
0.0712375 0.00351102
0.0714883 0.00358729
0.0717391 0.00363839
0.07199 0.0036384
0.0722408 0.00363841
0.0724916 0.00363842
0.0727425 0.00363843
0.0729933 0.00363844
0.0732441 0.00363845
0.073495 0.00363846
0.0737458 0.00363847
0.0739967 0.00363848
0.0742475 0.00363849
0.0744983 0.0036385
0.0747492 0.0036385
