0 28.953
0.000250836 28.9542
0.000501672 28.9599
0.000752508 28.9657
0.00100334 28.9719
0.00125418 28.9799
0.00150502 28.9885
0.00175585 28.9987
0.00200669 29.0101
0.00225753 29.0222
0.00250836 29.0365
0.0027592 29.0511
0.00301003 29.0671
0.00326087 29.0842
0.00351171 29.1018
0.00376254 29.1212
0.00401338 29.1407
0.00426421 29.1612
0.00451505 29.1828
0.00476589 29.2048
0.00501672 29.2279
0.00526756 29.2507
0.00551839 29.2743
0.00576923 29.2981
0.00602007 29.3224
0.0062709 29.3465
0.00652174 29.3712
0.00677258 29.3949
0.00702341 29.4194
0.00727425 29.4427
0.00752508 29.4665
0.00777592 29.4902
0.00802676 29.5121
0.00827759 29.5341
0.00852843 29.556
0.00877926 29.5757
0.0090301 29.5948
0.00928094 29.6138
0.00953177 29.6312
0.00978261 29.6461
0.0100334 29.6608
0.0102843 29.675
0.0105351 29.6861
0.010786 29.6946
0.0110368 29.703
0.0112876 29.7113
0.0115385 29.7146
0.0117893 29.7146
0.0120401 29.7146
0.012291 29.7147
0.0125418 29.7116
0.0127926 29.7007
0.0130435 29.6895
0.0132943 29.6783
0.0135452 29.6683
0.013796 29.6496
0.0140468 29.6245
0.0142977 29.5991
0.0145485 29.5737
0.0147993 29.5503
0.0150502 29.5197
0.015301 29.4772
0.0155518 29.4344
0.0158027 29.3916
0.0160535 29.3487
0.0163043 29.3113
0.0165552 29.2546
0.016806 29.191
0.0170569 29.1272
0.0173077 29.0634
0.0175585 28.9996
0.0178094 28.9425
0.0180602 28.8705
0.018311 28.7826
0.0185619 28.6945
0.0188127 28.6063
0.0190635 28.5182
0.0193144 28.4314
0.0195652 28.3536
0.0198161 28.2515
0.0200669 28.136
0.0203177 28.0206
0.0205686 27.9052
0.0208194 27.7898
0.0210702 27.6743
0.0213211 27.5688
0.0215719 27.4614
0.0218227 27.3161
0.0220736 27.1712
0.0223244 27.0264
0.0225753 26.8817
0.0228261 26.7369
0.0230769 26.5922
0.0233278 26.4578
0.0235786 26.3291
0.0238294 26.16
0.0240803 25.9843
0.0243311 25.8096
0.0245819 25.6348
0.0248328 25.4601
0.0250836 25.2853
0.0253344 25.1106
0.0255853 24.9499
0.0258361 24.7939
0.026087 24.5993
0.0263378 24.3941
0.0265886 24.1904
0.0268395 23.9869
0.0270903 23.7834
0.0273411 23.58
0.027592 23.3765
0.0278428 23.173
0.0280936 22.9903
0.0283445 22.808
0.0285953 22.5854
0.0288462 22.3543
0.029097 22.1251
0.0293478 21.8966
0.0295987 21.668
0.0298495 21.4395
0.0301003 21.2109
0.0303512 20.9824
0.030602 20.7597
0.0308528 20.5542
0.0311037 20.3486
0.0313545 20.1028
0.0316054 19.8522
0.0318562 19.6036
0.032107 19.3563
0.0323579 19.109
0.0326087 18.8618
0.0328595 18.6145
0.0331104 18.3672
0.0333612 18.12
0.033612 17.8843
0.0338629 17.661
0.0341137 17.4377
0.0343645 17.1809
0.0346154 16.9199
0.0348662 16.6605
0.0351171 16.4038
0.0353679 16.147
0.0356187 15.8903
0.0358696 15.6336
0.0361204 15.3769
0.0363712 15.1201
0.0366221 14.8634
0.0368729 14.62
0.0371237 14.387
0.0373746 14.1541
0.0376254 13.9025
0.0378763 13.6433
0.0381271 13.3841
0.0383779 13.1297
0.0386288 12.8755
0.0388796 12.6214
0.0391304 12.3672
0.0393813 12.1131
0.0396321 11.8589
0.0398829 11.6048
0.0401338 11.3506
0.0403846 11.1047
0.0406355 10.8729
0.0408863 10.641
0.0411371 10.4067
0.041388 10.1643
0.0416388 9.92198
0.0418896 9.68082
0.0421405 9.44417
0.0423913 9.20753
0.0426421 8.97089
0.042893 8.73424
0.0431438 8.4976
0.0433946 8.26096
0.0436455 8.02431
0.0438963 7.78767
0.0441472 7.55103
0.044398 7.32969
0.0446488 7.11242
0.0448997 6.89514
0.0451505 6.6817
0.0454013 6.47519
0.0456522 6.26868
0.045903 6.06232
0.0461538 5.86183
0.0464047 5.66134
0.0466555 5.46085
0.0469064 5.26036
0.0471572 5.05988
0.047408 4.85939
0.0476589 4.6589
0.0479097 4.45841
0.0481605 4.25792
0.0484114 4.05743
0.0486622 3.86713
0.048913 3.68149
0.0491639 3.49585
0.0494147 3.31021
0.0496656 3.16534
0.0499164 3.02423
0.0501672 2.88313
0.0504181 2.74395
0.0506689 2.61027
0.0509197 2.4766
0.0511706 2.34292
0.0514214 2.20924
0.0516722 2.07556
0.0519231 1.94189
0.0521739 1.80821
0.0524247 1.67453
0.0526756 1.54085
0.0529264 1.40718
0.0531773 1.2735
0.0534281 1.14569
0.0536789 1.01847
0.0539298 0.891246
0.0541806 0.764026
0.0544314 0.706197
0.0546823 0.669309
0.0549331 0.632421
0.0551839 0.595534
0.0554348 0.562025
0.0556856 0.529619
0.0559365 0.497212
0.0561873 0.464806
0.0564381 0.432399
0.056689 0.399993
0.0569398 0.367586
0.0571906 0.33518
0.0574415 0.302774
0.0576923 0.270367
0.0579431 0.237961
0.058194 0.205554
0.0584448 0.172866
0.0586957 0.139497
0.0589465 0.106127
0.0591973 0.0727579
0.0594482 0.0393884
0.059699 0.0298198
0.0599498 0.0283198
0.0602007 0.0268198
0.0604515 0.0253198
0.0607023 0.0239404
0.0609532 0.0227951
0.061204 0.0216498
0.0614548 0.0205046
0.0617057 0.0193593
0.0619565 0.018214
0.0622074 0.0170687
0.0624582 0.0159235
0.062709 0.0147782
0.0629599 0.0136329
0.0632107 0.0124877
0.0634615 0.0113424
0.0637124 0.0101971
0.0639632 0.00905184
0.064214 0.00776368
0.0644649 0.0064013
0.0647157 0.00503892
0.0649666 0.00367655
0.0652174 0.00231417
0.0654682 0.00188916
0.0657191 0.00193026
0.0659699 0.00197136
0.0662207 0.00201246
0.0664716 0.00205355
0.0667224 0.00209493
0.0669732 0.00213637
0.0672241 0.00217781
0.0674749 0.00221925
0.0677258 0.00226068
0.0679766 0.00230212
0.0682274 0.00234356
0.0684783 0.002385
0.0687291 0.00242643
0.0689799 0.00246787
0.0692308 0.00250931
0.0694816 0.00255075
0.0697324 0.00259218
0.0699833 0.00263362
0.0702341 0.00267506
0.0704849 0.00271325
0.0707358 0.00275068
0.0709866 0.00278811
0.0712375 0.00282554
0.0714883 0.00286296
0.0717391 0.00288804
0.07199 0.00288803
0.0722408 0.00288803
0.0724916 0.00288802
0.0727425 0.00288802
0.0729933 0.00288801
0.0732441 0.00288801
0.073495 0.00288801
0.0737458 0.00288801
0.0739967 0.00288801
0.0742475 0.00288801
0.0744983 0.00288801
0.0747492 0.00288801
