0 45.0562
0.000250836 45.0575
0.000501672 45.0701
0.000752508 45.0822
0.00100334 45.0946
0.00125418 45.1112
0.00150502 45.1284
0.00175585 45.1491
0.00200669 45.1719
0.00225753 45.1958
0.00250836 45.2243
0.0027592 45.2529
0.00301003 45.2843
0.00326087 45.3181
0.00351171 45.3526
0.00376254 45.3904
0.00401338 45.4283
0.00426421 45.4681
0.00451505 45.51
0.00476589 45.5522
0.00501672 45.596
0.00526756 45.64
0.00551839 45.6839
0.00576923 45.7294
0.00602007 45.7738
0.0062709 45.819
0.00652174 45.8639
0.00677258 45.9071
0.00702341 45.9521
0.00727425 45.9926
0.00752508 46.0348
0.00777592 46.075
0.00802676 46.1124
0.00827759 46.1493
0.00852843 46.1841
0.00877926 46.2159
0.0090301 46.245
0.00928094 46.2727
0.00953177 46.298
0.00978261 46.3165
0.0100334 46.334
0.0102843 46.3506
0.0105351 46.3601
0.010786 46.3634
0.0110368 46.3659
0.0112876 46.3693
0.0115385 46.3604
0.0117893 46.3442
0.0120401 46.327
0.012291 46.3129
0.0125418 46.29
0.0127926 46.249
0.0130435 46.2072
0.0132943 46.1675
0.0135452 46.1315
0.013796 46.0737
0.0140468 46.002
0.0142977 45.9294
0.0145485 45.8605
0.0147993 45.7973
0.0150502 45.7146
0.015301 45.6063
0.0155518 45.4974
0.0158027 45.3882
0.0160535 45.2911
0.0163043 45.1954
0.0165552 45.0587
0.016806 44.9079
0.0170569 44.7567
0.0173077 44.6053
0.0175585 44.4695
0.0178094 44.3362
0.0180602 44.1704
0.018311 43.9723
0.0185619 43.7742
0.0188127 43.5759
0.0190635 43.3831
0.0193144 43.2077
0.0195652 43.0323
0.0198161 42.8096
0.0200669 42.561
0.0203177 42.3124
0.0205686 42.0642
0.0208194 41.816
0.0210702 41.5948
0.0213211 41.3744
0.0215719 41.1445
0.0218227 40.8445
0.0220736 40.5446
0.0223244 40.2451
0.0225753 39.9465
0.0228261 39.6479
0.0230769 39.3813
0.0233278 39.1152
0.0235786 38.849
0.0238294 38.5121
0.0240803 38.1634
0.0243311 37.8148
0.0245819 37.4681
0.0248328 37.1219
0.0250836 36.7839
0.0253344 36.4741
0.0255853 36.1643
0.0258361 35.8546
0.026087 35.4812
0.0263378 35.0905
0.0265886 34.6998
0.0268395 34.3109
0.0270903 33.924
0.0273411 33.5371
0.027592 33.1738
0.0278428 32.8262
0.0280936 32.4786
0.0283445 32.131
0.0285953 31.7223
0.0288462 31.3009
0.029097 30.8794
0.0293478 30.4588
0.0295987 30.0425
0.0298495 29.6262
0.0301003 29.2114
0.0303512 28.8358
0.030602 28.4602
0.0308528 28.0846
0.0311037 27.709
0.0313545 27.2789
0.0316054 26.8423
0.0318562 26.4058
0.032107 25.9692
0.0323579 25.5384
0.0326087 25.1085
0.0328595 24.6785
0.0331104 24.2661
0.0333612 23.8763
0.033612 23.4865
0.0338629 23.0967
0.0341137 22.7069
0.0343645 22.2797
0.0346154 21.8478
0.0348662 21.4159
0.0351171 20.984
0.0353679 20.5559
0.0356187 20.132
0.0358696 19.708
0.0361204 19.284
0.0363712 18.8865
0.0366221 18.5
0.0368729 18.1136
0.0371237 17.7272
0.0373746 17.3408
0.0376254 16.9419
0.0378763 16.5381
0.0381271 16.1342
0.0383779 15.7303
0.0386288 15.3265
0.0388796 14.9304
0.0391304 14.5355
0.0393813 14.1407
0.0396321 13.7458
0.0398829 13.3745
0.0401338 13.0123
0.0403846 12.6501
0.0406355 12.2879
0.0408863 11.9256
0.0411371 11.5667
0.041388 11.2181
0.0416388 10.8695
0.0418896 10.5209
0.0421405 10.1723
0.0423913 9.82367
0.0426421 9.48417
0.042893 9.1454
0.0431438 8.80662
0.0433946 8.46785
0.0436455 8.13852
0.0438963 7.82501
0.0441472 7.5115
0.044398 7.19799
0.0446488 6.88448
0.0448997 6.57097
0.0451505 6.27571
0.0454013 6.01354
0.0456522 5.75137
0.045903 5.48919
0.0461538 5.22702
0.0464047 4.96485
0.0466555 4.70848
0.0469064 4.45747
0.0471572 4.20646
0.047408 3.95545
0.0476589 3.70444
0.0479097 3.46101
0.0481605 3.22452
0.0484114 2.98802
0.0486622 2.75153
0.048913 2.51504
0.0491639 2.27854
0.0494147 2.04205
0.0496656 1.92737
0.0499164 1.82394
0.0501672 1.72052
0.0504181 1.61709
0.0506689 1.51367
0.0509197 1.41024
0.0511706 1.31236
0.0514214 1.21981
0.0516722 1.12726
0.0519231 1.03472
0.0521739 0.942172
0.0524247 0.849602
0.0526756 0.755995
0.0529264 0.662388
0.0531773 0.568781
0.0534281 0.475174
0.0536789 0.381567
0.0539298 0.287959
0.0541806 0.194352
0.0544314 0.165802
0.0546823 0.156884
0.0549331 0.147965
0.0551839 0.139047
0.0554348 0.130129
0.0556856 0.121211
0.0559365 0.112293
0.0561873 0.104701
0.0564381 0.097588
0.056689 0.090475
0.0569398 0.083362
0.0571906 0.076249
0.0574415 0.069136
0.0576923 0.0613189
0.0579431 0.0532156
0.058194 0.0451123
0.0584448 0.0370089
0.0586957 0.0289056
0.0589465 0.0208023
0.0591973 0.0126989
0.0594482 0.00459562
0.059699 0.00251852
0.0599498 0.00248436
0.0602007 0.0024502
0.0604515 0.00241604
0.0607023 0.00238188
0.0609532 0.00234771
0.061204 0.00231355
0.0614548 0.00228
0.0617057 0.00226997
0.0619565 0.00225993
0.0622074 0.0022499
0.0624582 0.00223987
0.062709 0.00222984
0.0629599 0.00221981
0.0632107 0.00220104
0.0634615 0.0021698
0.0637124 0.00213855
0.0639632 0.0021073
0.064214 0.00207606
0.0644649 0.00204481
0.0647157 0.00201356
0.0649666 0.00198232
0.0652174 0.00195107
0.0654682 0.00197489
0.0657191 0.0020261
0.0659699 0.0020773
0.0662207 0.00212851
0.0664716 0.00217971
0.0667224 0.00223092
0.0669732 0.00228212
0.0672241 0.00233332
0.0674749 0.00238415
0.0677258 0.00243339
0.0679766 0.00248263
0.0682274 0.00253187
0.0684783 0.0025811
0.0687291 0.00263034
0.0689799 0.00267958
0.0692308 0.00272881
0.0694816 0.00277584
0.0697324 0.0028227
0.0699833 0.00286956
0.0702341 0.00291641
0.0704849 0.00296327
0.0707358 0.00301013
0.0709866 0.00305699
0.0712375 0.00310385
0.0714883 0.0031507
0.0717391 0.0031821
0.07199 0.00318209
0.0722408 0.00318208
0.0724916 0.00318208
0.0727425 0.00318207
0.0729933 0.00318206
0.0732441 0.00318206
0.073495 0.00318205
0.0737458 0.00318204
0.0739967 0.00318204
0.0742475 0.00318204
0.0744983 0.00318204
0.0747492 0.00318204
