#        Time  nozzle coflow outlet
          901 -3.11721e-05 -0.000854076  0.000827221
          902 -3.11784e-05  -0.00085425  0.000832105
          903 -3.11821e-05 -0.000854354  0.000833105
          904 -3.11762e-05 -0.000854191  0.000831536
          905 -3.11667e-05 -0.000853931  0.000829315
          906 -3.11628e-05 -0.000853824  0.000827717
          907  -3.1167e-05 -0.000853938  0.000826791
          908 -3.11734e-05 -0.000854114  0.000826009
          909 -3.11756e-05 -0.000854176   0.00082513
          910 -3.11731e-05 -0.000854106  0.000824434
          911 -3.11697e-05 -0.000854012  0.000824229
          912 -3.11691e-05 -0.000853997   0.00082448
          913 -3.11716e-05 -0.000854066  0.000824867
          914  -3.1174e-05 -0.000854131  0.000825083
          915  -3.1174e-05 -0.000854131  0.000825101
          916 -3.11722e-05 -0.000854082  0.000825191
          917 -3.11709e-05 -0.000854046   0.00082553
          918 -3.11713e-05 -0.000854057  0.000826087
          919 -3.11728e-05 -0.000854098  0.000826741
          920 -3.11739e-05 -0.000854128  0.000827442
          921 -3.11739e-05 -0.000854128  0.000828248
          922 -3.11734e-05 -0.000854114  0.000829194
          923 -3.11732e-05 -0.000854108  0.000830154
          924 -3.11733e-05 -0.000854112  0.000830933
          925 -3.11733e-05 -0.000854112  0.000831219
          926 -3.11725e-05  -0.00085409  0.000831166
          927 -3.11714e-05 -0.000854059  0.000830949
          928 -3.11708e-05 -0.000854043  0.000830817
          929 -3.11712e-05 -0.000854053  0.000830894
          930 -3.11721e-05 -0.000854079  0.000831144
          931 -3.11729e-05   -0.0008541   0.00083145
          932 -3.11729e-05 -0.000854102  0.000831726
