/*--------------------------------*- C++ -*----------------------------------*\
| =========                 |                                                 |
| \\      /  F ield         | OpenFOAM: The Open Source CFD Toolbox           |
|  \\    /   O peration     | Version:  2.2.1                                 |
|   \\  /    A nd           | Web:      www.OpenFOAM.org                      |
|    \\/     M anipulation  |                                                 |
\*---------------------------------------------------------------------------*/
FoamFile
{
    version     2.0;
    format      ascii;
    class       vectorField;
    location    "constant/polyMesh";
    object      points;
}
// * * * * * * * * * * * * * * * * * * * * * * * * * * * * * * * * * * * * * //


204
(
(0 0 0)
(2 0 0)
(4 0 0)
(6 0 0)
(8 0 0)
(10 0 0)
(12 0 0)
(14 0 0)
(16 0 0)
(18 0 0)
(20 0 0)
(22 0 0)
(24 0 0)
(26 0 0)
(28 0 0)
(30 0 0)
(32 0 0)
(34 0 0)
(36 0 0)
(38 0 0)
(40 0 0)
(42 0 0)
(44 0 0)
(46 0 0)
(48 0 0)
(50 0 0)
(52 0 0)
(54 0 0)
(56 0 0)
(58 0 0)
(60 0 0)
(62 0 0)
(64 0 0)
(66 0 0)
(68 0 0)
(70 0 0)
(72 0 0)
(74 0 0)
(76 0 0)
(78 0 0)
(80 0 0)
(82 0 0)
(84 0 0)
(86 0 0)
(88 0 0)
(90 0 0)
(92 0 0)
(94 0 0)
(96 0 0)
(98 0 0)
(100 0 0)
(0 1 0)
(2 1 0)
(4 1 0)
(6 1 0)
(8 1 0)
(10 1 0)
(12 1 0)
(14 1 0)
(16 1 0)
(18 1 0)
(20 1 0)
(22 1 0)
(24 1 0)
(26 1 0)
(28 1 0)
(30 1 0)
(32 1 0)
(34 1 0)
(36 1 0)
(38 1 0)
(40 1 0)
(42 1 0)
(44 1 0)
(46 1 0)
(48 1 0)
(50 1 0)
(52 1 0)
(54 1 0)
(56 1 0)
(58 1 0)
(60 1 0)
(62 1 0)
(64 1 0)
(66 1 0)
(68 1 0)
(70 1 0)
(72 1 0)
(74 1 0)
(76 1 0)
(78 1 0)
(80 1 0)
(82 1 0)
(84 1 0)
(86 1 0)
(88 1 0)
(90 1 0)
(92 1 0)
(94 1 0)
(96 1 0)
(98 1 0)
(100 1 0)
(0 0 0.1)
(2 0 0.1)
(4 0 0.1)
(6 0 0.1)
(8 0 0.1)
(10 0 0.1)
(12 0 0.1)
(14 0 0.1)
(16 0 0.1)
(18 0 0.1)
(20 0 0.1)
(22 0 0.1)
(24 0 0.1)
(26 0 0.1)
(28 0 0.1)
(30 0 0.1)
(32 0 0.1)
(34 0 0.1)
(36 0 0.1)
(38 0 0.1)
(40 0 0.1)
(42 0 0.1)
(44 0 0.1)
(46 0 0.1)
(48 0 0.1)
(50 0 0.1)
(52 0 0.1)
(54 0 0.1)
(56 0 0.1)
(58 0 0.1)
(60 0 0.1)
(62 0 0.1)
(64 0 0.1)
(66 0 0.1)
(68 0 0.1)
(70 0 0.1)
(72 0 0.1)
(74 0 0.1)
(76 0 0.1)
(78 0 0.1)
(80 0 0.1)
(82 0 0.1)
(84 0 0.1)
(86 0 0.1)
(88 0 0.1)
(90 0 0.1)
(92 0 0.1)
(94 0 0.1)
(96 0 0.1)
(98 0 0.1)
(100 0 0.1)
(0 1 0.1)
(2 1 0.1)
(4 1 0.1)
(6 1 0.1)
(8 1 0.1)
(10 1 0.1)
(12 1 0.1)
(14 1 0.1)
(16 1 0.1)
(18 1 0.1)
(20 1 0.1)
(22 1 0.1)
(24 1 0.1)
(26 1 0.1)
(28 1 0.1)
(30 1 0.1)
(32 1 0.1)
(34 1 0.1)
(36 1 0.1)
(38 1 0.1)
(40 1 0.1)
(42 1 0.1)
(44 1 0.1)
(46 1 0.1)
(48 1 0.1)
(50 1 0.1)
(52 1 0.1)
(54 1 0.1)
(56 1 0.1)
(58 1 0.1)
(60 1 0.1)
(62 1 0.1)
(64 1 0.1)
(66 1 0.1)
(68 1 0.1)
(70 1 0.1)
(72 1 0.1)
(74 1 0.1)
(76 1 0.1)
(78 1 0.1)
(80 1 0.1)
(82 1 0.1)
(84 1 0.1)
(86 1 0.1)
(88 1 0.1)
(90 1 0.1)
(92 1 0.1)
(94 1 0.1)
(96 1 0.1)
(98 1 0.1)
(100 1 0.1)
)


// ************************************************************************* //
