#        Time  inlet outlet
            1 -0.000319444  0.000233439
            2 -0.000319444   0.00038096
            3 -0.000319444  0.000331195
            4 -0.000319444  0.000357041
            5 -0.000319444   0.00026927
            6 -0.000319444  0.000278698
            7 -0.000319444  0.000300399
            8 -0.000319444  0.000301087
            9 -0.000319444  0.000342842
           10 -0.000319444  0.000342918
           11 -0.000319444  0.000334563
           12 -0.000319444  0.000311513
           13 -0.000319444  0.000310755
           14 -0.000319444  0.000330168
           15 -0.000319444  0.000329693
           16 -0.000319444  0.000327265
           17 -0.000319444     0.000325
           18 -0.000319444  0.000315518
           19 -0.000319444  0.000323969
           20 -0.000319444  0.000324596
           21 -0.000319444   0.00032394
           22 -0.000319444  0.000322149
           23 -0.000319444   0.00032091
           24 -0.000319444  0.000317402
           25 -0.000319444  0.000316792
           26 -0.000319444  0.000316841
           27 -0.000319444  0.000317575
           28 -0.000319444  0.000320409
           29 -0.000319444  0.000320226
           30 -0.000319444  0.000320685
           31 -0.000319444  0.000321117
           32 -0.000319444  0.000321069
           33 -0.000319444  0.000320615
           34 -0.000319444  0.000320039
           35 -0.000319444  0.000319662
           36 -0.000319444  0.000320053
           37 -0.000319444  0.000320246
           38 -0.000319444  0.000320186
           39 -0.000319444  0.000319912
           40 -0.000319444  0.000319148
           41 -0.000319444  0.000319754
           42 -0.000319444  0.000318958
           43 -0.000319444  0.000318884
           44 -0.000319444  0.000318952
           45 -0.000319444  0.000319122
           46 -0.000319444  0.000319218
           47 -0.000319444  0.000319591
           48 -0.000319444  0.000319665
           49 -0.000319444  0.000319712
           50 -0.000319444  0.000319176
           51 -0.000319444  0.000319244
           52 -0.000319444  0.000319322
           53 -0.000319444  0.000319361
           54 -0.000319444  0.000319275
           55 -0.000319444  0.000319685
           56 -0.000319444  0.000319687
           57 -0.000319444  0.000319682
           58 -0.000319444   0.00031966
           59 -0.000319444  0.000319281
           60 -0.000319444  0.000319331
           61 -0.000319444  0.000319368
           62 -0.000319444  0.000319385
           63 -0.000319444  0.000319386
           64 -0.000319444  0.000319503
           65 -0.000319444  0.000319517
           66 -0.000319444  0.000319519
           67 -0.000319444  0.000319518
           68 -0.000319444  0.000319514
           69 -0.000319444  0.000319508
           70 -0.000319444  0.000319506
           71 -0.000319444  0.000319377
           72 -0.000319444  0.000319515
           73 -0.000319444  0.000319378
           74 -0.000319444  0.000319515
           75 -0.000319444  0.000319318
           76 -0.000319444  0.000319299
           77 -0.000319444  0.000319284
           78 -0.000319444  0.000319274
           79 -0.000319444  0.000319268
           80 -0.000319444  0.000319619
           81 -0.000319444  0.000319608
           82 -0.000319444  0.000319596
           83 -0.000319444   0.00031958
           84 -0.000319444  0.000319563
           85 -0.000319444  0.000319341
           86 -0.000319444  0.000319357
           87 -0.000319444   0.00031937
           88 -0.000319444  0.000319381
           89 -0.000319444  0.000319387
           90 -0.000319444  0.000319488
           91 -0.000319444  0.000319489
           92 -0.000319444  0.000319495
           93 -0.000319444  0.000319496
           94 -0.000319444    0.0003195
           95 -0.000319444  0.000319503
           96 -0.000319444  0.000319504
           97 -0.000319444  0.000319503
           98 -0.000319444  0.000319383
           99 -0.000319444  0.000319498
          100 -0.000319444  0.000319389
          101 -0.000319444  0.000319389
          102 -0.000319444  0.000319386
          103 -0.000319444  0.000319504
          104 -0.000319444  0.000319509
          105 -0.000319444  0.000319513
          106 -0.000319444  0.000319515
          107 -0.000319444  0.000319519
          108 -0.000319444  0.000319527
          109 -0.000319444   0.00031953
          110 -0.000319444  0.000319532
          111 -0.000319444  0.000319533
          112 -0.000319444  0.000319531
          113 -0.000319444  0.000319358
          114 -0.000319444  0.000319363
          115 -0.000319444  0.000319369
          116 -0.000319444  0.000319508
          117 -0.000319444  0.000319503
          118 -0.000319444  0.000319498
          119 -0.000319444  0.000319492
          120 -0.000319444  0.000319491
          121 -0.000319444  0.000319492
          122 -0.000319444  0.000319496
          123 -0.000319444  0.000319497
          124 -0.000319444  0.000319498
          125 -0.000319444  0.000319497
          126 -0.000319444  0.000319497
          127 -0.000319444  0.000319495
          128 -0.000319444  0.000319495
          129 -0.000319444  0.000319495
          130 -0.000319444  0.000319493
          131 -0.000319444  0.000319489
          132 -0.000319444  0.000319489
          133 -0.000319444  0.000319489
          134 -0.000319444  0.000319494
          135 -0.000319444  0.000319496
          136 -0.000319444  0.000319501
          137 -0.000319444  0.000319503
          138 -0.000319444  0.000319505
          139 -0.000319444  0.000319506
          140 -0.000319444  0.000319506
          141 -0.000319444  0.000319505
          142 -0.000319444  0.000319504
          143 -0.000319444  0.000319504
          144 -0.000319444  0.000319503
          145 -0.000319444  0.000319503
          146 -0.000319444  0.000319501
          147 -0.000319444  0.000319501
          148 -0.000319444  0.000319503
          149 -0.000319444  0.000319504
          150 -0.000319444  0.000319504
          151 -0.000319444  0.000319505
          152 -0.000319444  0.000319505
          153 -0.000319444  0.000319506
          154 -0.000319444  0.000319506
          155 -0.000319444  0.000319507
          156 -0.000319444  0.000319507
          157 -0.000319444  0.000319508
          158 -0.000319444  0.000319509
          159 -0.000319444  0.000319508
          160 -0.000319444  0.000319509
          161 -0.000319444  0.000319511
          162 -0.000319444  0.000319512
          163 -0.000319444  0.000319513
          164 -0.000319444  0.000319514
          165 -0.000319444  0.000319517
