0 18.1081 	0.000672874 	2.93783e-05 	
0.000757576 17.9913 	0.0639314 	1.92671e-13 	
0.00151515 17.6445 	0.123158 	-1.45037e-13 	
0.00227273 17.0975 	0.17385 	2.03334e-13 	
0.0030303 16.3957 	0.213719 	2.54361e-13 	
0.00378788 15.581 	0.241833 	-9.72172e-14 	
0.00454545 14.6915 	0.257878 	5.42772e-13 	
0.00530303 13.7651 	0.263219 	1.3542e-12 	
0.00606061 12.8232 	0.258161 	1.09167e-12 	
0.00681818 11.89 	0.2448 	1.22589e-12 	
0.00757576 10.9783 	0.224192 	1.24259e-12 	
0.00833333 10.0978 	0.197643 	1.27762e-12 	
0.00909091 9.25538 	0.166609 	1.47871e-12 	
0.00984848 8.45235 	0.131029 	1.13243e-12 	
0.0106061 7.69437 	0.0931065 	1.99923e-12 	
0.0113636 6.98491 	0.0532943 	2.92261e-12 	
0.0121212 6.3223 	0.0120301 	2.90962e-12 	
0.0128788 5.70984 	-0.02934 	3.77844e-12 	
0.0136364 5.15104 	-0.0697296 	3.86609e-12 	
0.0143939 4.64688 	-0.108341 	3.34015e-12 	
0.0151515 4.19769 	-0.144463 	2.99899e-12 	
0.0159091 3.80403 	-0.177363 	2.62292e-12 	
0.0166667 3.46781 	-0.206329 	2.50688e-12 	
0.0174242 3.19612 	-0.230388 	6.6355e-13 	
0.0181818 3.01381 	-0.24414 	-1.133e-12 	
0.0189394 2.9124 	-0.247033 	-2.46147e-12 	
0.019697 2.86973 	-0.242228 	-3.83858e-12 	
0.0204545 2.86966 	-0.232818 	-2.10877e-12 	
0.0212121 2.87273 	-0.224414 	2.32277e-12 	
0.0219697 2.87684 	-0.216501 	5.37294e-12 	
0.0227273 2.88086 	-0.20907 	-1.75225e-12 	
0.0234848 2.88474 	-0.202181 	-9.66334e-13 	
0.0242424 2.88851 	-0.195653 	8.7996e-13 	
0.025 2.89216 	-0.189535 	1.00079e-12 	
0.0257576 2.89571 	-0.183732 	1.84542e-12 	
0.0265152 2.89912 	-0.17829 	2.69703e-12 	
0.0272727 2.90245 	-0.173106 	3.78793e-12 	
0.0280303 2.90565 	-0.168238 	2.00948e-12 	
0.0287879 2.90878 	-0.163583 	1.83653e-12 	
0.0295455 2.91178 	-0.159201 	-1.2951e-12 	
0.030303 2.91472 	-0.154995 	-4.37181e-12 	
0.0310606 2.91752 	-0.151028 	-3.7873e-12 	
0.0318182 2.92029 	-0.147202 	-6.87708e-12 	
0.0325758 2.92293 	-0.143589 	-4.56146e-12 	
0.0333333 2.92552 	-0.140092 	-4.06455e-12 	
0.0340909 2.92802 	-0.13678 	-4.15782e-12 	
0.0348485 2.93042 	-0.133642 	-2.23508e-12 	
0.0356061 2.9328 	-0.130588 	-1.90427e-12 	
0.0363636 2.93505 	-0.127687 	-4.69264e-13 	
0.0371212 2.93727 	-0.12487 	1.31122e-12 	
0.0378788 2.93944 	-0.122185 	2.3334e-12 	
0.0386364 2.9415 	-0.119639 	1.01928e-12 	
0.0393939 2.94355 	-0.117134 	2.77154e-13 	
0.0401515 2.94553 	-0.114752 	2.92788e-13 	
0.0409091 2.94742 	-0.112471 	3.08467e-13 	
0.0416667 2.9493 	-0.110215 	4.01763e-13 	
0.0424242 2.95112 	-0.10809 	3.98274e-13 	
0.0431818 2.95287 	-0.106082 	1.05566e-12 	
0.0439394 2.95461 	-0.104084 	1.84243e-12 	
0.044697 2.9563 	-0.102179 	2.35484e-12 	
0.0454545 2.9579 	-0.10032 	7.66887e-13 	
0.0462121 2.9595 	-0.0984858 	-7.02024e-13 	
0.0469697 2.96108 	-0.0967225 	-1.78542e-12 	
0.0477273 2.96257 	-0.0951124 	-9.44602e-13 	
0.0484848 2.96404 	-0.0935516 	-5.05752e-13 	
0.0492424 2.96551 	-0.0920113 	-5.66777e-14 	
0.05 2.96692 	-0.0904813 	-9.36279e-14 	
0.0507576 2.96827 	-0.0889671 	-8.20642e-13 	
0.0515152 2.96962 	-0.0874654 	-1.59868e-12 	
0.0522727 2.97096 	-0.0860061 	-2.54928e-12 	
0.0530303 2.97224 	-0.0847451 	-1.8915e-12 	
0.0537879 2.97348 	-0.0835735 	-1.56158e-12 	
0.0545455 2.97473 	-0.082402 	-1.23166e-12 	
0.055303 2.97596 	-0.0812737 	-2.2217e-12 	
0.0560606 2.97712 	-0.0799734 	-1.19286e-12 	
0.0568182 2.97826 	-0.0787038 	-1.65531e-12 	
0.0575758 2.9794 	-0.0774341 	-2.11775e-12 	
0.0583333 2.98053 	-0.0761997 	-3.38682e-12 	
0.0590909 2.98162 	-0.0752711 	-2.41128e-12 	
0.0598485 2.98268 	-0.074469 	-2.43479e-12 	
0.0606061 2.98374 	-0.0736699 	-2.58786e-12 	
0.0613636 2.9848 	-0.0728841 	-3.27717e-12 	
0.0621212 2.98582 	-0.0719565 	-3.67128e-12 	
0.0628788 2.9868 	-0.0707884 	-2.05185e-12 	
0.0636364 2.98776 	-0.0696432 	-7.92007e-13 	
0.0643939 2.98873 	-0.0684979 	4.67835e-13 	
0.0651515 2.98969 	-0.0673854 	1.43542e-12 	
0.0659091 2.99061 	-0.0667935 	9.5664e-13 	
0.0666667 2.9915 	-0.0663783 	-1.40093e-13 	
0.0674242 2.99239 	-0.0659683 	-1.28044e-12 	
0.0681818 2.99329 	-0.0655583 	-2.42079e-12 	
0.0689394 2.99417 	-0.0651763 	-4.02321e-12 	
0.069697 2.99486 	-0.0640771 	-2.71548e-12 	
0.0704545 2.99551 	-0.0629218 	-1.17257e-12 	
0.0712121 2.99617 	-0.0617705 	3.53763e-13 	
0.0719697 2.99682 	-0.0606193 	1.8801e-12 	
0.0727273 2.99747 	-0.0594976 	3.27748e-12 	
0.0734848 2.99764 	-0.0591669 	2.65403e-12 	
0.0742424 2.99764 	-0.0591573 	2.20753e-12 	
