0 12.6567 	0.000116304 	5.07795e-06 	
0.000757576 12.626 	0.0292266 	-5.22115e-13 	
0.00151515 12.5326 	0.0575571 	2.54357e-13 	
0.00227273 12.379 	0.0842566 	6.22961e-14 	
0.0030303 12.1713 	0.108624 	7.90725e-14 	
0.00378788 11.9147 	0.130213 	1.99531e-13 	
0.00454545 11.6145 	0.148382 	1.8986e-13 	
0.00530303 11.2797 	0.163122 	2.83811e-13 	
0.00606061 10.9132 	0.173963 	5.83671e-14 	
0.00681818 10.527 	0.181312 	-3.94638e-14 	
0.00757576 10.124 	0.185094 	-1.00838e-13 	
0.00833333 9.71088 	0.185548 	-1.52426e-13 	
0.00909091 9.29457 	0.183146 	2.11753e-13 	
0.00984848 8.86878 	0.177206 	-3.65383e-14 	
0.0106061 8.45026 	0.169122 	5.48044e-14 	
0.0113636 8.03429 	0.158494 	-1.05974e-13 	
0.0121212 7.62246 	0.145462 	-9.75561e-14 	
0.0128788 7.22021 	0.130637 	6.35415e-15 	
0.0136364 6.82906 	0.114232 	-2.00172e-13 	
0.0143939 6.44978 	0.0964561 	-2.47899e-13 	
0.0151515 6.08342 	0.0775491 	-1.56862e-13 	
0.0159091 5.73161 	0.0577873 	-1.67669e-13 	
0.0166667 5.39439 	0.0373782 	-1.38367e-13 	
0.0174242 5.07139 	0.0163802 	-1.37348e-12 	
0.0181818 4.7633 	-0.00518218 	-1.39255e-12 	
0.0189394 4.47424 	-0.026368 	-8.45328e-13 	
0.019697 4.20539 	-0.0469166 	-2.5427e-12 	
0.0204545 3.95548 	-0.0669102 	-3.62534e-12 	
0.0212121 3.72803 	-0.0858226 	-1.08202e-12 	
0.0219697 3.52156 	-0.103431 	-2.75539e-12 	
0.0227273 3.33928 	-0.119522 	-2.48231e-12 	
0.0234848 3.18603 	-0.133383 	-9.56563e-13 	
0.0242424 3.05248 	-0.145824 	-1.61833e-12 	
0.025 2.97802 	-0.150249 	3.92268e-13 	
0.0257576 2.91706 	-0.15335 	2.47324e-12 	
0.0265152 2.90704 	-0.149723 	2.46691e-13 	
0.0272727 2.89928 	-0.146403 	6.22886e-13 	
0.0280303 2.90203 	-0.142355 	-7.99241e-13 	
0.0287879 2.90466 	-0.138666 	-3.29125e-12 	
0.0295455 2.90752 	-0.135102 	-1.74331e-12 	
0.030303 2.91027 	-0.13187 	-7.44596e-12 	
0.0310606 2.913 	-0.128631 	-2.53374e-12 	
0.0318182 2.91562 	-0.125678 	-1.18098e-11 	
0.0325758 2.91821 	-0.122734 	-3.62392e-12 	
0.0333333 2.92071 	-0.120011 	-2.84864e-12 	
0.0340909 2.92317 	-0.117385 	-3.13492e-12 	
0.0348485 2.92558 	-0.114815 	-2.33911e-14 	
0.0356061 2.9279 	-0.112466 	1.27432e-12 	
0.0363636 2.93019 	-0.110089 	1.54104e-13 	
0.0371212 2.93241 	-0.10788 	-1.48678e-12 	
0.0378788 2.93458 	-0.105767 	-2.45259e-12 	
0.0386364 2.93671 	-0.103669 	-6.82329e-13 	
0.0393939 2.93878 	-0.101731 	-1.64669e-12 	
0.0401515 2.9408 	-0.0998289 	-1.73401e-12 	
0.0409091 2.94279 	-0.0979437 	-1.51229e-13 	
0.0416667 2.94472 	-0.0961984 	7.13488e-13 	
0.0424242 2.94662 	-0.0944957 	7.07742e-13 	
0.0431818 2.94847 	-0.0928288 	5.36192e-13 	
0.0439394 2.95028 	-0.0912804 	1.99277e-12 	
0.044697 2.95205 	-0.0897518 	2.49827e-12 	
0.0454545 2.95379 	-0.0881983 	8.03359e-13 	
0.0462121 2.95548 	-0.0867445 	8.71937e-13 	
0.0469697 2.95715 	-0.085351 	1.92127e-12 	
0.0477273 2.95877 	-0.0840173 	7.566e-13 	
0.0484848 2.96037 	-0.0827339 	3.47689e-13 	
0.0492424 2.96193 	-0.0815402 	1.07209e-12 	
0.05 2.96346 	-0.0802943 	1.01087e-12 	
0.0507576 2.96497 	-0.079008 	-4.39825e-14 	
0.0515152 2.96644 	-0.0777946 	-2.76027e-12 	
0.0522727 2.96789 	-0.0766311 	-6.44667e-12 	
0.0530303 2.96931 	-0.075595 	-3.97769e-12 	
0.0537879 2.9707 	-0.0746052 	-1.45837e-12 	
0.0545455 2.97206 	-0.0736755 	-2.57439e-12 	
0.055303 2.97341 	-0.0727776 	-5.55444e-12 	
0.0560606 2.97473 	-0.0716782 	-3.0595e-12 	
0.0568182 2.97603 	-0.0705778 	-2.564e-13 	
0.0575758 2.97731 	-0.069532 	1.78896e-12 	
0.0583333 2.97857 	-0.0685196 	3.29642e-12 	
0.0590909 2.9798 	-0.0677512 	2.45917e-12 	
0.0598485 2.98101 	-0.0670616 	8.12498e-13 	
0.0606061 2.9822 	-0.0664111 	-1.42179e-12 	
0.0613636 2.98337 	-0.0657988 	-3.55192e-12 	
0.0621212 2.98453 	-0.0650175 	-3.98053e-12 	
0.0628788 2.98566 	-0.0639782 	-1.81091e-12 	
0.0636364 2.98678 	-0.0629672 	-6.21665e-13 	
0.0643939 2.98788 	-0.0619978 	-3.55769e-13 	
0.0651515 2.98897 	-0.061047 	-3.98091e-13 	
0.0659091 2.98997 	-0.0605476 	-3.74436e-13 	
0.0666667 2.99094 	-0.0601813 	-3.31329e-13 	
0.0674242 2.9919 	-0.0598427 	2.21857e-13 	
0.0681818 2.99284 	-0.0595304 	3.70288e-13 	
0.0689394 2.99378 	-0.0592233 	4.31005e-13 	
0.069697 2.99447 	-0.058234 	3.83113e-13 	
0.0704545 2.99513 	-0.0571571 	3.2127e-13 	
0.0712121 2.99578 	-0.0561149 	1.67482e-12 	
0.0719697 2.99642 	-0.0551056 	4.45591e-12 	
0.0727273 2.99706 	-0.0541057 	7.64489e-12 	
0.0734848 2.99724 	-0.0538081 	6.18551e-12 	
0.0742424 2.99724 	-0.0537804 	2.93988e-12 	
