0 10.0672 	0.000124417 	5.43215e-06 	
0.000757576 10.0541 	0.0148515 	-1.79897e-12 	
0.00151515 10.0145 	0.0294664 	-1.69326e-13 	
0.00227273 9.94886 	0.043657 	3.10016e-13 	
0.0030303 9.85881 	0.0572195 	4.57914e-13 	
0.00378788 9.74559 	0.0700247 	6.80204e-13 	
0.00454545 9.61039 	0.0818374 	2.8662e-13 	
0.00530303 9.45619 	0.0926237 	-1.88991e-13 	
0.00606061 9.28339 	0.102145 	-4.32527e-13 	
0.00681818 9.09607 	0.110416 	-7.80274e-13 	
0.00757576 8.89568 	0.117317 	-7.44693e-13 	
0.00833333 8.68436 	0.122816 	-7.08556e-13 	
0.00909091 8.46516 	0.127005 	-2.09447e-12 	
0.00984848 8.23524 	0.129543 	-9.67615e-13 	
0.0106061 8.00188 	0.130857 	-1.31274e-12 	
0.0113636 7.76434 	0.130775 	-1.29904e-12 	
0.0121212 7.52242 	0.129252 	-5.99581e-13 	
0.0128788 7.27978 	0.126519 	-4.23753e-13 	
0.0136364 7.03692 	0.122603 	-2.55122e-13 	
0.0143939 6.79488 	0.117569 	-1.00169e-13 	
0.0151515 6.55456 	0.111498 	2.40926e-14 	
0.0159091 6.31673 	0.10448 	1.11287e-13 	
0.0166667 6.08279 	0.0966437 	1.18621e-13 	
0.0174242 5.85227 	0.0879679 	-1.68509e-13 	
0.0181818 5.62413 	0.0782704 	-2.79153e-13 	
0.0189394 5.40347 	0.0681888 	-5.06959e-13 	
0.019697 5.18798 	0.0576577 	-1.04404e-12 	
0.0204545 4.97799 	0.0465525 	-2.72118e-12 	
0.0212121 4.77406 	0.0349164 	-1.8026e-12 	
0.0219697 4.57726 	0.0232313 	-2.46028e-12 	
0.0227273 4.38676 	0.0110998 	-3.35482e-12 	
0.0234848 4.20496 	-0.00103865 	-3.15959e-12 	
0.0242424 4.02993 	-0.0130873 	-9.00407e-12 	
0.025 3.86627 	-0.0250994 	-4.02795e-12 	
0.0257576 3.71001 	-0.0367058 	-6.61039e-12 	
0.0265152 3.56685 	-0.0479069 	-3.88167e-12 	
0.0272727 3.43179 	-0.0585991 	-6.10824e-12 	
0.0280303 3.31235 	-0.0685171 	-4.26714e-12 	
0.0287879 3.20126 	-0.0778603 	-6.99671e-12 	
0.0295455 3.11222 	-0.0857543 	-4.55558e-12 	
0.030303 3.02881 	-0.0930723 	-8.62773e-12 	
0.0310606 2.98587 	-0.0954031 	-5.55593e-12 	
0.0318182 2.94422 	-0.0977257 	-1.11313e-11 	
0.0325758 2.93346 	-0.0964702 	-4.32525e-12 	
0.0333333 2.93009 	-0.0944615 	4.07938e-12 	
0.0340909 2.92838 	-0.0926026 	4.48307e-12 	
0.0348485 2.93047 	-0.0906817 	1.76415e-12 	
0.0356061 2.93249 	-0.0888486 	1.89972e-12 	
0.0363636 2.93455 	-0.0870621 	1.04e-12 	
0.0371212 2.93658 	-0.0853435 	1.35042e-12 	
0.0378788 2.93855 	-0.0837426 	2.20441e-12 	
0.0386364 2.94048 	-0.0821799 	1.02608e-12 	
0.0393939 2.94239 	-0.0806782 	7.85322e-13 	
0.0401515 2.94425 	-0.0792359 	8.28413e-13 	
0.0409091 2.94607 	-0.0778271 	8.87661e-13 	
0.0416667 2.94787 	-0.0764675 	1.64802e-12 	
0.0424242 2.94963 	-0.0751741 	1.63462e-12 	
0.0431818 2.95134 	-0.073931 	1.34683e-12 	
0.0439394 2.95304 	-0.0727243 	1.99059e-12 	
0.044697 2.95469 	-0.0715634 	2.61071e-12 	
0.0454545 2.95631 	-0.0703985 	5.05393e-13 	
0.0462121 2.95792 	-0.069263 	-1.43047e-12 	
0.0469697 2.95948 	-0.0681991 	-1.26578e-12 	
0.0477273 2.96102 	-0.0671897 	-1.20078e-12 	
0.0484848 2.96252 	-0.0662258 	9.74218e-13 	
0.0492424 2.964 	-0.0652929 	3.02144e-12 	
0.05 2.96546 	-0.0643386 	2.87448e-12 	
0.0507576 2.96689 	-0.0633667 	-3.50513e-13 	
0.0515152 2.9683 	-0.0624143 	-4.38825e-12 	
0.0522727 2.96969 	-0.0615113 	-9.55771e-12 	
0.0530303 2.97105 	-0.060719 	-5.92741e-12 	
0.0537879 2.97238 	-0.0599838 	-3.54945e-12 	
0.0545455 2.9737 	-0.0592547 	-1.70913e-12 	
0.055303 2.97499 	-0.0585738 	-3.19365e-12 	
0.0560606 2.97627 	-0.0577127 	-1.82824e-12 	
0.0568182 2.97752 	-0.0568697 	-1.24393e-12 	
0.0575758 2.97877 	-0.0560315 	-8.04278e-13 	
0.0583333 2.97999 	-0.0552367 	-1.3887e-12 	
0.0590909 2.98118 	-0.0546471 	-9.84891e-13 	
0.0598485 2.98234 	-0.0541385 	-8.77698e-13 	
0.0606061 2.98349 	-0.0536401 	-1.06375e-12 	
0.0613636 2.98463 	-0.0531628 	-1.73682e-12 	
0.0621212 2.98575 	-0.0525549 	-1.94743e-12 	
0.0628788 2.98683 	-0.0517314 	-7.22586e-13 	
0.0636364 2.9879 	-0.0509334 	9.86224e-13 	
0.0643939 2.98897 	-0.0501358 	2.69893e-12 	
0.0651515 2.99002 	-0.0493797 	4.84596e-12 	
0.0659091 2.99093 	-0.0489918 	3.64592e-12 	
0.0666667 2.9918 	-0.0487254 	1.68417e-12 	
0.0674242 2.99266 	-0.0484694 	-9.94666e-14 	
0.0681818 2.99351 	-0.0482183 	-1.72055e-12 	
0.0689394 2.99435 	-0.0479878 	-2.66207e-12 	
0.069697 2.99493 	-0.0471874 	-1.91942e-12 	
0.0704545 2.99546 	-0.0463313 	-1.71658e-13 	
0.0712121 2.996 	-0.0454868 	2.09519e-12 	
0.0719697 2.99653 	-0.0446462 	4.45536e-12 	
0.0727273 2.99705 	-0.0438394 	7.62369e-12 	
0.0734848 2.99719 	-0.0435991 	6.1738e-12 	
0.0742424 2.99719 	-0.0435847 	4.1308e-12 	
