0 5.41909
0.000757576 5.42246
0.00151515 5.43236
0.00227273 5.44747
0.0030303 5.46555
0.00378788 5.48411
0.00454545 5.50013
0.00530303 5.51058
0.00606061 5.51199
0.00681818 5.50208
0.00757576 5.47831
0.00833333 5.43901
0.00909091 5.38386
0.00984848 5.30834
0.0106061 5.21666
0.0113636 5.10679
0.0121212 4.97755
0.0128788 4.83189
0.0136364 4.67057
0.0143939 4.49473
0.0151515 4.3058
0.0159091 4.10541
0.0166667 3.89556
0.0174242 3.67642
0.0181818 3.44598
0.0189394 3.21426
0.019697 2.97952
0.0204545 2.74052
0.0212121 2.49919
0.0219697 2.26128
0.0227273 2.02194
0.0234848 1.78808
0.0242424 1.5589
0.025 1.33694
0.0257576 1.12403
0.0265152 0.92352
0.0272727 0.734114
0.0280303 0.563328
0.0287879 0.404686
0.0295455 0.276049
0.030303 0.155729
0.0310606 0.0930574
0.0318182 0.0322565
0.0325758 0.014024
0.0333333 0.00597627
0.0340909 0.000432667
0.0348485 0.000263161
0.0356061 5.11129e-05
0.0363636 3.54528e-05
0.0371212 3.45703e-05
0.0378788 3.34545e-05
0.0386364 3.34551e-05
0.0393939 3.34567e-05
0.0401515 3.346e-05
0.0409091 3.34686e-05
0.0416667 3.34773e-05
0.0424242 3.34879e-05
0.0431818 3.35004e-05
0.0439394 3.35128e-05
0.044697 3.35302e-05
0.0454545 3.35555e-05
0.0462121 3.35804e-05
0.0469697 3.36078e-05
0.0477273 3.36852e-05
0.0484848 3.37596e-05
0.0492424 3.38343e-05
0.05 3.40205e-05
0.0507576 3.42953e-05
0.0515152 3.45648e-05
0.0522727 3.48354e-05
0.0530303 3.57632e-05
0.0537879 3.6788e-05
0.0545455 3.78059e-05
0.055303 3.88237e-05
0.0560606 4.24173e-05
0.0568182 4.61349e-05
0.0575758 4.9835e-05
0.0583333 5.35182e-05
0.0590909 6.41232e-05
0.0598485 7.65145e-05
0.0606061 8.87781e-05
0.0613636 0.000100969
0.0621212 0.00012226
0.0628788 0.000157319
0.0636364 0.000191715
0.0643939 0.000226107
0.0651515 0.00025995
0.0659091 0.000323756
0.0666667 0.000395681
0.0674242 0.000467042
0.0681818 0.0005381
0.0689394 0.000607897
0.069697 0.000687767
0.0704545 0.000768435
0.0712121 0.000848775
0.0719697 0.000928885
0.0727273 0.00100699
0.0734848 0.00102867
0.0742424 0.00102867
