0 3.60535
0.000757576 3.60619
0.00151515 3.61001
0.00227273 3.616
0.0030303 3.62346
0.00378788 3.63159
0.00454545 3.63942
0.00530303 3.64594
0.00606061 3.64993
0.00681818 3.65047
0.00757576 3.64651
0.00833333 3.63717
0.00909091 3.62222
0.00984848 3.59955
0.0106061 3.57051
0.0113636 3.53335
0.0121212 3.48767
0.0128788 3.43443
0.0136364 3.37314
0.0143939 3.30381
0.0151515 3.22665
0.0159091 3.14201
0.0166667 3.05128
0.0174242 2.95399
0.0181818 2.84799
0.0189394 2.73679
0.019697 2.62166
0.0204545 2.50281
0.0212121 2.37694
0.0219697 2.24962
0.0227273 2.11986
0.0234848 1.98574
0.0242424 1.85385
0.025 1.71614
0.0257576 1.58133
0.0265152 1.44429
0.0272727 1.30935
0.0280303 1.17466
0.0287879 1.04282
0.0295455 0.913625
0.030303 0.788157
0.0310606 0.668668
0.0318182 0.552588
0.0325758 0.447028
0.0333333 0.345607
0.0340909 0.256592
0.0348485 0.179045
0.0356061 0.104153
0.0363636 0.0683769
0.0371212 0.0330486
0.0378788 0.00992361
0.0386364 0.00598654
0.0393939 0.00194029
0.0401515 0.000180425
0.0409091 0.000115298
0.0416667 5.15234e-05
0.0424242 2.71707e-05
0.0431818 2.68434e-05
0.0439394 2.65104e-05
0.044697 2.63767e-05
0.0454545 2.64289e-05
0.0462121 2.64808e-05
0.0469697 2.6536e-05
0.0477273 2.67074e-05
0.0484848 2.68783e-05
0.0492424 2.70455e-05
0.05 2.74256e-05
0.0507576 2.79933e-05
0.0515152 2.85595e-05
0.0522727 2.91052e-05
0.0530303 3.07442e-05
0.0537879 3.25962e-05
0.0545455 3.44454e-05
0.055303 3.62243e-05
0.0560606 4.16577e-05
0.0568182 4.73807e-05
0.0575758 5.30938e-05
0.0583333 5.86329e-05
0.0590909 7.24011e-05
0.0598485 8.84281e-05
0.0606061 0.000104361
0.0613636 0.000120029
0.0621212 0.000144436
0.0628788 0.000182286
0.0636364 0.000219491
0.0643939 0.000256682
0.0651515 0.000293021
0.0659091 0.000351755
0.0666667 0.000416121
0.0674242 0.000479699
0.0681818 0.00054306
0.0689394 0.000605547
0.069697 0.00066636
0.0704545 0.000725814
0.0712121 0.000784494
0.0719697 0.000843105
0.0727273 0.000901153
0.0734848 0.000917263
0.0742424 0.00091726
