0 8.57839 	0 	0 	
0.000757576 8.57114 	0.00890964 	8.62072e-13 	
0.00151515 8.54982 	0.0177031 	-4.20395e-13 	
0.00227273 8.51434 	0.0263384 	-4.52641e-13 	
0.0030303 8.46532 	0.0347342 	-4.62509e-13 	
0.00378788 8.40339 	0.04282 	-1.27651e-12 	
0.00454545 8.3289 	0.0504917 	-1.07798e-12 	
0.00530303 8.24296 	0.0577602 	-3.29597e-12 	
0.00606061 8.14574 	0.0644855 	-1.62616e-12 	
0.00681818 8.03944 	0.0706689 	-1.6029e-12 	
0.00757576 7.92416 	0.0762557 	-1.61516e-12 	
0.00833333 7.80076 	0.0812104 	-1.80788e-12 	
0.00909091 7.67159 	0.0855547 	-4.48839e-12 	
0.00984848 7.53383 	0.0891131 	-2.43265e-12 	
0.0106061 7.39249 	0.092069 	-3.441e-12 	
0.0113636 7.24569 	0.0942981 	-3.86266e-12 	
0.0121212 7.09413 	0.0957704 	-2.50417e-12 	
0.0128788 6.9403 	0.0965875 	-2.65942e-12 	
0.0136364 6.78388 	0.0967251 	-2.84898e-12 	
0.0143939 6.62548 	0.096192 	-3.06164e-12 	
0.0151515 6.46566 	0.0950064 	-3.28245e-12 	
0.0159091 6.30498 	0.0931959 	-3.49721e-12 	
0.0166667 6.14504 	0.0908505 	-5.75052e-12 	
0.0174242 5.98519 	0.087931 	-7.51826e-12 	
0.0181818 5.82392 	0.0842676 	-4.05692e-12 	
0.0189394 5.66455 	0.0801473 	-4.06358e-12 	
0.019697 5.50698 	0.0756368 	-5.22062e-12 	
0.0204545 5.35175 	0.0707089 	-6.57558e-12 	
0.0212121 5.19686 	0.0651408 	-4.12054e-12 	
0.0219697 5.04516 	0.0593612 	-5.41544e-12 	
0.0227273 4.89628 	0.0532205 	-5.10574e-12 	
0.0234848 4.74941 	0.0466237 	-3.89113e-12 	
0.0242424 4.60706 	0.0400588 	-7.30521e-12 	
0.025 4.4662 	0.032842 	-3.23703e-12 	
0.0257576 4.32991 	0.0257386 	-5.1134e-12 	
0.0265152 4.19672 	0.0182355 	-2.52595e-12 	
0.0272727 4.06771 	0.0107738 	-3.73005e-12 	
0.0280303 3.94284 	0.00308349 	-1.58579e-12 	
0.0287879 3.82242 	-0.00450605 	-2.31516e-12 	
0.0295455 3.70778 	-0.0121488 	4.44094e-14 	
0.030303 3.59718 	-0.0195986 	7.12776e-13 	
0.0310606 3.49509 	-0.026858 	7.34252e-13 	
0.0318182 3.39588 	-0.0339323 	1.25374e-12 	
0.0325758 3.30795 	-0.0405815 	8.84657e-13 	
0.0333333 3.22343 	-0.0470159 	1.54257e-12 	
0.0340909 3.15029 	-0.0527989 	1.70244e-12 	
0.0348485 3.08693 	-0.0580291 	1.87875e-12 	
0.0356061 3.0259 	-0.0630867 	4.12449e-12 	
0.0363636 2.9975 	-0.0644552 	2.92745e-12 	
0.0371212 2.96932 	-0.0658659 	5.77218e-12 	
0.0378788 2.95159 	-0.0662553 	8.9509e-12 	
0.0386364 2.9502 	-0.0649824 	4.59462e-12 	
0.0393939 2.94867 	-0.0637749 	4.0118e-12 	
0.0401515 2.94899 	-0.0626078 	4.22962e-12 	
0.0409091 2.95063 	-0.0615243 	2.42747e-12 	
0.0416667 2.95224 	-0.0604811 	2.57677e-12 	
0.0424242 2.95384 	-0.0594665 	2.55685e-12 	
0.0431818 2.95542 	-0.0584861 	4.67102e-12 	
0.0439394 2.95698 	-0.0575374 	9.88101e-12 	
0.044697 2.9585 	-0.0566157 	1.26868e-11 	
0.0454545 2.95999 	-0.0557016 	3.80944e-12 	
0.0462121 2.96147 	-0.054819 	-3.71398e-12 	
0.0469697 2.96291 	-0.0539814 	-8.38776e-12 	
0.0477273 2.96433 	-0.0531863 	-4.14625e-12 	
0.0484848 2.96572 	-0.0524389 	-3.71139e-12 	
0.0492424 2.9671 	-0.0517114 	-5.40339e-12 	
0.05 2.96845 	-0.0509557 	-5.09252e-12 	
0.0507576 2.96978 	-0.050189 	-2.64212e-12 	
0.0515152 2.97109 	-0.0494434 	-1.25753e-12 	
0.0522727 2.97238 	-0.0487292 	-1.91467e-12 	
0.0530303 2.97365 	-0.0481052 	-1.1819e-12 	
0.0537879 2.97489 	-0.0475361 	-9.08436e-13 	
0.0545455 2.97613 	-0.0469736 	-7.8472e-13 	
0.055303 2.97733 	-0.046442 	-1.57391e-12 	
0.0560606 2.97853 	-0.0457531 	-8.84073e-13 	
0.0568182 2.9797 	-0.0450872 	2.98781e-13 	
0.0575758 2.98087 	-0.0444269 	1.53018e-12 	
0.0583333 2.98201 	-0.043794 	2.40104e-12 	
0.0590909 2.98312 	-0.0433302 	1.94376e-12 	
0.0598485 2.9842 	-0.0429377 	2.12621e-13 	
0.0606061 2.98528 	-0.0425558 	-1.94272e-12 	
0.0613636 2.98634 	-0.0421877 	-4.39861e-12 	
0.0621212 2.98737 	-0.0417061 	-4.93802e-12 	
0.0628788 2.98836 	-0.0410447 	-2.34658e-12 	
0.0636364 2.98934 	-0.0404122 	-1.93337e-13 	
0.0643939 2.99031 	-0.0397801 	1.95704e-12 	
0.0651515 2.99127 	-0.0391734 	3.9237e-12 	
0.0659091 2.99207 	-0.0388669 	2.82447e-12 	
0.0666667 2.99282 	-0.0386613 	1.4117e-12 	
0.0674242 2.99356 	-0.0384656 	4.78287e-13 	
0.0681818 2.99429 	-0.0382735 	-3.39331e-13 	
0.0689394 2.99502 	-0.0380953 	-6.93348e-13 	
0.069697 2.99548 	-0.0374521 	-4.14108e-13 	
0.0704545 2.99589 	-0.0367698 	-9.2438e-14 	
0.0712121 2.99631 	-0.0361016 	2.029e-13 	
0.0719697 2.99672 	-0.0354358 	5.05398e-13 	
0.0727273 2.99713 	-0.0347896 	8.65406e-13 	
0.0734848 2.99724 	-0.034597 	7.00662e-13 	
0.0742424 2.99724 	-0.0345853 	4.6593e-13 	
