1.347697431151558427e-05 4.598192119905101208e+03
1.277314038649895178e-01 5.083283445978027544e+02
1.921041413747777149e-01 3.061117893191957933e+02
1.971991847910130879e-01 1.331186469266013184e+01
2.320013648356469560e-01 3.368094642861365742e+02
2.810594884622193979e-01 1.018201729353710938e+01
2.888901308241634824e-01 2.709790229808018580e+01
2.997560183714521598e-01 1.736188391578661339e+01
3.134522776563848923e-01 1.905454504337324292e-03
3.242275743005720856e-01 2.476635230847946123e-01
3.294054973114815543e-01 3.680227161169187688e+00
3.552255923056890641e-01 9.076187275911337338e+00
3.807368916155725591e-01 1.381467566458794494e+01
4.188478063784796812e-01 8.317223978704706866e+00
4.421285060347073803e-01 2.076191601570047851e+01
4.500215609149160745e-01 2.348643176615058253e-02
4.910551442553635626e-01 3.993960860818973613e-02
4.981408757912680896e-01 1.615363394375006578e+01
5.225633249624701548e-01 1.427008101591748357e+01
5.399781241878245375e-01 1.786429404321701497e+01
5.569379171370230086e-01 3.478458092710300598e+00
5.840527265802057943e-01 1.332865950869327776e+02
5.976095402470094076e-01 2.655565229876904798e+00
6.099087631175242885e-01 2.015615231378664163e+00
6.112904078737921854e-01 1.938204049936319784e+00
6.172412825059445662e-01 7.115576421070642088e-02
6.221081171432160106e-01 3.106528933309615326e+01
6.356666761371144725e-01 5.021360526832171958e-04
6.601107732829867292e-01 6.721458250581835263e-03
6.622046636266823993e-01 1.031252698018417391e+01
6.690256868484444341e-01 7.270654496643749222e-03
6.912263238691029876e-01 1.135882578737879012e+00
6.955101232314458981e-01 2.081759504027604279e+01
7.185930044690350682e-01 3.776863817437230847e-02
7.226563502762455293e-01 1.543599580721541020e+00
7.248368005300954708e-01 1.614149814938863159e+01
7.392607221911521309e-01 4.840521985807461647e+01
7.616426887721982064e-01 3.977591616077565106e+01
7.726278485361390835e-01 3.221164016600809088e+00
7.781515488600672104e-01 3.280536330872963813e+00
7.962594167733624273e-01 1.651548983788958935e+02
8.168275438585974602e-01 3.525672397314277839e-01
8.215484105887621569e-01 6.671127950121457859e-03
8.236927706556500528e-01 1.661870827063701705e+00
8.324666710334803765e-01 1.971608110692793403e+01
8.334349261998711400e-01 1.144433099213500604e+01
8.392301661389507395e-01 4.644969745748944029e-02
8.506324359765198295e-01 4.206176013491989352e+01
8.651551264954814302e-01 6.747469067776829199e+00
8.781896089663837612e-01 3.202453342315402551e+01
9.025946736278404048e-01 2.489250010855050377e+00
