9.915820699566492050e-06 3.383097546168295594e+03
3.155976021673056464e-01 2.949498817160464569e+03
1.060510901625385305e+00 1.847203401466751075e+03
1.262296308465735484e+00 1.111453952631312205e+02
1.376098587972014453e+00 1.610454373722032415e+03
2.322797294270429358e+00 6.068644145783161292e+01
2.839912989613712746e+00 4.655403565655373313e+03
3.900413975418431267e+00 2.541894574332131924e+03
4.239107099552183122e+00 1.394562699896255253e+03
4.554694785898838028e+00 1.215826912070329627e+03
5.048125947513201872e+00 6.328916460797553555e+03
5.501393492197234281e+00 4.581577083135759665e+01
6.108626933317880869e+00 3.455648508935764312e+03
7.079010173345182899e+00 1.919026009679672597e+03
7.886484896668789268e+00 1.355682744340330601e+03
8.946985882473569518e+00 7.402156576452438230e+02
9.287223131244648044e+00 2.608872703009772977e+03
9.527086198364051128e+00 6.724543545550321141e+03
9.842673884710697152e+00 5.862684412976074782e+03
1.078937259100905699e+01 2.209224068374566912e+02
1.135441105600702905e+01 9.569706958914342749e+02
1.212558208040026209e+01 5.588324184558165371e+02
1.236698927215707045e+01 9.253491389177286692e+03
1.241491204181166452e+01 5.225150931296067256e+02
1.457520223005656668e+01 1.257991346416927263e+04
1.545119726689880046e+01 6.032407228795418632e+03
1.559350823973853828e+01 3.944774336760821711e+02
1.651169825270347502e+01 3.293751658751795276e+03
1.690995421491377471e+01 2.337662910755004759e+03
1.722554190126044560e+01 2.038053561291615097e+03
1.741356117921207414e+01 2.694674783844987815e+03
1.817224060755880899e+01 7.679957982757741775e+01
1.969029445063025108e+01 2.486647219203344321e+03
1.974985728870684909e+01 3.216804748033774558e+03
2.017600813735780108e+01 5.130120534577584294e+03
2.088148733855041073e+01 1.902159498557615962e+03
2.123650912316251294e+01 2.801094539896040715e+03
2.195807024660632933e+01 4.373173719662659096e+03
2.441510532108923570e+01 2.114711347547277455e+03
2.479642919576181725e+01 9.367537372214057996e+02
2.497827354944218214e+01 1.199054550832757923e+04
2.552788021238936977e+01 2.859693023535367047e+02
2.636747522114519171e+01 9.908863282660607865e+02
2.658838119819412427e+01 1.561419541629627759e+02
2.668306290749183418e+01 8.638882023445844425e+02
2.762976161379023665e+01 3.255373203527315695e+01
2.826435535510014674e+01 6.612504869238116498e+02
2.920737829493823057e+01 1.363536132354770643e+03
2.970308441990116322e+01 1.019708076390727911e+04
2.976697739612088256e+01 1.178807630724983682e+02
3.141559125283769660e+01 1.853696711786585183e+03
3.150572217045226608e+01 2.429968820633021551e+03
3.236114156599191460e+01 4.168290874952684135e+03
3.256622315625688202e+01 1.326786063061349296e+03
3.425395020199337637e+01 3.970702837950180424e+02
3.505495649493267507e+01 5.684178450371349527e+02
3.574481935418372558e+01 1.001668986267633727e+03
3.708595243645096673e+01 3.544826101305288830e+03
3.772187636133160282e+01 2.802902273363159225e+02
3.787372680936442748e+01 6.600614517683667145e+03
3.810831504599400432e+01 6.724543550754231546e+03
3.818931449571100245e+01 5.754638885938521526e+03
3.913601320200940137e+01 2.168509473509913335e+02
3.916881603179874816e+01 3.671664665193422934e+03
4.071362988315750187e+01 9.082955466666824577e+03
4.103279845299548612e+01 4.830020697537041087e+03
4.181866257222333871e+01 1.766851167781481536e+03
4.234741222972552066e+01 2.771956022965639022e+03
4.243782451148246793e+01 1.975999270098551790e+02
4.292184284105687908e+01 1.234807370628811077e+04
4.533431247801579644e+01 3.479705457602312890e+03
4.576020179021250556e+01 2.645013650328423410e+03
4.639481346382058291e+01 1.899952232310751697e+03
4.654347344268234110e+01 1.502577508987857527e+03
4.763539132853733093e+01 1.336629679975749605e+04
4.841566646954539266e+01 1.679067161896446123e+03
4.922812794955063254e+01 1.867103910713069126e+03
4.957340966174722041e+01 1.434385900497377634e+03
5.139717114375767437e+01 2.853864490394389577e+03
5.171275883010432040e+01 2.488095551053996132e+03
5.189534551771401993e+01 8.375846975333472244e+01
5.265945753640261984e+01 9.375842424876924497e+01
5.318224098461347182e+01 1.688781027526401957e+01
5.332491416044260291e+01 1.176956742442595169e+04
5.423707421755063507e+01 3.927138006514437166e+03
5.424274197041811618e+01 9.220904908409631062e+00
5.486138876055915148e+01 6.916569953922131390e+03
5.501825934508715932e+01 4.646545323139836000e+03
5.644528717544999097e+01 5.338855810926876984e+03
5.742133816834498106e+01 6.961404617505692727e+00
5.787318747577680966e+01 7.117213865193117499e+02
5.804972503090139213e+01 1.000915508008690267e+04
5.928364612460580219e+01 1.143607237366573827e+03
6.165050026344151490e+01 4.149358203893762038e+03
6.224425677710896565e+01 2.404417337479319940e+03
6.270931726715691923e+01 3.356770330863405150e+01
6.271100124924638664e+01 2.265588998585699755e+03
6.275157228394404285e+01 8.072674994624089777e+02
6.340159710593310649e+01 5.579422727139346989e+02
6.447578035131860474e+01 1.969573207694549183e+03
6.588959744717301703e+01 1.710426647873759521e+03
6.684835849483570769e+01 5.088730831164800293e+03
6.690074140340752251e+01 6.461141353979320456e+02
6.721632908975412590e+01 5.633041488076664791e+02
6.816302779605256035e+01 2.122688199777144291e+01
6.937943906399587490e+01 4.741006511207257063e+03
6.974064447720057558e+01 8.891029635974933854e+02
7.009218528370659840e+01 1.166918954220400195e+01
7.073736351803749756e+01 6.552889862444158098e+03
7.117757654598489125e+01 8.247630916507674556e+03
7.157316936529477402e+01 4.327592876398080989e+03
7.170177778334040397e+01 1.019182126600765400e+03
7.179786450384209218e+01 3.577940119834884172e+03
7.194885743510003806e+01 1.208715486719444925e+03
7.478721638425555795e+01 2.589123647309487524e+02
7.497646070176897126e+01 2.701197840228074710e+03
7.598203193953774814e+01 1.311996450889486186e+04
7.692504144032628233e+01 2.412338484919249026e+02
7.825514254359384836e+01 1.827651394986039008e+02
7.856044456253465569e+01 2.867136006059040938e+03
7.954970628993805803e+01 4.946324817614541125e+00
8.026443980058078864e+01 1.302510278215035396e+04
8.044097780993878644e+01 1.804316462217842627e+03
8.150147879574338106e+01 9.851739323875563059e+02
8.235192875448549898e+01 1.152087269354073669e+03
8.290288339838910758e+01 2.049837950959862610e+03
8.320802937155961843e+01 6.789102002642268417e+03
8.434194337987254642e+01 6.397459527852956853e+03
8.465753106621909296e+01 5.577521514839155316e+03
8.468007499367008961e+01 7.437658602431804411e+02
8.560422977251755583e+01 2.101766665877139815e+02
8.707673962494460795e+01 9.797658318522984473e+02
8.718184645366547159e+01 8.803398501466219386e+03
8.764730781713053887e+01 4.527935536092862094e+03
8.801796556876624322e+01 1.215318881131783883e+03
8.939005941156496249e+01 1.196802232475811797e+04
8.950547627393090977e+01 5.672593161690130728e+03
8.996805409248204910e+01 3.586418810232407395e+03
9.075936443652372532e+01 6.179979433184261097e+02
9.105595787815714459e+01 3.294907128519960793e+01
9.181986542232847626e+01 3.374327494158395666e+02
9.222841836072041133e+01 2.563604910412655045e+03
9.242861169997618731e+01 5.461527669906978133e+01
9.499846162025534113e+01 2.547478647421488631e+02
9.569634452005901437e+01 1.809637833132150945e+03
9.673147370595276584e+01 2.935359586981165194e+03
9.710482882336206956e+01 1.919297001330984813e+03
9.735092210903188459e+01 1.246752027134687523e+03
9.840645365803887046e+01 4.640827472443883721e+02
9.952421715698530136e+01 8.095632327243551117e+03
9.979313073095046605e+01 1.140732142079423465e+04
1.002864407190670022e+02 1.228387315961764671e+03
1.016904193344965392e+02 5.670663186997380762e+03
1.027509203203012902e+02 3.096235966263760929e+03
1.036729719508577148e+02 3.383097543084717472e+03
1.039885596372046308e+02 2.949498816851963511e+03
1.045179416014095608e+02 9.701091403552760312e+03
1.045794022125504341e+02 1.424597409857239860e+01
1.049352583435027810e+02 1.111453960208027070e+02
1.050090465335808858e+02 1.284273540593025700e+03
1.059295165182280840e+02 2.337530997422079963e+03
1.065128750246510094e+02 4.655403557607171933e+03
1.068084431152632590e+02 5.284720597893737022e+02
1.076693087356168519e+02 4.270260809687895858e+02
1.086110804115810424e+02 1.278505848127972240e+04
1.087210879825502445e+02 6.328916462610889539e+03
1.098698136764411970e+02 5.407698184969143540e+02
1.112174956170398588e+02 1.127151111135768588e+04
1.115594469317060629e+02 1.355682746141040298e+03
1.122350439656025856e+02 6.645646042024155804e+02
1.130476614913785198e+02 3.500255575757919814e+03
1.132319135089350510e+02 5.561819983852975383e+03
1.142924144947399725e+02 3.036806553121956313e+03
1.150273730910439127e+02 9.569706950497010212e+02
1.158476556345040365e+02 4.595086903611552771e+03
1.171268297418482547e+02 1.810074089201994525e+02
1.174710106926667237e+02 2.292664228462321262e+03
1.183146947034822318e+02 3.520323408328401911e+03
1.186003636335894811e+02 3.918331897133220536e+03
1.191241593019360181e+02 6.032407216902433902e+03
1.200829724721999980e+02 3.225284677159868441e+00
1.221345247459745593e+02 5.527792052274706293e+03
1.224502485100453981e+02 1.271615573944089374e+04
1.227589897914784132e+02 1.105516476085738759e+04
1.238489701723946723e+02 5.130120519121827783e+03
1.248408421107339450e+02 3.687355620171580881e+02
1.251564297970804915e+02 3.214761289353442635e+02
1.253814934878140264e+02 5.370547852660971557e+02
1.261031285033790397e+02 1.211412277778410385e+01
1.264419944736184220e+02 2.932370148824037983e+02
1.276807451845272539e+02 5.074086158656489829e+02
1.280578846398213102e+02 1.660898791816085804e+03
1.285512317510282401e+02 7.924569024981333314e+02
1.286330813300672560e+02 1.205748918399066952e+03
1.292008422474263227e+02 2.859692975210595591e+02
1.296205906715453580e+02 2.213819038045050149e+02
1.296762459420674247e+02 6.580145702401560811e+03
1.298889581424266169e+02 6.898106048743088650e+02
1.301418578080283055e+02 3.843123097795723879e+03
1.318381390378754929e+02 1.522059186828056909e+03
1.327273170915823641e+02 1.477605743871264110e+02
1.349085697703571896e+02 1.067497533689309876e+03
1.351786842054893896e+02 2.429968821724746704e+03
1.361952432509203845e+02 1.043035639309062503e+02
1.375241744486654909e+02 3.193495877336818012e+01
1.376380950056243080e+02 1.251490602657815089e+03
1.381366818019106120e+02 1.933908023338604153e+03
1.391971827877151213e+02 1.055932150912851284e+03
1.395641362280402689e+02 1.106378435027551313e+04
1.395993788142598362e+02 1.629019357895654139e+03
1.402920294618118078e+02 6.574930348509880105e+02
1.417812770810308791e+02 6.724543527454400646e+03
1.421565256644607871e+02 5.213217702699965912e+02
1.422914377869070961e+02 3.710957311404822576e+02
1.423757789856421141e+02 7.971854063782022877e+02
1.450168403322712152e+02 5.591496719860948588e+02
1.459924337274934771e+02 7.846463430606627298e+03
1.473417092975253695e+02 3.445937845744957713e+02
1.476637580844539457e+02 3.844006414902817141e+03
1.477875341987534341e+02 6.120080948550852554e+03
1.481031218850998812e+02 5.335693487566369186e+03
1.490072745130527494e+02 3.479705470659620005e+03
