1.789452491617064464e-11
2.679304001457665230e-01
4.472306091481088042e-01
1.025134674596566153e+00
1.217400788677603263e+00
1.295347234637059808e+00
1.394611759773209725e+00
1.625988074997646304e+00
1.749247127212815833e+00
1.859266329277090568e+00
2.002052631516923142e+00
2.077293759446207311e+00
2.092882589942115956e+00
2.230327584821819364e+00
2.274872530470315457e+00
2.306346449256850395e+00
2.427663126687122919e+00
2.519452342272602507e+00
2.617155311910360549e+00
2.657641604596580276e+00
2.696171491072701709e+00
2.779824810502782295e+00
2.858743442177997363e+00
2.901069353696635655e+00
