#        Time  nozzle coflow outlet walls
          401 -3.97174e-05 -0.000764874     -17779.6     -12046.7
          402 -4.02222e-05 -0.000764874       -22079     -6778.16
          403 -4.02222e-05 -0.000858392       -21430     -4122.28
          404 -4.02222e-05 -0.000858392     -20566.8     -1484.34
          405 -4.02222e-05 -0.000980427     -11548.4      21989.7
          406 -4.02222e-05 -0.000980427     -11310.3      26881.1
          407 -4.02222e-05 -0.000980427     -11037.1      31592.9
          408 -4.02222e-05 -0.000980427     -10739.1      28470.5
          409 -4.02222e-05  -0.00109836     -11576.7      33551.9
          410 -4.02222e-05  -0.00109836     -11846.6      33493.5
          411 -4.02222e-05  -0.00109836     -12110.7      34326.5
          412 -4.02222e-05  -0.00109836     -12363.5      35254.1
          413 -4.02222e-05  -0.00109836     -12600.6      36433.6
          414 -4.02222e-05  -0.00109836       -12820      37889.3
          415 -4.02222e-05  -0.00109836     -13020.5      39683.4
          416 -4.02222e-05  -0.00109836     -13201.8      41742.3
          417 -4.02222e-05  -0.00109836     -13363.8      43891.4
          418 -4.02222e-05  -0.00109836       -13507      45626.8
          419 -4.02222e-05  -0.00109836     -13631.7      47397.9
          420 -4.02222e-05  -0.00109836     -13738.6      49085.9
          421 -4.02222e-05  -0.00109836     -13828.4      50797.3
          422 -4.02222e-05  -0.00109836     -13901.6      52573.2
          423 -4.02222e-05  -0.00109836     -13959.1      72009.3
          424 -4.02222e-05  -0.00109597     -25807.5      43842.4
          425 -4.02222e-05  -0.00109597     -25683.5      22163.1
          426 -4.02222e-05  -0.00109674     -25820.3      14200.9
          427 -4.02222e-05  -0.00109674     -26063.2     -513.787
          428 -4.02222e-05  -0.00109674     -26442.2     -5259.73
          429 -4.02222e-05  -0.00109674     -26936.9      31313.4
          430 -4.02222e-05  -0.00109772     -26911.9      27265.9
          431 -4.02222e-05  -0.00109836     -13281.7      8379.61
          432 -4.02222e-05  -0.00106149       -13082      9102.15
          433 -4.02222e-05  -0.00106149     -13272.2      25865.4
          434 -4.02222e-05  -0.00106149     -22862.1      21314.2
          435 -4.02222e-05  -0.00106149     -29129.7     -1755.69
          436 -4.02222e-05  -0.00106149     -29831.7      10189.5
          437 -4.02222e-05  -0.00106149       -30056      13796.6
          438 -4.02222e-05  -0.00106149     -15076.6      11847.7
          439 -4.02222e-05  -0.00106149     -14961.3      13436.4
          440 -4.02222e-05  -0.00106149     -15017.9      15309.9
          441 -4.02222e-05  -0.00106149       -15176      17762.8
          442 -4.02222e-05  -0.00106149     -26736.8        39140
          443 -4.02222e-05  -0.00106149     -31192.9      49060.6
          444 -4.02222e-05  -0.00106149     -31354.6      55798.3
          445 -4.02222e-05  -0.00106149     -24186.6      56597.1
          446 -4.02222e-05  -0.00106149     -17852.6      46192.7
          447 -4.02222e-05  -0.00100799     -15461.2      20319.3
          448 -4.02222e-05 -0.000821522     -15582.1        11083
          449 -4.02222e-05 -0.000821522     -31704.6        20966
