0.001 30.9582 	0.00121041 	-2.3949e-19 	
0.0101633 30.6344 	0.00169294 	-1.79453e-12 	
0.0193265 30.3024 	0.00167232 	-4.56185e-14 	
0.0284898 29.9569 	0.00184174 	8.52505e-14 	
0.0376531 29.524 	0.00269233 	6.48625e-13 	
0.0468163 28.7789 	0.0050673 	2.02545e-13 	
0.0559796 27.3696 	0.00921419 	4.07114e-12 	
0.0651429 25.332 	0.0115262 	-9.78813e-14 	
0.0743061 23.125 	0.0111986 	-1.38413e-13 	
0.0834694 21.0785 	0.00995099 	9.38754e-14 	
0.0926327 19.2943 	0.00861529 	9.75345e-15 	
0.101796 17.769 	0.0072261 	1.48197e-13 	
0.110959 16.4711 	0.0060756 	-1.81455e-12 	
0.120122 15.3631 	0.00519188 	-2.92547e-12 	
0.129286 14.4113 	0.00446932 	6.13549e-13 	
0.138449 13.5885 	0.0039665 	1.04314e-13 	
0.147612 12.8727 	0.00340443 	-3.09449e-13 	
0.156776 12.244 	0.00301709 	5.42251e-14 	
0.165939 11.6896 	0.00262668 	-5.6725e-13 	
0.175102 11.1969 	0.00237122 	2.65369e-13 	
0.184265 10.7563 	0.00214258 	2.77174e-13 	
0.193429 10.3608 	0.00191663 	8.831e-13 	
0.202592 10.0039 	0.00172747 	6.28768e-14 	
0.211755 9.68018 	0.00157328 	1.30257e-13 	
0.220918 9.38542 	0.00144158 	2.446e-13 	
0.230082 9.11626 	0.0013085 	5.8134e-13 	
0.239245 8.86912 	0.0011888 	3.09252e-14 	
0.248408 8.64141 	0.00109002 	-2.02529e-13 	
0.257571 8.43134 	0.00103134 	-7.45355e-13 	
0.266735 8.23704 	0.000939091 	1.74359e-13 	
0.275898 8.05625 	0.000877409 	-1.76116e-13 	
0.285061 7.88824 	0.000817372 	2.97806e-13 	
0.294224 7.73115 	0.000762144 	-5.65363e-13 	
0.303388 7.58452 	0.00071295 	-2.85267e-13 	
0.312551 7.44678 	0.000676099 	2.2475e-12 	
0.321714 7.31765 	0.00062325 	-3.3709e-13 	
0.330878 7.19618 	0.000596243 	4.84422e-13 	
0.340041 7.08151 	0.00056304 	-2.2395e-12 	
0.349204 6.97334 	0.000522905 	-5.40334e-14 	
0.358367 6.87121 	0.000500752 	-2.79482e-14 	
0.367531 6.7743 	0.000479609 	-1.24403e-13 	
0.376694 6.6824 	0.000454677 	-7.45238e-14 	
0.385857 6.59519 	0.000426711 	1.64807e-13 	
0.39502 6.51227 	0.000404143 	-2.04295e-13 	
0.404184 6.43339 	0.000387258 	-5.92772e-14 	
0.413347 6.35817 	0.000371065 	-5.24185e-13 	
0.42251 6.28638 	0.00035541 	5.1389e-13 	
0.431673 6.21787 	0.000340245 	2.48215e-12 	
0.440837 6.15251 	0.000325078 	1.71011e-13 	
0.45 6.09028 	0.000309978 	7.22311e-14 	
