0 2.55106
0.00153061 2.55325
0.00306122 2.55925
0.00459184 2.56688
0.00612245 2.57291
0.00765306 2.57351
0.00918367 2.56513
0.0107143 2.54445
0.0122449 2.50932
0.0137755 2.4576
0.0153061 2.38653
0.0168367 2.29844
0.0183673 2.1942
0.019898 2.07563
0.0214286 1.94275
0.0229592 1.79172
0.0244898 1.63385
0.0260204 1.47552
0.027551 1.30019
0.0290816 1.12863
0.0306122 0.955311
0.0321429 0.781181
0.0336735 0.614874
0.0352041 0.458894
0.0367347 0.315138
0.0382653 0.201221
0.0397959 0.113906
0.0413265 0.0411618
0.0428571 0.0238464
0.0443878 0.00826836
0.0459184 0.000955522
0.047449 0.000571463
0.0489796 0.000164848
0.0505102 5.37592e-05
0.0520408 6.80729e-05
0.0535714 8.12698e-05
0.055102 0.000111985
0.0566327 0.00015591
0.0581633 0.000196969
0.0596939 0.000244408
0.0612245 0.000342428
0.0627551 0.000437929
0.0642857 0.000528245
0.0658163 0.000630145
0.0673469 0.000754847
0.0688776 0.000876576
0.0704082 0.000991989
0.0719388 0.0010861
0.0734694 0.00108609
