0 5.31157
0.00153061 9.55786
0.00306122 17.764
0.00459184 20.7309
0.00612245 17.9791
0.00765306 12.3082
0.00918367 6.34726
0.0107143 2.04998
0.0122449 0.232946
0.0137755 0.00158932
0.0153061 0.00014762
0.0168367 0.000140088
0.0183673 0.000140145
0.019898 0.000140311
0.0214286 0.000140487
0.0229592 0.000140666
0.0244898 0.000140841
0.0260204 0.00014101
0.027551 0.000141163
0.0290816 0.000141304
0.0306122 0.000141432
0.0321429 0.000141543
0.0336735 0.000141646
0.0352041 0.000141737
0.0367347 0.000141823
0.0382653 0.0001419
0.0397959 0.00014197
0.0413265 0.000142037
0.0428571 0.000142094
0.0443878 0.00014215
0.0459184 0.000142201
0.047449 0.000142248
0.0489796 0.000142294
0.0505102 0.000142388
0.0520408 0.000142502
0.0535714 0.000142617
0.055102 0.000143594
0.0566327 0.000145243
0.0581633 0.000146892
0.0596939 0.000151788
0.0612245 0.00018086
0.0627551 0.000209932
0.0642857 0.000239004
0.0658163 0.000370534
0.0673469 0.000702706
0.0688776 0.00103488
0.0704082 0.00136705
0.0719388 0.0016376
0.0734694 0.0016376
