0 6.46893 	3.43328e-05 	1.499e-06 	
0.00153061 6.4607 	0.00674485 	-1.85185e-12 	
0.00306122 6.43562 	0.0133448 	-3.01489e-12 	
0.00459184 6.39384 	0.0197005 	1.98552e-13 	
0.00612245 6.33677 	0.0257033 	2.79044e-12 	
0.00765306 6.26402 	0.0312586 	1.19168e-12 	
0.00918367 6.17841 	0.0362468 	1.29379e-12 	
0.0107143 6.08094 	0.0406092 	1.43076e-12 	
0.0122449 5.97322 	0.0443186 	2.71621e-12 	
0.0137755 5.85628 	0.0473252 	3.58014e-12 	
0.0153061 5.72946 	0.0495741 	1.48193e-12 	
0.0168367 5.59687 	0.0510937 	9.32936e-13 	
0.0183673 5.45985 	0.0518909 	1.2624e-12 	
0.019898 5.31976 	0.052004 	2.55826e-12 	
0.0214286 5.17633 	0.0514187 	4.33543e-12 	
0.0229592 5.02694 	0.0499502 	2.91232e-12 	
0.0244898 4.8795 	0.0479513 	2.3525e-12 	
0.0260204 4.73599 	0.0455863 	9.0545e-12 	
0.027551 4.58581 	0.0422039 	4.40303e-12 	
0.0290816 4.44198 	0.0385912 	5.48082e-12 	
0.0306122 4.29971 	0.0344902 	9.57907e-12 	
0.0321429 4.1578 	0.0297884 	4.39909e-12 	
0.0336735 4.02278 	0.0249869 	7.6231e-12 	
0.0352041 3.88805 	0.0195769 	3.31799e-12 	
0.0367347 3.76022 	0.0141288 	5.42048e-12 	
0.0382653 3.63673 	0.00846952 	4.71282e-12 	
0.0397959 3.51723 	0.00254309 	2.8212e-12 	
0.0413265 3.407 	-0.00308234 	8.56154e-12 	
0.0428571 3.30549 	-0.00944124 	2.13952e-12 	
0.0443878 3.21059 	-0.0154165 	4.69709e-12 	
0.0459184 3.13551 	-0.0199266 	3.99361e-12 	
0.047449 3.07808 	-0.02318 	1.17022e-12 	
0.0489796 3.02297 	-0.0263455 	2.87455e-12 	
0.0505102 3.00008 	-0.0270595 	1.80829e-12 	
0.0520408 2.99236 	-0.026652 	6.92276e-12 	
0.0535714 2.98438 	-0.0263373 	2.35815e-11 	
0.055102 2.98182 	-0.0256965 	2.0798e-11 	
0.0566327 2.98371 	-0.0247998 	5.74225e-12 	
0.0581633 2.98552 	-0.0239626 	1.65112e-12 	
0.0596939 2.98722 	-0.023209 	2.99559e-12 	
0.0612245 2.98877 	-0.022901 	1.16661e-12 	
0.0627551 2.99027 	-0.0226089 	-1.7631e-12 	
0.0642857 2.9917 	-0.0223437 	-5.79171e-12 	
0.0658163 2.99293 	-0.0218934 	-7.1493e-12 	
0.0673469 2.99379 	-0.0210642 	-2.71339e-12 	
0.0688776 2.99461 	-0.0202702 	-5.61609e-12 	
0.0704082 2.99541 	-0.0195178 	-1.41826e-11 	
0.0719388 2.99605 	-0.0189122 	-2.05912e-11 	
0.0734694 2.99605 	-0.0188991 	-1.00312e-11 	
