0 1.91908
0.00153061 1.92031
0.00306122 1.92369
0.00459184 1.92822
0.00612245 1.9324
0.00765306 1.93438
0.00918367 1.93232
0.0107143 1.92428
0.0122449 1.90906
0.0137755 1.88471
0.0153061 1.84996
0.0168367 1.80518
0.0183673 1.74993
0.019898 1.68489
0.0214286 1.61093
0.0229592 1.5243
0.0244898 1.43028
0.0260204 1.33224
0.027551 1.22365
0.0290816 1.11112
0.0306122 0.996839
0.0321429 0.877402
0.0336735 0.759149
0.0352041 0.638774
0.0367347 0.520948
0.0382653 0.408518
0.0397959 0.302994
0.0413265 0.205363
0.0428571 0.13682
0.0443878 0.0687134
0.0459184 0.0336517
0.047449 0.0189679
0.0489796 0.00487678
0.0505102 0.00102507
0.0520408 0.000617061
0.0535714 0.000225849
0.055102 0.00012413
0.0566327 0.000166694
0.0581633 0.000209258
0.0596939 0.000256898
0.0612245 0.000348092
0.0627551 0.000437026
0.0642857 0.000525841
0.0658163 0.000619161
0.0673469 0.000723866
0.0688776 0.000826634
0.0704082 0.000929401
0.0719388 0.00101092
0.0734694 0.00101091
