0.001 2.79776
0.0101633 2.80775
0.0193265 2.83513
0.0284898 2.90938
0.0376531 3.15194
0.0468163 4.22967
0.0559796 7.38704
0.0651429 10.3865
0.0743061 11.7114
0.0834694 13.0845
0.0926327 13.9531
0.101796 13.0472
0.110959 11.3742
0.120122 10.4287
0.129286 9.9534
0.138449 9.51332
0.147612 8.58919
0.156776 7.59946
0.165939 8.38952
0.175102 6.42063
0.184265 6.08658
0.193429 5.26666
0.202592 4.61851
0.211755 4.2253
0.220918 4.117
0.230082 3.89278
0.239245 3.81351
0.248408 3.54431
0.257571 3.29777
0.266735 3.0155
0.275898 2.80995
0.285061 2.6911
0.294224 2.61187
0.303388 2.49019
0.312551 2.41162
0.321714 2.31167
0.330878 2.06714
0.340041 1.98273
0.349204 1.74861
0.358367 1.58879
0.367531 1.48782
0.376694 1.43692
0.385857 1.41022
0.39502 1.44848
0.404184 1.3527
0.413347 1.32939
0.42251 1.31907
0.431673 1.26569
0.440837 1.21095
0.45 1.17437
