0.001 29.4914 	0.00298064 	-6.88825e-13 	
0.0101633 29.0147 	0.00194438 	4.72133e-07 	
0.0193265 28.6758 	0.0017889 	-2.51705e-08 	
0.0284898 28.322 	0.00199759 	-3.20627e-08 	
0.0376531 27.8822 	0.00284808 	-6.65865e-05 	
0.0468163 27.1588 	0.00561745 	0.0024198 	
0.0559796 25.7941 	0.00960003 	0.00640165 	
0.0651429 23.8756 	0.0115435 	0.0153324 	
0.0743061 21.8473 	0.0113163 	0.0251775 	
0.0834694 19.9623 	0.0102206 	0.0040212 	
0.0926327 18.2895 	0.00922257 	0.0367658 	
0.101796 16.8678 	0.00765042 	-0.0328572 	
0.110959 15.6674 	0.00659195 	-0.0268961 	
0.120122 14.6378 	0.0058178 	-0.0329731 	
0.129286 13.7401 	0.00518606 	-0.00697852 	
0.138449 12.9527 	0.00478801 	0.0441587 	
0.147612 12.2759 	0.00424742 	0.0521915 	
0.156776 11.6715 	0.00379952 	0.0460799 	
0.165939 11.1366 	0.00337097 	0.0463897 	
0.175102 10.6549 	0.00326893 	0.0216076 	
0.184265 10.2194 	0.00296021 	0.0488727 	
0.193429 9.82949 	0.00278586 	0.0468391 	
0.202592 9.48001 	0.00258527 	0.0496294 	
0.211755 9.16589 	0.00238269 	-0.0438493 	
0.220918 8.88297 	0.00225752 	-0.0481859 	
0.230082 8.62491 	0.00214203 	0.0468769 	
0.239245 8.3872 	0.00218197 	0.0532513 	
0.248408 8.16516 	0.00201162 	0.0460469 	
0.257571 7.95739 	0.00188931 	-0.0468434 	
0.266735 7.76352 	0.00182992 	-0.0213303 	
0.275898 7.58337 	0.00179289 	0.0462332 	
0.285061 7.41317 	0.00170678 	0.0441295 	
0.294224 7.2544 	0.00167174 	0.0436981 	
0.303388 7.1077 	0.00157832 	0.00270416 	
0.312551 6.97007 	0.00155578 	0.0414624 	
0.321714 6.84161 	0.00153241 	0.0430561 	
0.330878 6.72396 	0.00143673 	0.0412846 	
0.340041 6.61621 	0.00146437 	0.0441141 	
0.349204 6.51645 	0.00148418 	0.048877 	
0.358367 6.42116 	0.00129899 	0.0418652 	
0.367531 6.33111 	0.00140687 	0.0456711 	
0.376694 6.2446 	0.00133929 	0.0446517 	
0.385857 6.16186 	0.00139454 	0.0467199 	
0.39502 6.08004 	0.00124274 	-0.0165868 	
0.404184 6.00239 	0.00118072 	-0.00154507 	
0.413347 5.92608 	0.00112846 	0.0352909 	
0.42251 5.85507 	0.00114316 	0.0368326 	
0.431673 5.78989 	0.0012434 	0.0435656 	
0.440837 5.72771 	0.00109569 	0.0311856 	
0.45 5.67181 	0.00111444 	-0.0441776 	
