0 8.12843 	0 	0 	
0.000757576 8.11181 	0.00910572 	0.0126266 	
0.00151515 8.08565 	0.0179553 	0.00552818 	
0.00227273 8.048 	0.0265996 	0.00381748 	
0.0030303 7.99837 	0.0349915 	0.00354462 	
0.00378788 7.937 	0.0430495 	0.00334972 	
0.00454545 7.86426 	0.0506796 	0.002444 	
0.00530303 7.78052 	0.0578943 	0.00124603 	
0.00606061 7.68741 	0.0645502 	0.00161817 	
0.00681818 7.58443 	0.0705968 	0.000770314 	
0.00757576 7.47349 	0.076043 	0.000654117 	
0.00833333 7.35479 	0.0808379 	0.000574424 	
0.00909091 7.22923 	0.0849635 	0.000518388 	
0.00984848 7.09893 	0.0884575 	0.000874969 	
0.0106061 6.96144 	0.0911521 	0.000418303 	
0.0113636 6.82111 	0.0932325 	0.000435657 	
0.0121212 6.67731 	0.0946549 	0.000666567 	
0.0128788 6.52884 	0.0952792 	0.000379687 	
0.0136364 6.37895 	0.0952758 	0.00029841 	
0.0143939 6.22764 	0.0946444 	0.000274511 	
0.0151515 6.07519 	0.0933897 	0.000253736 	
0.0159091 5.92212 	0.091531 	0.000235558 	
0.0166667 5.76965 	0.0891466 	0.000294488 	
0.0174242 5.61808 	0.0862808 	0.00039262 	
0.0181818 5.46552 	0.0827112 	0.000238553 	
0.0189394 5.31435 	0.0786679 	0.000162266 	
0.019697 5.16498 	0.0742263 	0.00015338 	
0.0204545 5.01899 	0.0695489 	0.000253787 	
0.0212121 4.8732 	0.0642449 	0.000121858 	
0.0219697 4.73049 	0.0586428 	0.000114779 	
0.0227273 4.59169 	0.052965 	0.000194959 	
0.0234848 4.45424 	0.0467178 	8.92328e-05 	
0.0242424 4.32037 	0.0403446 	8.78697e-05 	
0.025 4.19114 	0.0339046 	9.70373e-05 	
0.0257576 4.06501 	0.02713 	6.7348e-05 	
0.0265152 3.94339 	0.020453 	0.000100684 	
0.0272727 3.82665 	0.0134888 	5.17599e-05 	
0.0280303 3.71414 	0.00671506 	8.45979e-05 	
0.0287879 3.60896 	-0.000149792 	3.93482e-05 	
0.0295455 3.50744 	-0.00680984 	6.03605e-05 	
0.030303 3.41483 	-0.0132145 	2.95837e-05 	
0.0310606 3.32563 	-0.0194278 	3.60294e-05 	
0.0318182 3.24593 	-0.0253144 	2.19074e-05 	
0.0325758 3.17042 	-0.0310315 	1.66165e-05 	
0.0333333 3.10586 	-0.0359433 	1.87409e-05 	
0.0340909 3.05113 	-0.0401635 	1.06029e-05 	
0.0348485 2.9995 	-0.0441334 	1.75522e-05 	
0.0356061 2.96746 	-0.0461047 	7.85054e-06 	
0.0363636 2.93559 	-0.0481164 	6.96459e-06 	
0.0371212 2.91057 	-0.0495053 	6.96826e-06 	
0.0378788 2.89046 	-0.0504578 	4.09242e-06 	
0.0386364 2.87103 	-0.0513931 	5.71086e-06 	
0.0393939 2.8574 	-0.0516183 	3.19053e-06 	
0.0401515 2.84489 	-0.0517454 	2.17335e-06 	
0.0409091 2.833 	-0.0518642 	3.70548e-06 	
0.0416667 2.82581 	-0.0515182 	1.77787e-06 	
0.0424242 2.81871 	-0.0512159 	1.22915e-06 	
0.0431818 2.812 	-0.0509171 	2.14864e-06 	
0.0439394 2.80825 	-0.0502984 	1.0568e-06 	
0.044697 2.8046 	-0.0497185 	8.00507e-07 	
0.0454545 2.8011 	-0.0491564 	1.23685e-06 	
0.0462121 2.79868 	-0.0484968 	7.61626e-07 	
0.0469697 2.79652 	-0.0478637 	5.81931e-07 	
0.0477273 2.79441 	-0.0472438 	6.70446e-07 	
0.0484848 2.79264 	-0.0466033 	7.61473e-07 	
0.0492424 2.79126 	-0.0459358 	4.52376e-07 	
0.05 2.78987 	-0.0452946 	3.77312e-07 	
0.0507576 2.78855 	-0.0446773 	6.8644e-07 	
0.0515152 2.78758 	-0.0440078 	3.92224e-07 	
0.0522727 2.78666 	-0.0433759 	3.20855e-07 	
0.0530303 2.78575 	-0.042751 	3.1589e-07 	
0.0537879 2.78491 	-0.0421446 	5.36664e-07 	
0.0545455 2.7843 	-0.0414971 	2.76426e-07 	
0.055303 2.78368 	-0.0408885 	2.45181e-07 	
0.0560606 2.78307 	-0.0402857 	2.67486e-07 	
0.0568182 2.78253 	-0.0396975 	4.17143e-07 	
0.0575758 2.78217 	-0.0390789 	2.18487e-07 	
0.0583333 2.78181 	-0.038501 	1.9724e-07 	
0.0590909 2.78146 	-0.0379248 	1.92419e-07 	
0.0598485 2.78112 	-0.037366 	3.56879e-07 	
0.0606061 2.78101 	-0.0368299 	2.01922e-07 	
0.0613636 2.78091 	-0.0363348 	1.68031e-07 	
0.0621212 2.78081 	-0.0358466 	1.5654e-07 	
0.0628788 2.78071 	-0.0353646 	2.50035e-07 	
0.0636364 2.7807 	-0.0349216 	2.3936e-07 	
0.0643939 2.78078 	-0.0344914 	1.51108e-07 	
0.0651515 2.78086 	-0.0340285 	1.44899e-07 	
0.0659091 2.78097 	-0.0334769 	2.42871e-07 	
0.0666667 2.78112 	-0.0330053 	1.40104e-07 	
0.0674242 2.78128 	-0.0325334 	2.31255e-07 	
0.0681818 2.78149 	-0.0320882 	1.34638e-07 	
0.0689394 2.78175 	-0.0316422 	1.33646e-07 	
0.069697 2.78206 	-0.0312164 	2.63146e-07 	
0.0704545 2.78245 	-0.030791 	1.53492e-07 	
0.0712121 2.78293 	-0.0303712 	1.22415e-07 	
0.0719697 2.78354 	-0.0299555 	1.45228e-07 	
0.0727273 2.7843 	-0.0295524 	1.77463e-07 	
0.0734848 2.78522 	-0.0291503 	1.31773e-07 	
0.0742424 2.78605 	-0.0287558 	1.3602e-07 	
