0 6.03828 	-0.000607704 	0.0229391 	
0.000757576 6.03155 	0.0035527 	0.00579036 	
0.00151515 6.02275 	0.00675877 	0.00210744 	
0.00227273 6.01079 	0.00994178 	0.00178373 	
0.0030303 5.99539 	0.0130754 	0.00184524 	
0.00378788 5.97657 	0.0161541 	0.00204746 	
0.00454545 5.95436 	0.0191592 	0.0017687 	
0.00530303 5.9288 	0.0221139 	0.00105856 	
0.00606061 5.90022 	0.0249704 	0.00156303 	
0.00681818 5.86833 	0.0277105 	0.000624959 	
0.00757576 5.83364 	0.0303417 	0.000647152 	
0.00833333 5.7961 	0.0328487 	0.000541207 	
0.00909091 5.75593 	0.0352228 	0.000512976 	
0.00984848 5.71348 	0.037474 	0.00121234 	
0.0106061 5.66785 	0.0395504 	0.000439316 	
0.0113636 5.62043 	0.0414975 	0.000632472 	
0.0121212 5.57114 	0.0432878 	0.000975087 	
0.0128788 5.5191 	0.0448845 	0.00056002 	
0.0136364 5.46531 	0.0463233 	0.00032778 	
0.0143939 5.40993 	0.0475944 	0.00030253 	
0.0151515 5.353 	0.0486883 	0.000281507 	
0.0159091 5.29472 	0.0496116 	0.00031878 	
0.0166667 5.23531 	0.0503689 	0.000450997 	
0.0174242 5.1749 	0.0509576 	0.000611754 	
0.0181818 5.1124 	0.0513121 	0.000378516 	
0.0189394 5.04902 	0.0514907 	0.000189405 	
0.019697 4.98555 	0.0515213 	0.000184707 	
0.0204545 4.9221 	0.051429 	0.000429431 	
0.0212121 4.85636 	0.0510613 	0.000213564 	
0.0219697 4.79093 	0.0505623 	0.000149959 	
0.0227273 4.7263 	0.0499936 	0.000364546 	
0.0234848 4.65914 	0.0491028 	0.000125377 	
0.0242424 4.59361 	0.0481634 	0.000173871 	
0.025 4.52769 	0.0470647 	0.000210515 	
0.0257576 4.46123 	0.0457616 	0.00010935 	
0.0265152 4.39626 	0.0444411 	0.000244343 	
0.0272727 4.3297 	0.0428246 	9.49737e-05 	
0.0280303 4.26549 	0.0412736 	0.000234961 	
0.0287879 4.19954 	0.0393883 	8.33881e-05 	
0.0295455 4.13611 	0.0375976 	0.000197826 	
0.030303 4.07138 	0.0355071 	7.40179e-05 	
0.0310606 4.00883 	0.0334849 	0.000145311 	
0.0318182 3.94585 	0.0312528 	6.64012e-05 	
0.0325758 3.88437 	0.0290107 	8.72549e-05 	
0.0333333 3.82399 	0.0267149 	9.90905e-05 	
0.0340909 3.76376 	0.0242695 	4.92858e-05 	
0.0348485 3.70596 	0.0219473 	0.000131907 	
0.0356061 3.64797 	0.0193871 	4.52732e-05 	
0.0363636 3.59197 	0.0169198 	6.88499e-05 	
0.0371212 3.53737 	0.0144329 	6.88883e-05 	
0.0378788 3.48391 	0.0118809 	3.33742e-05 	
0.0386364 3.43231 	0.00943488 	7.60979e-05 	
0.0393939 3.38243 	0.00696245 	3.63804e-05 	
0.0401515 3.33437 	0.00453221 	2.40971e-05 	
0.0409091 3.28779 	0.00220022 	6.55502e-05 	
0.0416667 3.24425 	-3.99886e-05 	2.33316e-05 	
0.0424242 3.20242 	-0.00220888 	1.71197e-05 	
0.0431818 3.16165 	-0.00431131 	4.70928e-05 	
0.0439394 3.12622 	-0.00617242 	1.81676e-05 	
0.044697 3.09247 	-0.00795669 	1.22433e-05 	
0.0454545 3.05937 	-0.00970615 	2.85099e-05 	
0.0462121 3.03244 	-0.0111778 	1.71375e-05 	
0.0469697 3.0081 	-0.0125453 	9.07429e-06 	
0.0477273 2.98428 	-0.0138835 	1.44432e-05 	
0.0484848 2.96347 	-0.0151021 	1.65e-05 	
0.0492424 2.94683 	-0.0161712 	6.90826e-06 	
0.05 2.93073 	-0.017227 	5.35444e-06 	
0.0507576 2.91487 	-0.0182543 	1.31654e-05 	
0.0515152 2.90342 	-0.0190773 	7.32373e-06 	
0.0522727 2.89302 	-0.0198568 	4.00319e-06 	
0.0530303 2.88282 	-0.0206274 	5.00188e-06 	
0.0537879 2.8731 	-0.0213687 	8.7074e-06 	
0.0545455 2.8666 	-0.02193 	3.79001e-06 	
0.055303 2.86041 	-0.0224781 	2.54468e-06 	
0.0560606 2.85426 	-0.0230262 	3.65814e-06 	
0.0568182 2.84849 	-0.0235519 	5.8116e-06 	
0.0575758 2.84471 	-0.0239405 	2.65374e-06 	
0.0583333 2.84112 	-0.0243182 	1.82742e-06 	
0.0590909 2.83756 	-0.0246985 	2.36593e-06 	
0.0598485 2.83399 	-0.0250869 	4.50554e-06 	
0.0606061 2.83177 	-0.0253574 	2.48956e-06 	
0.0613636 2.82968 	-0.0256172 	1.45616e-06 	
0.0621212 2.82765 	-0.025873 	1.28751e-06 	
0.0628788 2.8256 	-0.0261459 	2.89262e-06 	
0.0636364 2.82412 	-0.0263518 	2.76403e-06 	
0.0643939 2.82312 	-0.0265025 	1.24439e-06 	
0.0651515 2.82193 	-0.0266889 	1.13174e-06 	
0.0659091 2.82037 	-0.0269546 	2.69023e-06 	
0.0666667 2.81946 	-0.0271045 	1.07856e-06 	
0.0674242 2.8185 	-0.0272909 	2.5079e-06 	
0.0681818 2.81776 	-0.0274171 	1.01787e-06 	
0.0689394 2.81701 	-0.0275653 	1.22031e-06 	
0.069697 2.81634 	-0.0277168 	2.83438e-06 	
0.0704545 2.81578 	-0.027827 	1.61985e-06 	
0.0712121 2.81525 	-0.0279421 	1.1219e-06 	
0.0719697 2.81477 	-0.0280641 	1.55187e-06 	
0.0727273 2.81432 	-0.0281814 	1.93673e-06 	
0.0734848 2.81386 	-0.0282837 	1.46253e-06 	
0.0742424 2.81301 	-0.0283901 	1.59958e-06 	
