0 5.67198 	0.0012843 	-0.0218829 	
0.000757576 5.66685 	0.00242543 	-0.00554576 	
0.00151515 5.65991 	0.00454838 	-0.0018613 	
0.00227273 5.65045 	0.00672982 	-0.00115317 	
0.0030303 5.63834 	0.0089088 	-0.000502664 	
0.00378788 5.62359 	0.0110831 	5.40206e-05 	
0.00454545 5.60624 	0.0132366 	0.000435648 	
0.00530303 5.58634 	0.0153916 	0.000436175 	
0.00606061 5.56418 	0.0175152 	0.000755677 	
0.00681818 5.53956 	0.0196091 	0.000346118 	
0.00757576 5.51291 	0.0216723 	0.000412762 	
0.00833333 5.48416 	0.0236913 	0.000341746 	
0.00909091 5.45352 	0.0256612 	0.000335805 	
0.00984848 5.42131 	0.0275779 	0.000879988 	
0.0106061 5.38673 	0.0294118 	0.000312726 	
0.0113636 5.3509 	0.0311686 	0.000503875 	
0.0121212 5.31364 	0.032831 	0.000794137 	
0.0128788 5.27431 	0.0343618 	0.000471382 	
0.0136364 5.23359 	0.0357681 	0.000282483 	
0.0143939 5.19158 	0.037039 	0.00025128 	
0.0151515 5.14829 	0.0381648 	0.000239843 	
0.0159091 5.10384 	0.0391451 	0.000299928 	
0.0166667 5.05834 	0.0399813 	0.000433865 	
0.0174242 5.01191 	0.0406812 	0.000602638 	
0.0181818 4.96363 	0.0411862 	0.000383254 	
0.0189394 4.91442 	0.041544 	0.000180987 	
0.019697 4.86498 	0.0417855 	0.000178408 	
0.0204545 4.81538 	0.0419364 	0.000455309 	
0.0212121 4.76365 	0.041874 	0.000232236 	
0.0219697 4.71188 	0.0416993 	0.000151762 	
0.0227273 4.66066 	0.0414756 	0.000403471 	
0.0234848 4.60694 	0.0410102 	0.00013059 	
0.0242424 4.55443 	0.0405011 	0.000196792 	
0.025 4.50132 	0.0398849 	0.000242292 	
0.0257576 4.44735 	0.0391045 	0.000117093 	
0.0265152 4.39454 	0.0383168 	0.000285888 	
0.0272727 4.33985 	0.0372952 	0.000103569 	
0.0280303 4.28712 	0.0363257 	0.000279497 	
0.0287879 4.23224 	0.0350893 	9.24417e-05 	
0.0295455 4.17955 	0.0339276 	0.000239303 	
0.030303 4.12501 	0.0325141 	8.33588e-05 	
0.0310606 4.07235 	0.031156 	0.000178923 	
0.0318182 4.0186 	0.0296109 	7.75159e-05 	
0.0325758 3.96599 	0.0280585 	0.00010961 	
0.0333333 3.91384 	0.0264364 	0.000124433 	
0.0340909 3.86117 	0.0246714 	5.7897e-05 	
0.0348485 3.81077 	0.0230053 	0.000169192 	
0.0356061 3.75884 	0.0210777 	5.41716e-05 	
0.0363636 3.70878 	0.0192319 	9.07981e-05 	
0.0371212 3.65922 	0.017318 	9.08486e-05 	
0.0378788 3.60974 	0.0153035 	4.13607e-05 	
0.0386364 3.5622 	0.0133843 	0.000103695 	
0.0393939 3.51458 	0.0113107 	4.96693e-05 	
0.0401515 3.46803 	0.00924238 	3.11752e-05 	
0.0409091 3.42327 	0.00727002 	9.31029e-05 	
0.0416667 3.37905 	0.00516246 	3.20853e-05 	
0.0424242 3.33619 	0.00310798 	2.346e-05 	
0.0431818 3.29481 	0.00113433 	7.04916e-05 	
0.0439394 3.25539 	-0.000897151 	2.72478e-05 	
0.044697 3.2173 	-0.00287661 	1.7414e-05 	
0.0454545 3.18034 	-0.00479253 	4.49742e-05 	
0.0462121 3.14706 	-0.00660412 	2.70459e-05 	
0.0469697 3.11574 	-0.00834072 	1.32816e-05 	
0.0477273 3.08524 	-0.0100354 	2.3306e-05 	
0.0484848 3.05806 	-0.0115466 	2.66224e-05 	
0.0492424 3.03545 	-0.0128028 	1.03726e-05 	
0.05 3.01374 	-0.0140133 	8.78448e-06 	
0.0507576 2.99224 	-0.0152207 	2.15276e-05 	
0.0515152 2.97656 	-0.0161113 	1.19973e-05 	
0.0522727 2.96228 	-0.0169357 	6.10566e-06 	
0.0530303 2.94833 	-0.0177473 	8.3913e-06 	
0.0537879 2.93498 	-0.0185305 	1.45639e-05 	
0.0545455 2.92574 	-0.0191318 	6.37255e-06 	
0.055303 2.91687 	-0.0197227 	3.9648e-06 	
0.0560606 2.90813 	-0.0203086 	6.23651e-06 	
0.0568182 2.8999 	-0.0208715 	9.877e-06 	
0.0575758 2.89426 	-0.0213189 	4.53856e-06 	
0.0583333 2.88883 	-0.0217633 	2.87429e-06 	
0.0590909 2.88349 	-0.0222054 	4.02549e-06 	
0.0598485 2.87818 	-0.0226455 	7.62798e-06 	
0.0606061 2.87469 	-0.0229937 	4.23366e-06 	
0.0613636 2.87137 	-0.0233379 	2.2819e-06 	
0.0621212 2.86812 	-0.0236816 	2.15187e-06 	
0.0628788 2.86491 	-0.0240257 	4.79417e-06 	
0.0636364 2.86253 	-0.0243 	4.5825e-06 	
0.0643939 2.86087 	-0.0245146 	1.92601e-06 	
0.0651515 2.85881 	-0.0247995 	1.69458e-06 	
0.0659091 2.8561 	-0.0251838 	4.33729e-06 	
0.0666667 2.85445 	-0.0254295 	1.59153e-06 	
0.0674242 2.85268 	-0.0257161 	3.96056e-06 	
0.0681818 2.85123 	-0.0259424 	1.46024e-06 	
0.0689394 2.84975 	-0.0261854 	1.89777e-06 	
0.069697 2.84835 	-0.0264343 	4.29158e-06 	
0.0704545 2.8471 	-0.0266345 	2.41345e-06 	
0.0712121 2.84589 	-0.026832 	1.64804e-06 	
0.0719697 2.84474 	-0.0270298 	2.23891e-06 	
0.0727273 2.84372 	-0.0272148 	2.76038e-06 	
0.0734848 2.84286 	-0.0273756 	2.0848e-06 	
0.0742424 2.84173 	-0.027541 	2.30972e-06 	
