0 3.50055
0.000757576 3.48851
0.00151515 3.48568
0.00227273 3.48565
0.0030303 3.48722
0.00378788 3.48953
0.00454545 3.49162
0.00530303 3.49247
0.00606061 3.49101
0.00681818 3.48614
0.00757576 3.47708
0.00833333 3.46292
0.00909091 3.44291
0.00984848 3.41696
0.0106061 3.38313
0.0113636 3.34291
0.0121212 3.29547
0.0128788 3.23931
0.0136364 3.17627
0.0143939 3.1062
0.0151515 3.02915
0.0159091 2.9455
0.0166667 2.85638
0.0174242 2.76245
0.0181818 2.66132
0.0189394 2.55555
0.019697 2.44611
0.0204545 2.33605
0.0212121 2.22107
0.0219697 2.10363
0.0227273 1.98799
0.0234848 1.86936
0.0242424 1.75041
0.025 1.63541
0.0257576 1.51892
0.0265152 1.40669
0.0272727 1.29541
0.0280303 1.18809
0.0287879 1.08457
0.0295455 0.98461
0.030303 0.891599
0.0310606 0.801857
0.0318182 0.722062
0.0325758 0.646251
0.0333333 0.579751
0.0340909 0.520809
0.0348485 0.464663
0.0356061 0.421534
0.0363636 0.378852
0.0371212 0.342947
0.0378788 0.311758
0.0386364 0.281541
0.0393939 0.257362
0.0401515 0.234298
0.0409091 0.212282
0.0416667 0.194904
0.0424242 0.177568
0.0431818 0.161089
0.0439394 0.14798
0.044697 0.134907
0.0454545 0.122365
0.0462121 0.111952
0.0469697 0.101956
0.0477273 0.0921582
0.0484848 0.0834343
0.0492424 0.0755299
0.05 0.0675595
0.0507576 0.0600385
0.0515152 0.0533466
0.0522727 0.0466324
0.0530303 0.0399675
0.0537879 0.0338655
0.0545455 0.028879
0.055303 0.0242211
0.0560606 0.0195366
0.0568182 0.0151853
0.0575758 0.013297
0.0583333 0.0119124
0.0590909 0.0104865
0.0598485 0.0086351
0.0606061 0.00822018
0.0613636 0.00794808
0.0621212 0.0076905
0.0628788 0.00737203
0.0636364 0.00712232
0.0643939 0.00694194
0.0651515 0.00674355
0.0659091 0.00649667
0.0666667 0.00626345
0.0674242 0.0060092
0.0681818 0.00570892
0.0689394 0.00536017
0.069697 0.00493986
0.0704545 0.00438889
0.0712121 0.00367466
0.0719697 0.00275155
0.0727273 0.00170773
0.0734848 0.000894217
0.0742424 0.000426533
