0 12.112 	0.00117573 	0.0182629 	
0.000757576 12.0598 	0.0268347 	0.00614982 	
0.00151515 11.954 	0.0523634 	0.00476798 	
0.00227273 11.7947 	0.0764531 	0.00436895 	
0.0030303 11.5849 	0.0984911 	0.00382175 	
0.00378788 11.33 	0.118017 	0.00325915 	
0.00454545 11.0358 	0.134618 	0.00209561 	
0.00530303 10.7083 	0.148203 	0.000928569 	
0.00606061 10.3566 	0.158582 	0.0010581 	
0.00681818 9.98231 	0.165554 	0.00020033 	
0.00757576 9.59624 	0.169494 	0.000254945 	
0.00833333 9.19995 	0.170328 	0.000126816 	
0.00909091 8.79978 	0.16834 	0.000103072 	
0.00984848 8.40051 	0.163883 	0.000302873 	
0.0106061 7.99755 	0.156462 	6.18864e-05 	
0.0113636 7.60316 	0.147154 	0.000117751 	
0.0121212 7.21619 	0.135935 	0.000167691 	
0.0128788 6.83468 	0.122542 	8.71292e-05 	
0.0136364 6.46394 	0.107671 	4.54749e-05 	
0.0143939 6.10539 	0.0915244 	2.88915e-05 	
0.0151515 5.76022 	0.0743186 	2.73885e-05 	
0.0159091 5.42935 	0.0562856 	3.38211e-05 	
0.0166667 5.11336 	0.0376658 	4.31367e-05 	
0.0174242 4.8125 	0.0186644 	5.18261e-05 	
0.0181818 4.52807 	-0.000939461 	2.76091e-05 	
0.0189394 4.26212 	-0.0204698 	7.44778e-06 	
0.019697 4.01728 	-0.0393258 	9.68707e-06 	
0.0204545 3.79209 	-0.0574766 	2.13076e-05 	
0.0212121 3.59153 	-0.0745021 	7.98494e-06 	
0.0219697 3.41498 	-0.0897122 	3.53869e-06 	
0.0227273 3.25981 	-0.103328 	9.68603e-06 	
0.0234848 3.13914 	-0.113192 	1.83912e-06 	
0.0242424 3.03733 	-0.120723 	2.84842e-06 	
0.025 2.96065 	-0.125049 	1.86051e-06 	
0.0257576 2.90951 	-0.12604 	6.02977e-07 	
0.0265152 2.87235 	-0.12558 	1.09504e-06 	
0.0272727 2.85449 	-0.124015 	2.33015e-07 	
0.0280303 2.84047 	-0.122485 	6.30586e-07 	
0.0287879 2.83396 	-0.119983 	1.25008e-07 	
0.0295455 2.82829 	-0.117671 	3.65023e-07 	
0.030303 2.82524 	-0.115036 	8.24946e-08 	
0.0310606 2.82272 	-0.112583 	1.94689e-07 	
0.0318182 2.82122 	-0.10994 	8.17983e-08 	
0.0325758 2.82026 	-0.107368 	8.88256e-08 	
0.0333333 2.81956 	-0.104832 	1.01203e-07 	
0.0340909 2.81935 	-0.102225 	2.53663e-08 	
0.0348485 2.8191 	-0.099847 	1.11274e-07 	
0.0356061 2.8192 	-0.0973268 	2.41129e-08 	
0.0363636 2.81932 	-0.0949852 	5.05061e-08 	
0.0371212 2.8195 	-0.0926674 	5.05347e-08 	
0.0378788 2.81977 	-0.0903419 	1.44725e-08 	
0.0386364 2.82003 	-0.0881909 	5.23316e-08 	
0.0393939 2.82034 	-0.0859945 	2.47227e-08 	
0.0401515 2.82069 	-0.0838616 	1.31256e-08 	
0.0409091 2.821 	-0.0818663 	4.50676e-08 	
0.0416667 2.82135 	-0.0798166 	1.52577e-08 	
0.0424242 2.82171 	-0.0778497 	1.14827e-08 	
0.0431818 2.82205 	-0.0759905 	3.50156e-08 	
0.0439394 2.8224 	-0.0740914 	1.3378e-08 	
0.044697 2.82275 	-0.0722497 	7.08187e-09 	
0.0454545 2.82309 	-0.0705195 	2.48446e-08 	
0.0462121 2.82343 	-0.0687646 	1.48824e-08 	
0.0469697 2.82377 	-0.067036 	5.64303e-09 	
0.0477273 2.8241 	-0.065403 	1.55323e-08 	
0.0484848 2.82442 	-0.0637814 	1.77546e-08 	
0.0492424 2.82475 	-0.0621507 	5.15312e-09 	
0.05 2.82507 	-0.0605907 	7.3402e-09 	
0.0507576 2.82539 	-0.0590877 	1.80883e-08 	
0.0515152 2.8257 	-0.0575657 	1.005e-08 	
0.0522727 2.82602 	-0.0560634 	3.98198e-09 	
0.0530303 2.82633 	-0.0546282 	8.8134e-09 	
0.0537879 2.82664 	-0.0532191 	1.53429e-08 	
0.0545455 2.82696 	-0.0517971 	6.67795e-09 	
0.055303 2.82729 	-0.0504013 	3.23109e-09 	
0.0560606 2.82761 	-0.0490652 	7.92495e-09 	
0.0568182 2.82793 	-0.047742 	1.25858e-08 	
0.0575758 2.82828 	-0.0463946 	5.75109e-09 	
0.0583333 2.82865 	-0.0450677 	2.69742e-09 	
0.0590909 2.829 	-0.0437899 	5.72527e-09 	
0.0598485 2.82935 	-0.0425334 	1.09047e-08 	
0.0606061 2.82977 	-0.0413168 	6.02456e-09 	
0.0613636 2.8302 	-0.0401109 	2.30028e-09 	
0.0621212 2.83063 	-0.0389381 	3.0352e-09 	
0.0628788 2.83104 	-0.0378006 	6.84662e-09 	
0.0636364 2.83151 	-0.0367311 	6.54129e-09 	
0.0643939 2.83201 	-0.0357207 	2.65998e-09 	
0.0651515 2.83259 	-0.0345961 	1.62367e-09 	
0.0659091 2.83331 	-0.0332578 	5.50763e-09 	
0.0666667 2.83399 	-0.0321037 	1.25184e-09 	
0.0674242 2.83474 	-0.030919 	4.39858e-09 	
0.0681818 2.83556 	-0.0297995 	1.23634e-09 	
0.0689394 2.83645 	-0.0286742 	1.73051e-09 	
0.069697 2.83746 	-0.0275488 	3.19199e-09 	
0.0704545 2.83854 	-0.0264566 	1.30881e-09 	
0.0712121 2.8397 	-0.0253675 	5.83448e-10 	
0.0719697 2.8409 	-0.0242926 	4.72421e-10 	
0.0727273 2.84201 	-0.0232564 	2.83889e-10 	
0.0734848 2.84273 	-0.0222852 	2.56928e-11 	
0.0742424 2.843 	-0.0213604 	2.27489e-12 	
