0 13.4351
0.000757576 13.4758
0.00151515 13.6829
0.00227273 13.9793
0.0030303 14.2574
0.00378788 14.4163
0.00454545 14.3883
0.00530303 14.1432
0.00606061 13.686
0.00681818 13.0279
0.00757576 12.2126
0.00833333 11.2744
0.00909091 10.2529
0.00984848 9.18286
0.0106061 8.08797
0.0113636 7.00182
0.0121212 5.95485
0.0128788 4.95004
0.0136364 4.01878
0.0143939 3.17401
0.0151515 2.42578
0.0159091 1.78151
0.0166667 1.24585
0.0174242 0.820071
0.0181818 0.515522
0.0189394 0.300878
0.019697 0.158904
0.0204545 0.0788761
0.0212121 0.054396
0.0219697 0.0385474
0.0227273 0.0313038
0.0234848 0.0280807
0.0242424 0.0252386
0.025 0.0235629
0.0257576 0.0221176
0.0265152 0.0210033
0.0272727 0.0201078
0.0280303 0.0192936
0.0287879 0.0186218
0.0295455 0.0179826
0.030303 0.0174254
0.0310606 0.0168994
0.0318182 0.0164137
0.0325758 0.0159644
0.0333333 0.0155302
0.0340909 0.0151358
0.0348485 0.0147438
0.0356061 0.0143882
0.0363636 0.0140373
0.0371212 0.0137028
0.0378788 0.0133878
0.0386364 0.0130748
0.0393939 0.012783
0.0401515 0.0124998
0.0409091 0.0122193
0.0416667 0.0119606
0.0424242 0.0117061
0.0431818 0.011454
0.0439394 0.0112215
0.044697 0.010993
0.0454545 0.010766
0.0462121 0.0105536
0.0469697 0.0103485
0.0477273 0.0101436
0.0484848 0.00994707
0.0492424 0.00976136
0.05 0.00957669
0.0507576 0.00939345
0.0515152 0.00922143
0.0522727 0.009054
0.0530303 0.00888657
0.0537879 0.00872185
0.0545455 0.00856618
0.055303 0.00841266
0.0560606 0.00825914
0.0568182 0.00810798
0.0575758 0.00796269
0.0583333 0.00781948
0.0590909 0.00767628
0.0598485 0.00753409
0.0606061 0.0073954
0.0613636 0.00725965
0.0621212 0.00712391
0.0628788 0.00698856
0.0636364 0.00685794
0.0643939 0.00672417
0.0651515 0.00658655
0.0659091 0.00643695
0.0666667 0.00629347
0.0674242 0.00614488
0.0681818 0.0059911
0.0689394 0.00582643
0.069697 0.00564912
0.0704545 0.00544436
0.0712121 0.00519202
0.0719697 0.00485771
0.0727273 0.0043506
0.0734848 0.00348462
0.0742424 0.00198887
