0 9.57583 	-0.00103914 	0.0397462 	
0.000757576 9.54816 	0.0146047 	0.0138115 	
0.00151515 9.50104 	0.0287741 	0.00618155 	
0.00227273 9.43193 	0.0424829 	0.00426165 	
0.0030303 9.34069 	0.0555332 	0.00395607 	
0.00378788 9.22826 	0.0677512 	0.00371473 	
0.00454545 9.09591 	0.0789463 	0.00269219 	
0.00530303 8.94511 	0.089093 	0.00136101 	
0.00606061 8.77895 	0.0979985 	0.00180789 	
0.00681818 8.59756 	0.105546 	0.000858768 	
0.00757576 8.40463 	0.111792 	0.000728033 	
0.00833333 8.2016 	0.11667 	0.000631698 	
0.00909091 7.99038 	0.120202 	0.000559602 	
0.00984848 7.7734 	0.122492 	0.000918311 	
0.0106061 7.54892 	0.12329 	0.000420534 	
0.0113636 7.32197 	0.122956 	0.000412454 	
0.0121212 7.09429 	0.121527 	0.000609836 	
0.0128788 6.86289 	0.11876 	0.000329166 	
0.0136364 6.6321 	0.114986 	0.000244715 	
0.0143939 6.40245 	0.110251 	0.000211935 	
0.0151515 6.17459 	0.10462 	0.00018485 	
0.0159091 5.94923 	0.0981708 	0.000162373 	
0.0166667 5.72751 	0.0910077 	0.000191111 	
0.0174242 5.5098 	0.083219 	0.000239691 	
0.0181818 5.29441 	0.074555 	0.00013427 	
0.0189394 5.0849 	0.0654403 	8.62249e-05 	
0.019697 4.88133 	0.0559802 	7.83805e-05 	
0.0204545 4.68399 	0.0462436 	0.000122652 	
0.0212121 4.49106 	0.0358368 	5.25178e-05 	
0.0219697 4.30718 	0.0253793 	4.83542e-05 	
0.0227273 4.12992 	0.0148399 	7.76999e-05 	
0.0234848 3.96172 	0.00384508 	3.15871e-05 	
0.0242424 3.80368 	-0.0068342 	3.01715e-05 	
0.025 3.65672 	-0.017363 	2.95239e-05 	
0.0257576 3.52364 	-0.0273605 	1.94642e-05 	
0.0265152 3.39921 	-0.0369951 	2.64013e-05 	
0.0272727 3.29246 	-0.0455478 	1.22497e-05 	
0.0280303 3.19145 	-0.0537455 	1.81985e-05 	
0.0287879 3.11044 	-0.060347 	7.36161e-06 	
0.0295455 3.03333 	-0.0666929 	9.81897e-06 	
0.030303 2.98103 	-0.070652 	4.23832e-06 	
0.0310606 2.93375 	-0.0742145 	4.27278e-06 	
0.0318182 2.90339 	-0.0758871 	2.44162e-06 	
0.0325758 2.88116 	-0.0767233 	1.64197e-06 	
0.0333333 2.86282 	-0.077195 	1.88188e-06 	
0.0340909 2.85129 	-0.0769216 	1.04087e-06 	
0.0348485 2.83978 	-0.0767361 	1.84468e-06 	
0.0356061 2.83279 	-0.07585 	7.71939e-07 	
0.0363636 2.82614 	-0.0749998 	7.0601e-07 	
0.0371212 2.82063 	-0.0740432 	7.06425e-07 	
0.0378788 2.81678 	-0.0728951 	4.14959e-07 	
0.0386364 2.81291 	-0.0718183 	6.25286e-07 	
0.0393939 2.81032 	-0.0705715 	3.33306e-07 	
0.0401515 2.80823 	-0.0693241 	2.53813e-07 	
0.0409091 2.80609 	-0.0681472 	4.80708e-07 	
0.0416667 2.80467 	-0.0668634 	2.21527e-07 	
0.0424242 2.80338 	-0.0656222 	1.74394e-07 	
0.0431818 2.80205 	-0.0644468 	3.36606e-07 	
0.0439394 2.80115 	-0.063191 	1.58087e-07 	
0.044697 2.80033 	-0.0619784 	1.28551e-07 	
0.0454545 2.79949 	-0.0608149 	2.14968e-07 	
0.0462121 2.79886 	-0.0596152 	1.27175e-07 	
0.0469697 2.79835 	-0.0584458 	9.98454e-08 	
0.0477273 2.79783 	-0.0573021 	1.21277e-07 	
0.0484848 2.79739 	-0.05618 	1.39035e-07 	
0.0492424 2.79708 	-0.0550444 	8.06162e-08 	
0.05 2.79679 	-0.0539311 	6.86647e-08 	
0.0507576 2.79648 	-0.0528705 	1.30844e-07 	
0.0515152 2.7963 	-0.0517777 	7.17691e-08 	
0.0522727 2.79617 	-0.0507181 	5.928e-08 	
0.0530303 2.79603 	-0.0496682 	5.94807e-08 	
0.0537879 2.79589 	-0.0486656 	1.04704e-07 	
0.0545455 2.79585 	-0.0476381 	5.18597e-08 	
0.055303 2.79583 	-0.0466441 	4.68953e-08 	
0.0560606 2.7958 	-0.0456609 	5.26126e-08 	
0.0568182 2.79578 	-0.0447141 	8.4242e-08 	
0.0575758 2.79583 	-0.0437476 	4.26221e-08 	
0.0583333 2.79588 	-0.0428116 	3.93739e-08 	
0.0590909 2.79594 	-0.0418795 	3.94035e-08 	
0.0598485 2.79598 	-0.040989 	7.58366e-08 	
0.0606061 2.79609 	-0.0401311 	4.15087e-08 	
0.0613636 2.79621 	-0.0392995 	3.4419e-08 	
0.0621212 2.79632 	-0.0384719 	3.21282e-08 	
0.0628788 2.79643 	-0.0376727 	5.2939e-08 	
0.0636364 2.79657 	-0.0369398 	5.0549e-08 	
0.0643939 2.79676 	-0.0362144 	3.07524e-08 	
0.0651515 2.79696 	-0.0354206 	2.87864e-08 	
0.0659091 2.79722 	-0.0345157 	4.96522e-08 	
0.0666667 2.79748 	-0.0337234 	2.70683e-08 	
0.0674242 2.79778 	-0.0329269 	4.57112e-08 	
0.0681818 2.79812 	-0.0321676 	2.49632e-08 	
0.0689394 2.79851 	-0.0314148 	2.45721e-08 	
0.069697 2.79897 	-0.0306674 	4.92503e-08 	
0.0704545 2.7995 	-0.0299349 	2.68814e-08 	
0.0712121 2.80011 	-0.0292063 	2.05452e-08 	
0.0719697 2.80084 	-0.0284836 	2.40153e-08 	
0.0727273 2.80171 	-0.0277711 	2.91442e-08 	
0.0734848 2.80276 	-0.0270644 	2.0176e-08 	
0.0742424 2.80402 	-0.0263734 	1.98803e-08 	
