0 17.1323 	-0.000351496 	0.0392432 	
0.000757576 16.9903 	0.0582905 	0.0111487 	
0.00151515 16.6458 	0.111953 	0.00347501 	
0.00227273 16.1252 	0.158266 	0.0014912 	
0.0030303 15.4651 	0.194934 	0.00103734 	
0.00378788 14.7039 	0.220998 	0.000843576 	
0.00454545 13.8761 	0.23633 	0.000537166 	
0.00530303 13.0104 	0.241581 	0.000266155 	
0.00606061 12.1348 	0.2379 	0.000274687 	
0.00681818 11.2623 	0.225948 	0.00013975 	
0.00757576 10.4097 	0.207417 	0.000101854 	
0.00833333 9.58543 	0.183258 	7.62278e-05 	
0.00909091 8.79543 	0.15462 	5.84273e-05 	
0.00984848 8.04364 	0.122639 	6.63139e-05 	
0.0106061 7.33169 	0.0875583 	3.22053e-05 	
0.0113636 6.66143 	0.0509483 	2.24661e-05 	
0.0121212 6.0373 	0.0137657 	2.73123e-05 	
0.0128788 5.4578 	-0.0244993 	1.31356e-05 	
0.0136364 4.93017 	-0.0620781 	9.25901e-06 	
0.0143939 4.45449 	-0.0979008 	6.43247e-06 	
0.0151515 4.03296 	-0.131394 	4.37434e-06 	
0.0159091 3.66879 	-0.16166 	2.87694e-06 	
0.0166667 3.36765 	-0.187326 	1.93202e-06 	
0.0174242 3.13789 	-0.206437 	1.48205e-06 	
0.0181818 3.00014 	-0.215085 	4.07124e-07 	
0.0189394 2.9197 	-0.216938 	2.18914e-07 	
0.019697 2.87459 	-0.214615 	1.21971e-07 	
0.0204545 2.85286 	-0.209619 	8.6497e-08 	
0.0212121 2.84656 	-0.20281 	2.63514e-08 	
0.0219697 2.84319 	-0.1961 	1.92656e-08 	
0.0227273 2.84229 	-0.18942 	1.84928e-08 	
0.0234848 2.84298 	-0.182839 	7.14116e-09 	
0.0242424 2.84384 	-0.176576 	5.57785e-09 	
0.025 2.84508 	-0.170576 	3.48173e-09 	
0.0257576 2.84639 	-0.164906 	2.68959e-09 	
0.0265152 2.84775 	-0.159467 	2.63398e-09 	
0.0272727 2.84914 	-0.154306 	1.42819e-09 	
0.0280303 2.85051 	-0.149365 	1.67554e-09 	
0.0287879 2.85188 	-0.144666 	8.27598e-10 	
0.0295455 2.85322 	-0.140153 	9.58269e-10 	
0.030303 2.85455 	-0.135855 	5.15291e-10 	
0.0310606 2.85586 	-0.131705 	4.89117e-10 	
0.0318182 2.85714 	-0.127753 	3.40185e-10 	
0.0325758 2.85842 	-0.123924 	2.43139e-10 	
0.0333333 2.85965 	-0.120253 	2.39111e-10 	
0.0340909 2.86086 	-0.116744 	1.83127e-10 	
0.0348485 2.86206 	-0.113327 	2.79115e-10 	
0.0356061 2.86321 	-0.11004 	1.4257e-10 	
0.0363636 2.86436 	-0.106824 	1.17715e-10 	
0.0371212 2.86547 	-0.103743 	1.17797e-10 	
0.0378788 2.86655 	-0.10078 	9.76279e-11 	
0.0386364 2.86762 	-0.0978668 	1.34447e-10 	
0.0393939 2.86864 	-0.0950541 	8.41079e-11 	
0.0401515 2.86965 	-0.0923255 	7.34843e-11 	
0.0409091 2.87065 	-0.0896607 	1.23227e-10 	
0.0416667 2.87161 	-0.0870767 	6.55803e-11 	
0.0424242 2.87255 	-0.0845568 	5.75798e-11 	
0.0431818 2.87349 	-0.0820954 	9.73618e-11 	
0.0439394 2.87438 	-0.079704 	5.18153e-11 	
0.044697 2.87526 	-0.077373 	4.50258e-11 	
0.0454545 2.87614 	-0.0750803 	6.47711e-11 	
0.0462121 2.87698 	-0.0728503 	4.03618e-11 	
0.0469697 2.8778 	-0.0706916 	3.43883e-11 	
0.0477273 2.87862 	-0.0685412 	3.30563e-11 	
0.0484848 2.87942 	-0.0664636 	3.91335e-11 	
0.0492424 2.8802 	-0.0644443 	2.53866e-11 	
0.05 2.88097 	-0.0624439 	2.04034e-11 	
0.0507576 2.88174 	-0.0604834 	3.20121e-11 	
0.0515152 2.88248 	-0.0585719 	1.78477e-11 	
0.0522727 2.8832 	-0.0567158 	1.41485e-11 	
0.0530303 2.88393 	-0.0548597 	1.04493e-11 	
0.0537879 2.88464 	-0.0530581 	1.78847e-11 	
0.0545455 2.88533 	-0.0513072 	9.21978e-12 	
0.055303 2.88602 	-0.0495907 	6.93473e-12 	
0.0560606 2.88671 	-0.0478742 	4.64968e-12 	
0.0568182 2.88738 	-0.046208 	7.97082e-12 	
0.0575758 2.88804 	-0.0445688 	4.08574e-12 	
0.0583333 2.88869 	-0.0429592 	2.68235e-12 	
0.0590909 2.88934 	-0.0413495 	1.27897e-12 	
0.0598485 2.88998 	-0.0397764 	2.16239e-12 	
0.0606061 2.89061 	-0.0382868 	9.7137e-13 	
0.0613636 2.89123 	-0.036833 	4.29397e-13 	
0.0621212 2.89185 	-0.0353792 	-1.12575e-13 	
0.0628788 2.89247 	-0.0339425 	-4.70541e-13 	
0.0636364 2.89306 	-0.0326209 	-4.60094e-13 	
0.0643939 2.89365 	-0.0313133 	-3.56492e-13 	
0.0651515 2.89426 	-0.0299675 	-2.6934e-13 	
0.0659091 2.89491 	-0.0285331 	-2.97473e-13 	
0.0666667 2.89551 	-0.0271842 	-8.07835e-14 	
0.0674242 2.89612 	-0.0258302 	5.58082e-14 	
0.0681818 2.8967 	-0.0245397 	4.07686e-13 	
0.0689394 2.89726 	-0.0232588 	6.76947e-13 	
0.069697 2.89783 	-0.0219867 	2.47921e-12 	
0.0704545 2.89832 	-0.0207623 	2.36809e-12 	
0.0712121 2.89877 	-0.0195432 	3.09607e-12 	
0.0719697 2.89913 	-0.0183431 	3.82442e-12 	
0.0727273 2.89939 	-0.0171597 	5.1503e-12 	
0.0734848 2.89946 	-0.0160016 	2.92265e-12 	
0.0742424 2.89932 	-0.0148607 	3.97621e-13 	
