0 5.05354
0.000757576 6.18417
0.00151515 9.23568
0.00227273 13.0352
0.0030303 16.2817
0.00378788 18.2292
0.00454545 18.6872
0.00530303 17.84
0.00606061 16.0378
0.00681818 13.585
0.00757576 10.8382
0.00833333 8.02058
0.00909091 5.42107
0.00984848 3.2405
0.0106061 1.67828
0.0113636 0.724308
0.0121212 0.252808
0.0128788 0.0811232
0.0136364 0.0366907
0.0143939 0.0302418
0.0151515 0.0287607
0.0159091 0.0277623
0.0166667 0.0267867
0.0174242 0.0257855
0.0181818 0.0247526
0.0189394 0.0237201
0.019697 0.0227106
0.0204545 0.0217285
0.0212121 0.0207756
0.0219697 0.0198641
0.0227273 0.0189981
0.0234848 0.0181811
0.0242424 0.0174091
0.025 0.0166815
0.0257576 0.0160016
0.0265152 0.0153585
0.0272727 0.0147657
0.0280303 0.0142009
0.0287879 0.0136857
0.0295455 0.0131917
0.030303 0.0127424
0.0310606 0.0123117
0.0318182 0.0119167
0.0325758 0.0115419
0.0333333 0.0111906
0.0340909 0.0108649
0.0348485 0.0105484
0.0356061 0.0102671
0.0363636 0.00999296
0.0371212 0.00973655
0.0378788 0.00949797
0.0386364 0.00926522
0.0393939 0.00905535
0.0401515 0.00885367
0.0409091 0.00865536
0.0416667 0.00848092
0.0424242 0.00831
0.0431818 0.00814147
0.0439394 0.00799361
0.044697 0.00784849
0.0454545 0.00770567
0.0462121 0.00757751
0.0469697 0.00745415
0.0477273 0.00733352
0.0484848 0.00721975
0.0492424 0.00711564
0.05 0.00701339
0.0507576 0.00691191
0.0515152 0.00682283
0.0522727 0.0067358
0.0530303 0.00665077
0.0537879 0.00656717
0.0545455 0.00649451
0.055303 0.00642221
0.0560606 0.00635129
0.0568182 0.00628194
0.0575758 0.00622141
0.0583333 0.00616108
0.0590909 0.00610197
0.0598485 0.00604286
0.0606061 0.00599224
0.0613636 0.00594196
0.0621212 0.00589264
0.0628788 0.00584352
0.0636364 0.0057988
0.0643939 0.00575791
0.0651515 0.00571524
0.0659091 0.00566926
0.0666667 0.00562857
0.0674242 0.00558606
0.0681818 0.00554442
0.0689394 0.00550003
0.069697 0.00545238
0.0704545 0.00539531
0.0712121 0.00532054
0.0719697 0.00520688
0.0727273 0.00499313
0.0734848 0.00447898
0.0742424 0.00305296
