0 26.7707 	3.84091e-07 	1.89012e-06 	
0.000757576 26.3492 	0.0567558 	0.00012595 	
0.00151515 25.0881 	0.122364 	3.06105e-05 	
0.00227273 23.1774 	0.187609 	4.79381e-06 	
0.0030303 20.9069 	0.236401 	1.54949e-07 	
0.00378788 18.5083 	0.259237 	-6.03627e-07 	
0.00454545 16.1334 	0.253606 	-5.5628e-07 	
0.00530303 13.8714 	0.221499 	-2.99476e-07 	
0.00606061 11.7866 	0.168742 	-3.92636e-07 	
0.00681818 9.88902 	0.0991663 	-2.74446e-08 	
0.00757576 8.20608 	0.0204578 	-1.09555e-07 	
0.00833333 6.72966 	-0.0639642 	-5.29641e-08 	
0.00909091 5.47869 	-0.146782 	-4.06152e-08 	
0.00984848 4.44915 	-0.22292 	-8.92272e-08 	
0.0106061 3.66445 	-0.286002 	-8.73308e-09 	
0.0113636 3.14197 	-0.326976 	-8.65163e-09 	
0.0121212 2.90483 	-0.334993 	-3.33377e-09 	
0.0128788 2.86261 	-0.320091 	-3.63285e-10 	
0.0136364 2.85981 	-0.302623 	-5.68531e-11 	
0.0143939 2.86281 	-0.286282 	-1.57827e-11 	
0.0151515 2.86634 	-0.271397 	-8.16444e-12 	
0.0159091 2.86983 	-0.257805 	-5.59617e-12 	
0.0166667 2.87326 	-0.24535 	-3.51323e-12 	
0.0174242 2.87665 	-0.233878 	-1.54364e-12 	
0.0181818 2.88004 	-0.223198 	1.75622e-13 	
0.0189394 2.88339 	-0.213231 	2.03269e-13 	
0.019697 2.88666 	-0.204077 	2.90603e-13 	
0.0204545 2.88984 	-0.195597 	9.13255e-13 	
0.0212121 2.89298 	-0.187505 	3.58832e-13 	
0.0219697 2.89602 	-0.179891 	1.32187e-13 	
0.0227273 2.89893 	-0.172895 	4.08678e-13 	
0.0234848 2.90175 	-0.166111 	8.87883e-14 	
0.0242424 2.90445 	-0.159797 	1.34549e-13 	
0.025 2.90704 	-0.153808 	2.26643e-13 	
0.0257576 2.90952 	-0.148041 	7.2299e-14 	
0.0265152 2.91189 	-0.142697 	-1.48397e-13 	
0.0272727 2.91414 	-0.13744 	-1.18998e-14 	
0.0280303 2.91629 	-0.132621 	-3.33567e-13 	
0.0287879 2.91832 	-0.127836 	-1.78815e-14 	
0.0295455 2.92027 	-0.123443 	-4.32033e-13 	
0.030303 2.92209 	-0.119087 	-6.81535e-14 	
0.0310606 2.92386 	-0.115043 	-4.77801e-13 	
0.0318182 2.92551 	-0.111074 	-2.08001e-13 	
0.0325758 2.9271 	-0.107315 	-4.94609e-13 	
0.0333333 2.92862 	-0.10369 	-5.61103e-13 	
0.0340909 2.93005 	-0.100167 	-2.5225e-14 	
0.0348485 2.93146 	-0.0968435 	-1.04539e-13 	
0.0356061 2.93275 	-0.093564 	-1.61665e-14 	
0.0363636 2.93402 	-0.0904822 	-3.07476e-13 	
0.0371212 2.93523 	-0.0874703 	-3.07645e-13 	
0.0378788 2.93639 	-0.0845259 	-8.28047e-14 	
0.0386364 2.93752 	-0.0817509 	-4.99896e-13 	
0.0393939 2.93859 	-0.0790191 	-2.40982e-13 	
0.0401515 2.93963 	-0.0763773 	-1.45544e-13 	
0.0409091 2.94065 	-0.0738397 	-4.81982e-13 	
0.0416667 2.94162 	-0.0713551 	-1.68001e-13 	
0.0424242 2.94257 	-0.068954 	-2.2444e-13 	
0.0431818 2.9435 	-0.0666311 	-6.64834e-13 	
0.0439394 2.9444 	-0.0643617 	-2.59908e-13 	
0.044697 2.94528 	-0.062153 	-1.34836e-13 	
0.0454545 2.94614 	-0.0600241 	-4.55371e-13 	
0.0462121 2.94698 	-0.0579389 	-2.75601e-13 	
0.0469697 2.9478 	-0.0558851 	-5.57227e-14 	
0.0477273 2.94861 	-0.0539315 	-4.1308e-13 	
0.0484848 2.94941 	-0.0520017 	-4.71043e-13 	
0.0492424 2.95019 	-0.0501054 	-1.07162e-13 	
0.05 2.95096 	-0.0482812 	-5.31629e-13 	
0.0507576 2.95172 	-0.046487 	-1.28503e-12 	
0.0515152 2.95245 	-0.0447408 	-7.21576e-13 	
0.0522727 2.95318 	-0.0430073 	-1.4941e-14 	
0.0530303 2.9539 	-0.0413559 	-2.66287e-13 	
0.0537879 2.95461 	-0.0397118 	-4.59153e-13 	
0.0545455 2.9553 	-0.0381241 	-2.0321e-13 	
0.055303 2.95598 	-0.0365516 	5.55436e-15 	
0.0560606 2.95665 	-0.035038 	3.26888e-14 	
0.0568182 2.95731 	-0.0335316 	5.15317e-14 	
0.0575758 2.95793 	-0.0320654 	2.39004e-14 	
0.0583333 2.95855 	-0.0306076 	2.99869e-14 	
0.0590909 2.95916 	-0.0292043 	2.55396e-13 	
0.0598485 2.95977 	-0.0278009 	4.80805e-13 	
0.0606061 2.96032 	-0.0264889 	2.68421e-13 	
0.0613636 2.96086 	-0.0251805 	3.8882e-14 	
0.0621212 2.96139 	-0.0239152 	4.3351e-14 	
0.0628788 2.96192 	-0.0226587 	9.56325e-14 	
0.0636364 2.96239 	-0.0214829 	9.14442e-14 	
0.0643939 2.9628 	-0.0203771 	3.8204e-14 	
0.0651515 2.96323 	-0.0192306 	3.4324e-13 	
0.0659091 2.96369 	-0.0180021 	1.11062e-12 	
0.0666667 2.96404 	-0.0168668 	2.70112e-14 	
0.0674242 2.96441 	-0.0157151 	2.14017e-13 	
0.0681818 2.96471 	-0.0146209 	-1.97702e-13 	
0.0689394 2.96499 	-0.0135304 	-2.71122e-13 	
0.069697 2.96523 	-0.0124477 	-4.30678e-13 	
0.0704545 2.9654 	-0.011407 	-1.6714e-14 	
0.0712121 2.96552 	-0.0103748 	5.29135e-15 	
0.0719697 2.96557 	-0.00935011 	4.53435e-15 	
0.0727273 2.96553 	-0.00833967 	6.79908e-15 	
0.0734848 2.96536 	-0.00734824 	-2.4659e-13 	
0.0742424 2.96504 	-0.00636535 	-6.20964e-15 	
