0 1.7143
0.000757576 1.70188
0.00151515 1.69247
0.00227273 1.68486
0.0030303 1.67893
0.00378788 1.67411
0.00454545 1.66978
0.00530303 1.66551
0.00606061 1.66103
0.00681818 1.65608
0.00757576 1.65052
0.00833333 1.64419
0.00909091 1.63697
0.00984848 1.62864
0.0106061 1.619
0.0113636 1.608
0.0121212 1.59591
0.0128788 1.58203
0.0136364 1.56656
0.0143939 1.54948
0.0151515 1.53078
0.0159091 1.51046
0.0166667 1.48846
0.0174242 1.46483
0.0181818 1.43883
0.0189394 1.41148
0.019697 1.38299
0.0204545 1.35309
0.0212121 1.32035
0.0219697 1.28737
0.0227273 1.25339
0.0234848 1.21646
0.0242424 1.17993
0.025 1.14145
0.0257576 1.10221
0.0265152 1.06257
0.0272727 1.02097
0.0280303 0.980082
0.0287879 0.936858
0.0295455 0.894663
0.030303 0.850466
0.0310606 0.806926
0.0318182 0.762277
0.0325758 0.717341
0.0333333 0.672895
0.0340909 0.627351
0.0348485 0.583184
0.0356061 0.537037
0.0363636 0.491876
0.0371212 0.446557
0.0378788 0.400512
0.0386364 0.355598
0.0393939 0.308124
0.0401515 0.260622
0.0409091 0.214604
0.0416667 0.170423
0.0424242 0.127656
0.0431818 0.0856095
0.0439394 0.0701959
0.044697 0.0589132
0.0454545 0.0460837
0.0462121 0.0427788
0.0469697 0.0435017
0.0477273 0.0439647
0.0484848 0.0440764
0.0492424 0.0448105
0.05 0.0456576
0.0507576 0.0462738
0.0515152 0.0465289
0.0522727 0.0468263
0.0530303 0.0471164
0.0537879 0.0472761
0.0545455 0.047214
0.055303 0.0472021
0.0560606 0.0471774
0.0568182 0.0470804
0.0575758 0.0468413
0.0583333 0.0466398
0.0590909 0.0464353
0.0598485 0.0461998
0.0606061 0.0457972
0.0613636 0.04542
0.0621212 0.0450483
0.0628788 0.0446615
0.0636364 0.0441871
0.0643939 0.0436007
0.0651515 0.0429435
0.0659091 0.0420749
0.0666667 0.0411951
0.0674242 0.0402099
0.0681818 0.0390047
0.0689394 0.0375521
0.069697 0.0357932
0.0704545 0.0334304
0.0712121 0.0302423
0.0719697 0.0256442
0.0727273 0.0183799
0.0734848 0.00714595
0.0742424 0.000103087
