0 7.16034 	0 	0 	
0.000757576 7.1488 	0.0061845 	0.0193633 	
0.00151515 7.13242 	0.0122764 	0.0093511 	
0.00227273 7.10926 	0.0183222 	0.00595173 	
0.0030303 7.07892 	0.0242422 	0.00435292 	
0.00378788 7.04141 	0.0299963 	0.00416907 	
0.00454545 6.99686 	0.0355254 	0.00302757 	
0.00530303 6.94549 	0.0408506 	0.00205619 	
0.00606061 6.88789 	0.0458655 	0.00194329 	
0.00681818 6.824 	0.0505502 	0.00137217 	
0.00757576 6.75455 	0.0549008 	0.00114166 	
0.00833333 6.6797 	0.0588876 	0.000969492 	
0.00909091 6.59988 	0.0624959 	0.000839101 	
0.00984848 6.51604 	0.0657299 	0.000906179 	
0.0106061 6.42722 	0.068516 	0.000642194 	
0.0113636 6.33533 	0.0709226 	0.000566348 	
0.0121212 6.24022 	0.072932 	0.000648311 	
0.0128788 6.14146 	0.0744717 	0.000473409 	
0.0136364 6.04065 	0.0756189 	0.00043395 	
0.0143939 5.93769 	0.076358 	0.000401162 	
0.0151515 5.83291 	0.0766907 	0.000373417 	
0.0159091 5.72666 	0.0766324 	0.000349471 	
0.0166667 5.61925 	0.0761975 	0.000328401 	
0.0174242 5.51175 	0.0754305 	0.000403807 	
0.0181818 5.40255 	0.0741906 	0.000284744 	
0.0189394 5.29337 	0.0726086 	0.000269624 	
0.019697 5.18418 	0.0707172 	0.000255514 	
0.0204545 5.07569 	0.0685822 	0.000291399 	
0.0212121 4.96716 	0.0660251 	0.000222477 	
0.0219697 4.85937 	0.0631976 	0.000211165 	
0.0227273 4.75286 	0.0602168 	0.000248179 	
0.0234848 4.64703 	0.0568153 	0.000182919 	
0.0242424 4.5424 	0.0532552 	0.000173561 	
0.025 4.43958 	0.0495335 	0.000157256 	
0.0257576 4.33835 	0.0455317 	0.000149213 	
0.0265152 4.23878 	0.04149 	0.000159141 	
0.0272727 4.14142 	0.0371354 	0.000127165 	
0.0280303 4.04574 	0.0328218 	0.000147516 	
0.0287879 3.95296 	0.0282318 	0.000107317 	
0.0295455 3.86173 	0.0237112 	0.000118226 	
0.030303 3.77433 	0.0190008 	8.95653e-05 	
0.0310606 3.68829 	0.0143478 	8.14357e-05 	
0.0318182 3.60688 	0.00963418 	7.37853e-05 	
0.0325758 3.52747 	0.00497478 	6.34703e-05 	
0.0333333 3.45168 	0.000364459 	5.981e-05 	
0.0340909 3.38019 	-0.00408423 	5.08391e-05 	
0.0348485 3.30981 	-0.00850215 	5.91971e-05 	
0.0356061 3.24713 	-0.0125977 	3.98155e-05 	
0.0363636 3.1849 	-0.0166427 	3.22132e-05 	
0.0371212 3.12945 	-0.0202845 	3.01757e-05 	
0.0378788 3.07968 	-0.02353 	2.42216e-05 	
0.0386364 3.03033 	-0.0267535 	2.25109e-05 	
0.0393939 2.99407 	-0.0289415 	1.76334e-05 	
0.0401515 2.96058 	-0.0309484 	1.37789e-05 	
0.0409091 2.92775 	-0.0328935 	1.48001e-05 	
0.0416667 2.90641 	-0.0340744 	9.97428e-06 	
0.0424242 2.88556 	-0.0352523 	7.68264e-06 	
0.0431818 2.86513 	-0.0363994 	8.13595e-06 	
0.0439394 2.85278 	-0.0370186 	5.53962e-06 	
0.044697 2.84077 	-0.0376576 	4.25834e-06 	
0.0454545 2.82893 	-0.0382776 	3.79244e-06 	
0.0462121 2.822 	-0.0384502 	3.05157e-06 	
0.0469697 2.81623 	-0.0385572 	2.46661e-06 	
0.0477273 2.81047 	-0.0386642 	1.88165e-06 	
0.0484848 2.80622 	-0.0386225 	1.86928e-06 	
0.0492424 2.80351 	-0.0384638 	1.5859e-06 	
0.05 2.8008 	-0.0383073 	1.35012e-06 	
0.0507576 2.79817 	-0.038151 	1.50269e-06 	
0.0515152 2.79658 	-0.037911 	1.15891e-06 	
0.0522727 2.79513 	-0.0376799 	1.05493e-06 	
0.0530303 2.79367 	-0.0374488 	9.5095e-07 	
0.0537879 2.79233 	-0.0372165 	1.16047e-06 	
0.0545455 2.79148 	-0.0369381 	8.82552e-07 	
0.055303 2.79062 	-0.0366727 	8.32192e-07 	
0.0560606 2.78976 	-0.0364072 	7.81833e-07 	
0.0568182 2.78899 	-0.0361463 	9.60456e-07 	
0.0575758 2.78846 	-0.0358652 	7.5106e-07 	
0.0583333 2.78793 	-0.0355952 	7.25396e-07 	
0.0590909 2.7874 	-0.0353251 	6.99732e-07 	
0.0598485 2.78689 	-0.035065 	9.14295e-07 	
0.0606061 2.78657 	-0.034806 	6.8237e-07 	
0.0613636 2.78625 	-0.0345614 	6.68013e-07 	
0.0621212 2.78593 	-0.0343169 	6.53655e-07 	
0.0628788 2.78562 	-0.0340749 	6.96171e-07 	
0.0636364 2.78542 	-0.0338532 	6.6669e-07 	
0.0643939 2.78526 	-0.0336084 	6.32038e-07 	
0.0651515 2.7851 	-0.0333616 	6.21964e-07 	
0.0659091 2.78495 	-0.0330915 	6.96212e-07 	
0.0666667 2.78487 	-0.0328398 	6.07963e-07 	
0.0674242 2.78481 	-0.0325914 	6.71672e-07 	
0.0681818 2.78481 	-0.032351 	5.92669e-07 	
0.0689394 2.78485 	-0.0321139 	5.86295e-07 	
0.069697 2.78493 	-0.0318862 	7.7859e-07 	
0.0704545 2.78509 	-0.0316479 	5.65129e-07 	
0.0712121 2.78534 	-0.0314161 	5.53542e-07 	
0.0719697 2.7857 	-0.0311873 	5.38473e-07 	
0.0727273 2.7862 	-0.0309561 	5.41777e-07 	
0.0734848 2.7868 	-0.0307257 	4.90206e-07 	
0.0742424 2.78722 	-0.0304967 	4.47458e-07 	
