0 4.79331
0.000757576 4.78428
0.00151515 4.7769
0.00227273 4.77129
0.0030303 4.76588
0.00378788 4.75954
0.00454545 4.75051
0.00530303 4.73663
0.00606061 4.71568
0.00681818 4.68514
0.00757576 4.64385
0.00833333 4.59055
0.00909091 4.52465
0.00984848 4.44566
0.0106061 4.35161
0.0113636 4.24484
0.0121212 4.12768
0.0128788 3.99634
0.0136364 3.85446
0.0143939 3.70334
0.0151515 3.54428
0.0159091 3.37857
0.0166667 3.20746
0.0174242 3.03236
0.0181818 2.85119
0.0189394 2.66964
0.019697 2.48849
0.0204545 2.30782
0.0212121 2.12445
0.0219697 1.94584
0.0227273 1.77005
0.0234848 1.59671
0.0242424 1.42966
0.025 1.26938
0.0257576 1.11622
0.0265152 0.969772
0.0272727 0.833449
0.0280303 0.702717
0.0287879 0.585256
0.0295455 0.472262
0.030303 0.375887
0.0310606 0.284442
0.0318182 0.217261
0.0325758 0.162663
0.0333333 0.121476
0.0340909 0.102258
0.0348485 0.0822502
0.0356061 0.0747879
0.0363636 0.0680826
0.0371212 0.0619
0.0378788 0.0578934
0.0386364 0.0537476
0.0393939 0.0502391
0.0401515 0.0473593
0.0409091 0.0442613
0.0416667 0.0417343
0.0424242 0.0394978
0.0431818 0.0371007
0.0439394 0.0351056
0.044697 0.0333428
0.0454545 0.0314815
0.0462121 0.0298081
0.0469697 0.0283883
0.0477273 0.0269425
0.0484848 0.0255107
0.0492424 0.0242958
0.05 0.0231516
0.0507576 0.0219304
0.0515152 0.0208345
0.0522727 0.0198756
0.0530303 0.0189157
0.0537879 0.0179015
0.0545455 0.0170062
0.055303 0.0162021
0.0560606 0.0153838
0.0568182 0.0145299
0.0575758 0.0137808
0.0583333 0.0131104
0.0590909 0.0124353
0.0598485 0.0117077
0.0606061 0.0111251
0.0613636 0.0105997
0.0621212 0.0100824
0.0628788 0.00953916
0.0636364 0.00909054
0.0643939 0.00871672
0.0651515 0.00831554
0.0659091 0.00783927
0.0666667 0.00747329
0.0674242 0.00708979
0.0681818 0.00672441
0.0689394 0.00633816
0.069697 0.00592644
0.0704545 0.00547544
0.0712121 0.00494924
0.0719697 0.00430354
0.0727273 0.00345564
0.0734848 0.00230278
0.0742424 0.00101124
