0 8.14381
0.000757576 8.13437
0.00151515 8.14129
0.00227273 8.17511
0.0030303 8.22172
0.00378788 8.26535
0.00454545 8.2918
0.00530303 8.28941
0.00606061 8.25029
0.00681818 8.16653
0.00757576 8.03778
0.00833333 7.86161
0.00909091 7.64138
0.00984848 7.38119
0.0106061 7.0759
0.0113636 6.74197
0.0121212 6.38215
0.0128788 5.99332
0.0136364 5.58785
0.0143939 5.17035
0.0151515 4.74526
0.0159091 4.31657
0.0166667 3.88763
0.0174242 3.46107
0.0181818 3.03559
0.0189394 2.61985
0.019697 2.22027
0.0204545 1.83666
0.0212121 1.46727
0.0219697 1.11682
0.0227273 0.788415
0.0234848 0.461769
0.0242424 0.220893
0.025 0.0853849
0.0257576 0.0388125
0.0265152 0.0293282
0.0272727 0.025099
0.0280303 0.0218314
0.0287879 0.0200991
0.0295455 0.0185475
0.030303 0.0177178
0.0310606 0.0169754
0.0318182 0.0164386
0.0325758 0.0159441
0.0333333 0.0155279
0.0340909 0.0151434
0.0348485 0.0147931
0.0356061 0.014485
0.0363636 0.0141807
0.0371212 0.0139036
0.0378788 0.0136391
0.0386364 0.0133874
0.0393939 0.0131536
0.0401515 0.0129239
0.0409091 0.0127048
0.0416667 0.0124986
0.0424242 0.0122948
0.0431818 0.0120986
0.0439394 0.011911
0.044697 0.0117253
0.0454545 0.0115464
0.0462121 0.011372
0.0469697 0.0112
0.0477273 0.011033
0.0484848 0.0108684
0.0492424 0.0107057
0.05 0.0105463
0.0507576 0.0103901
0.0515152 0.0102337
0.0522727 0.0100785
0.0530303 0.00992678
0.0537879 0.00977611
0.0545455 0.00962219
0.055303 0.00947008
0.0560606 0.00932119
0.0568182 0.0091719
0.0575758 0.00901552
0.0583333 0.00886094
0.0590909 0.00870929
0.0598485 0.00855867
0.0606061 0.00839395
0.0613636 0.00822978
0.0621212 0.0080686
0.0628788 0.00790921
0.0636364 0.00774529
0.0643939 0.00757745
0.0651515 0.00739038
0.0659091 0.00715773
0.0666667 0.00694706
0.0674242 0.00671645
0.0681818 0.0064713
0.0689394 0.00619687
0.069697 0.00589051
0.0704545 0.00553468
0.0712121 0.00510792
0.0719697 0.00456651
0.0727273 0.00383706
0.0734848 0.00279076
0.0742424 0.00138761
