0 6.50846 	0.00231446 	0.0383263 	
0.000757576 6.49922 	0.0043192 	0.0122679 	
0.00151515 6.48746 	0.0082889 	0.00580623 	
0.00227273 6.47154 	0.0122637 	0.00440231 	
0.0030303 6.45099 	0.0162014 	0.00435117 	
0.00378788 6.42573 	0.0200688 	0.00426684 	
0.00454545 6.3958 	0.0238307 	0.00318769 	
0.00530303 6.36126 	0.0275099 	0.00164663 	
0.00606061 6.32255 	0.0310314 	0.00218184 	
0.00681818 6.27935 	0.034386 	0.0010368 	
0.00757576 6.23228 	0.0375749 	0.000881961 	
0.00833333 6.18138 	0.0405728 	0.00077166 	
0.00909091 6.12692 	0.0433751 	0.000691759 	
0.00984848 6.06939 	0.0459841 	0.00116862 	
0.0106061 6.00783 	0.0483426 	0.000544308 	
0.0113636 5.94376 	0.0504989 	0.000558807 	
0.0121212 5.87747 	0.052434 	0.000851592 	
0.0128788 5.80769 	0.0540962 	0.000476608 	
0.0136364 5.73587 	0.0555306 	0.000369926 	
0.0143939 5.66208 	0.0567258 	0.00033817 	
0.0151515 5.58648 	0.0576781 	0.000311833 	
0.0159091 5.50928 	0.0583942 	0.000289793 	
0.0166667 5.43089 	0.0588855 	0.000365947 	
0.0174242 5.35154 	0.0591479 	0.000495669 	
0.0181818 5.26984 	0.0590968 	0.000305562 	
0.0189394 5.1877 	0.0588305 	0.000210572 	
0.019697 5.10542 	0.0583733 	0.000201753 	
0.0204545 5.02331 	0.0577491 	0.00034685 	
0.0212121 4.93896 	0.0567689 	0.000172378 	
0.0219697 4.85574 	0.0556489 	0.000164749 	
0.0227273 4.77324 	0.0544168 	0.000294643 	
0.0234848 4.68883 	0.0528109 	0.000140654 	
0.0242424 4.60612 	0.0511371 	0.000140361 	
0.025 4.52361 	0.0492715 	0.000169625 	
0.0257576 4.44143 	0.0471873 	0.000119544 	
0.0265152 4.36069 	0.0450563 	0.000195996 	
0.0272727 4.27954 	0.0426069 	0.000103738 	
0.0280303 4.20067 	0.040213 	0.000186963 	
0.0287879 4.12145 	0.0374712 	9.02307e-05 	
0.0295455 4.04462 	0.0348177 	0.00015543 	
0.030303 3.96815 	0.0318541 	7.86361e-05 	
0.0310606 3.89368 	0.0289439 	0.000112034 	
0.0318182 3.82058 	0.0258437 	6.86432e-05 	
0.0325758 3.74897 	0.0227063 	6.54494e-05 	
0.0333333 3.67989 	0.0195572 	7.43594e-05 	
0.0340909 3.6124 	0.016274 	5.0275e-05 	
0.0348485 3.54697 	0.0131017 	9.56131e-05 	
0.0356061 3.4845 	0.0097439 	4.38138e-05 	
0.0363636 3.42352 	0.00645582 	4.74818e-05 	
0.0371212 3.36592 	0.00323835 	4.75084e-05 	
0.0378788 3.31145 	1.77758e-05 	3.08434e-05 	
0.0386364 3.2582 	-0.00311863 	4.94494e-05 	
0.0393939 3.20973 	-0.00617311 	2.68443e-05 	
0.0401515 3.16365 	-0.00918586 	2.08116e-05 	
0.0409091 3.11853 	-0.012101 	3.92845e-05 	
0.0416667 3.08009 	-0.0148677 	1.81548e-05 	
0.0424242 3.04312 	-0.0175708 	1.33935e-05 	
0.0431818 3.00676 	-0.0202182 	2.52025e-05 	
0.0439394 2.98052 	-0.0222276 	1.17706e-05 	
0.044697 2.9561 	-0.0241095 	8.73434e-06 	
0.0454545 2.93167 	-0.0260057 	1.39139e-05 	
0.0462121 2.91365 	-0.0272973 	8.27516e-06 	
0.0469697 2.89846 	-0.0283654 	5.9211e-06 	
0.0477273 2.88332 	-0.0294347 	6.56449e-06 	
0.0484848 2.87023 	-0.0303359 	7.51939e-06 	
0.0492424 2.86045 	-0.0309741 	4.11524e-06 	
0.05 2.85097 	-0.0316002 	3.02231e-06 	
0.0507576 2.84144 	-0.0322436 	5.58853e-06 	
0.0515152 2.83513 	-0.0325697 	3.06916e-06 	
0.0522727 2.82971 	-0.032826 	2.27368e-06 	
0.0530303 2.82431 	-0.0330856 	1.99728e-06 	
0.0537879 2.81911 	-0.0333476 	3.5142e-06 	
0.0545455 2.81616 	-0.0333653 	1.71907e-06 	
0.055303 2.81343 	-0.0333706 	1.44844e-06 	
0.0560606 2.81067 	-0.0333857 	1.52002e-06 	
0.0568182 2.80805 	-0.0334128 	2.42699e-06 	
0.0575758 2.80653 	-0.0333117 	1.22445e-06 	
0.0583333 2.80511 	-0.0332096 	1.10922e-06 	
0.0590909 2.80369 	-0.0331108 	1.09224e-06 	
0.0598485 2.80224 	-0.0330451 	2.08722e-06 	
0.0606061 2.80135 	-0.0329243 	1.14973e-06 	
0.0613636 2.80053 	-0.0328053 	9.57527e-07 	
0.0621212 2.79971 	-0.0326869 	9.03036e-07 	
0.0628788 2.79888 	-0.0325901 	1.48968e-06 	
0.0636364 2.79828 	-0.0324895 	1.42324e-06 	
0.0643939 2.79783 	-0.0323702 	8.76802e-07 	
0.0651515 2.79733 	-0.0322367 	8.46044e-07 	
0.0659091 2.79672 	-0.032096 	1.46514e-06 	
0.0666667 2.79633 	-0.031957 	8.22407e-07 	
0.0674242 2.79593 	-0.0318365 	1.40285e-06 	
0.0681818 2.79562 	-0.0317008 	7.96485e-07 	
0.0689394 2.79533 	-0.0315796 	7.91927e-07 	
0.069697 2.79507 	-0.0314679 	1.63299e-06 	
0.0704545 2.79488 	-0.0313366 	9.36822e-07 	
0.0712121 2.79473 	-0.0312116 	7.42679e-07 	
0.0719697 2.79465 	-0.0310897 	9.02314e-07 	
0.0727273 2.79466 	-0.0309681 	1.1274e-06 	
0.0734848 2.79478 	-0.0308324 	8.44172e-07 	
0.0742424 2.79466 	-0.0307054 	9.13934e-07 	
