0 1.17476
0.000757576 1.16554
0.00151515 1.16098
0.00227273 1.15952
0.0030303 1.15974
0.00378788 1.16088
0.00454545 1.16257
0.00530303 1.16462
0.00606061 1.16685
0.00681818 1.16916
0.00757576 1.17144
0.00833333 1.17361
0.00909091 1.17561
0.00984848 1.17731
0.0106061 1.17869
0.0113636 1.17965
0.0121212 1.18018
0.0128788 1.18012
0.0136364 1.17948
0.0143939 1.17817
0.0151515 1.17616
0.0159091 1.17341
0.0166667 1.1699
0.0174242 1.1656
0.0181818 1.16019
0.0189394 1.15387
0.019697 1.14683
0.0204545 1.13901
0.0212121 1.12972
0.0219697 1.11968
0.0227273 1.1091
0.0234848 1.09664
0.0242424 1.08391
0.025 1.07009
0.0257576 1.055
0.0265152 1.03969
0.0272727 1.02242
0.0280303 1.00553
0.0287879 0.986301
0.0295455 0.967717
0.030303 0.946875
0.0310606 0.926526
0.0318182 0.904444
0.0325758 0.882285
0.0333333 0.859539
0.0340909 0.835525
0.0348485 0.812498
0.0356061 0.786989
0.0363636 0.762393
0.0371212 0.737146
0.0378788 0.711059
0.0386364 0.685986
0.0393939 0.659461
0.0401515 0.633243
0.0409091 0.607994
0.0416667 0.581407
0.0424242 0.555632
0.0431818 0.530684
0.0439394 0.505235
0.044697 0.4806
0.0454545 0.456654
0.0462121 0.43322
0.0469697 0.410528
0.0477273 0.388449
0.0484848 0.367294
0.0492424 0.347341
0.05 0.328055
0.0507576 0.309126
0.0515152 0.292467
0.0522727 0.276652
0.0530303 0.261206
0.0537879 0.246257
0.0545455 0.234116
0.055303 0.222527
0.0560606 0.211087
0.0568182 0.200145
0.0575758 0.191838
0.0583333 0.183965
0.0590909 0.176183
0.0598485 0.168368
0.0606061 0.162888
0.0613636 0.157721
0.0621212 0.152748
0.0628788 0.147675
0.0636364 0.143861
0.0643939 0.141133
0.0651515 0.13788
0.0659091 0.133427
0.0666667 0.130675
0.0674242 0.127701
0.0681818 0.125225
0.0689394 0.1226
0.069697 0.120071
0.0704545 0.117655
0.0712121 0.115086
0.0719697 0.112228
0.0727273 0.108774
0.0734848 0.103696
0.0742424 0.0920899
