0 1.38231
0.000757576 1.37143
0.00151515 1.36391
0.00227273 1.36003
0.0030303 1.35883
0.00378788 1.35953
0.00454545 1.36152
0.00530303 1.36432
0.00606061 1.36758
0.00681818 1.37105
0.00757576 1.37447
0.00833333 1.37764
0.00909091 1.38036
0.00984848 1.38255
0.0106061 1.38395
0.0113636 1.38455
0.0121212 1.38415
0.0128788 1.38255
0.0136364 1.37976
0.0143939 1.37571
0.0151515 1.3703
0.0159091 1.36349
0.0166667 1.35528
0.0174242 1.34569
0.0181818 1.33413
0.0189394 1.32099
0.019697 1.30657
0.0204545 1.29103
0.0212121 1.27307
0.0219697 1.25392
0.0227273 1.23408
0.0234848 1.21138
0.0242424 1.18835
0.025 1.16384
0.0257576 1.13761
0.0265152 1.11123
0.0272727 1.08226
0.0280303 1.05397
0.0287879 1.02281
0.0295455 0.99266
0.030303 0.959971
0.0310606 0.928034
0.0318182 0.894526
0.0325758 0.860949
0.0333333 0.827429
0.0340909 0.792604
0.0348485 0.759373
0.0356061 0.724293
0.0363636 0.690187
0.0371212 0.656524
0.0378788 0.622398
0.0386364 0.589663
0.0393939 0.557084
0.0401515 0.52483
0.0409091 0.494082
0.0416667 0.464246
0.0424242 0.434921
0.0431818 0.406909
0.0439394 0.381002
0.044697 0.355765
0.0454545 0.331387
0.0462121 0.309846
0.0469697 0.289629
0.0477273 0.269891
0.0484848 0.252195
0.0492424 0.23731
0.05 0.223019
0.0507576 0.208768
0.0515152 0.198224
0.0522727 0.188789
0.0530303 0.179516
0.0537879 0.170511
0.0545455 0.164472
0.055303 0.15892
0.0560606 0.153333
0.0568182 0.147955
0.0575758 0.144368
0.0583333 0.141069
0.0590909 0.13777
0.0598485 0.134379
0.0606061 0.132032
0.0613636 0.12984
0.0621212 0.12773
0.0628788 0.125546
0.0636364 0.123786
0.0643939 0.122372
0.0651515 0.120681
0.0659091 0.118415
0.0666667 0.11675
0.0674242 0.114929
0.0681818 0.113115
0.0689394 0.111094
0.069697 0.108862
0.0704545 0.106288
0.0712121 0.103159
0.0719697 0.0990906
0.0727273 0.0932958
0.0734848 0.0835986
0.0742424 0.0616972
