0 2.53523
0.000757576 2.52734
0.00151515 2.52264
0.00227273 2.522
0.0030303 2.52371
0.00378788 2.52707
0.00454545 2.53146
0.00530303 2.53626
0.00606061 2.54086
0.00681818 2.54465
0.00757576 2.54711
0.00833333 2.54772
0.00909091 2.54598
0.00984848 2.54149
0.0106061 2.53351
0.0113636 2.52211
0.0121212 2.50709
0.0128788 2.48745
0.0136364 2.46361
0.0143939 2.4354
0.0151515 2.40272
0.0159091 2.36557
0.0166667 2.32402
0.0174242 2.27847
0.0181818 2.22727
0.0189394 2.17209
0.019697 2.11317
0.0204545 2.05119
0.0212121 1.98382
0.0219697 1.91338
0.0227273 1.84103
0.0234848 1.76335
0.0242424 1.68387
0.025 1.60209
0.0257576 1.51705
0.0265152 1.4314
0.0272727 1.34169
0.0280303 1.25263
0.0287879 1.15943
0.0295455 1.06736
0.030303 0.971861
0.0310606 0.877164
0.0318182 0.780347
0.0325758 0.683829
0.0333333 0.586713
0.0340909 0.490377
0.0348485 0.395185
0.0356061 0.313457
0.0363636 0.233325
0.0371212 0.174194
0.0378788 0.139871
0.0386364 0.105164
0.0393939 0.08717
0.0401515 0.0741745
0.0409091 0.061116
0.0416667 0.0500573
0.0424242 0.0390701
0.0431818 0.0283364
0.0439394 0.0220076
0.044697 0.0158327
0.0454545 0.00975697
0.0462121 0.00853943
0.0469697 0.00865558
0.0477273 0.00877174
0.0484848 0.00898915
0.0492424 0.00940955
0.05 0.00983086
0.0507576 0.0102363
0.0515152 0.0104231
0.0522727 0.0105869
0.0530303 0.0107507
0.0537879 0.0108859
0.0545455 0.0108971
0.055303 0.0109108
0.0560606 0.0109245
0.0568182 0.0109195
0.0575758 0.0108391
0.0583333 0.0107599
0.0590909 0.0106807
0.0598485 0.0106016
0.0606061 0.0104437
0.0613636 0.010283
0.0621212 0.0101223
0.0628788 0.00996263
0.0636364 0.00976083
0.0643939 0.00945647
0.0651515 0.0091477
0.0659091 0.00879252
0.0666667 0.00836021
0.0674242 0.00789859
0.0681818 0.00727815
0.0689394 0.00653595
0.069697 0.00561335
0.0704545 0.00429204
0.0712121 0.0025962
0.0719697 0.0008032
0.0727273 3.76827e-05
0.0734848 3.60819e-05
0.0742424 5.62327e-05
