#        Time  nozzle coflow outlet walls
          301  -3.3287e-05 -0.000854075     -28838.9      26523.7
          302  -3.3287e-05 -0.000854075     -29037.7      26496.9
          303  -3.3287e-05 -0.000854075       -29236      26468.4
          304  -3.3287e-05 -0.000854075     -29434.1        26438
          305  -3.3287e-05 -0.000854075     -29631.7      26405.7
          306  -3.3287e-05 -0.000854075     -29829.1      26371.3
          307  -3.3287e-05 -0.000854075       -30026      26335.2
          308  -3.3287e-05 -0.000854075     -30222.7      26297.3
          309  -3.3287e-05 -0.000854075       -30419      26257.7
          310  -3.3287e-05 -0.000854075       -30615      26216.1
          311  -3.3287e-05 -0.000854075     -30810.7      26172.7
          312  -3.3287e-05 -0.000854075     -31006.1      26127.6
          313  -3.3287e-05 -0.000854075     -31201.2      26080.7
          314  -3.3287e-05 -0.000854075     -31395.9      26032.2
          315  -3.3287e-05 -0.000854075     -31590.4      25981.9
          316  -3.3287e-05 -0.000854075     -31784.5      25929.8
          317  -3.3287e-05 -0.000854075     -31978.4        25876
          318  -3.3287e-05 -0.000854075     -32171.9      25820.5
          319  -3.3287e-05 -0.000854075     -32365.2      25763.4
          320  -3.3287e-05 -0.000854075     -32558.2      25704.7
          321  -3.3287e-05 -0.000854075     -32750.9      25644.3
          322  -3.3287e-05 -0.000854075     -32943.3      25582.1
          323  -3.3287e-05 -0.000854075     -33135.5      25518.3
          324  -3.3287e-05 -0.000854075     -33327.3      25453.1
          325  -3.3287e-05 -0.000854075     -33518.9      25386.3
          326  -3.3287e-05 -0.000854075     -33710.3      25317.8
          327  -3.3287e-05 -0.000854075     -33901.4      25247.6
          328  -3.3287e-05 -0.000854075     -34092.2      25175.9
          329  -3.3287e-05 -0.000854075     -34282.7      25102.7
          330  -3.3287e-05 -0.000854075     -34473.1      25028.1
          331  -3.3287e-05 -0.000854075     -34663.1      24951.8
          332  -3.3287e-05 -0.000854075     -34852.9        24874
          333  -3.3287e-05 -0.000854075     -35042.5      24794.6
          334  -3.3287e-05 -0.000854075     -35231.8      24713.8
          335  -3.3287e-05 -0.000854075     -35420.9      24631.6
          336  -3.3287e-05 -0.000854075     -35609.7      24547.9
          337  -3.3287e-05 -0.000854075     -35798.3      24462.6
          338  -3.3287e-05 -0.000854075     -35986.7      24375.9
          339  -3.3287e-05 -0.000854075     -36174.8      24287.8
          340  -3.3287e-05 -0.000854075     -36362.7      24198.3
          341  -3.3287e-05 -0.000854075     -36550.4      24107.5
          342  -3.3287e-05 -0.000854075     -36737.9      24022.5
          343  -3.3287e-05 -0.000854075     -36925.1      24127.3
          344  -3.3287e-05 -0.000854075     -37112.1      24959.8
          345  -3.3287e-05 -0.000854075     -37298.9      37302.4
          346 -4.02222e-05  -0.00109836     -19719.9      30361.2
          347 -4.02222e-05  -0.00109836       -19327      30731.8
          348 -4.02222e-05  -0.00109836       -18909      31524.8
          349 -4.02222e-05  -0.00109836     -18475.6      33540.7
          350 -4.02222e-05  -0.00109836     -18031.8      36850.7
          351 -4.02222e-05  -0.00109836     -17581.7      39236.4
          352 -4.02222e-05  -0.00109836       -17128      39678.8
          353 -4.02222e-05  -0.00109836     -16672.7      39658.4
          354 -4.02222e-05  -0.00109836     -16217.2        45785
          355 -4.02222e-05  -0.00109836     -15754.9      47632.6
          356 -4.02222e-05  -0.00109836     -15294.2      50949.8
          357 -4.02222e-05  -0.00109836     -14837.9        53783
          358 -4.02222e-05  -0.00109836     -14385.2        55990
          359 -4.02222e-05  -0.00109836     -13936.7        59313
          360 -4.02222e-05  -0.00109836     -13492.3      61284.9
          361 -4.02222e-05  -0.00109836     -13052.2        59350
          362 -4.02222e-05  -0.00109836     -12616.6      55973.7
          363 -4.02222e-05  -0.00109836     -12185.4      54772.7
          364 -4.02222e-05  -0.00109836     -11758.6        58575
          365 -4.02222e-05  -0.00109836     -11336.3      63774.2
          366 -4.02222e-05  -0.00109836     -10918.4      58961.7
          367 -4.02222e-05  -0.00109836     -10504.9      49837.8
          368 -4.02222e-05  -0.00109836     -10095.7      44020.9
          369 -4.02222e-05  -0.00109836     -9690.77      40918.3
          370 -4.02222e-05  -0.00109836      -9290.1      40554.5
          371 -4.02222e-05  -0.00109836     -8893.58      43433.7
          372 -4.02222e-05  -0.00109836     -8501.15      48314.3
          373 -4.02222e-05  -0.00109836     -8112.75      54293.9
          374 -4.02222e-05  -0.00109836      -7728.3      59738.1
          375 -4.02222e-05  -0.00109836     -7347.73      62636.6
          376 -4.02222e-05  -0.00109836     -6970.97      62894.5
          377 -4.02222e-05  -0.00109836     -6597.94      60847.4
          378 -4.02222e-05  -0.00109836     -6228.59      58323.9
          379 -4.02222e-05  -0.00109836     -5862.83      56001.7
          380 -4.02222e-05  -0.00109836     -5500.59      54109.3
          381 -4.02222e-05  -0.00109836     -5141.82      52734.9
          382 -4.02222e-05  -0.00109836     -4786.43      51527.8
          383 -4.02222e-05  -0.00109836     -4434.36      50072.3
          384 -4.02222e-05  -0.00109836     -4085.54      38487.9
          385 -3.60867e-05  -0.00107778     -5271.52      34482.2
          386 -3.60867e-05  -0.00107778     -7271.04      22475.7
          387 -3.60867e-05  -0.00107778     -9563.11      13597.8
          388 -3.60867e-05  -0.00107778     -12004.1      5835.43
          389 -3.60867e-05  -0.00107778     -14532.3        17495
          390 -2.30662e-05  -0.00109409       -16875      9505.63
          391 -2.16207e-05  -0.00109256     -18360.1      8505.44
          392 -2.27789e-05  -0.00108742     -19966.3      1568.03
          393 -2.27789e-05  -0.00108742       -20456     -111.548
          394 -2.27789e-05  -0.00108742       -20917      14381.5
          395 -2.66934e-05  -0.00108793     -22626.6      5016.51
          396 -2.66934e-05  -0.00108793     -23025.2      14982.7
          397 -3.77233e-05  -0.00101662     -14262.7     -16609.6
          398 -3.62555e-05  -0.00102073     -13307.8     -34051.7
          399 -3.62555e-05  -0.00102073       -13303       -20957
          400 -3.97174e-05 -0.000764874     -17710.7     -38836.6
          401 -3.97174e-05 -0.000764874     -17779.6     -12046.7
          402 -4.02222e-05 -0.000764874       -22079     -6778.15
          403 -4.02222e-05 -0.000858392       -21430     -4122.28
          404 -4.02222e-05 -0.000858392     -20566.8     -1484.33
          405 -4.02222e-05 -0.000980427     -11548.4      21989.7
          406 -4.02222e-05 -0.000980427     -11310.3      26881.2
          407 -4.02222e-05 -0.000980427     -11037.1      31592.9
          408 -4.02222e-05 -0.000980427     -10739.1      28470.5
          409 -4.02222e-05  -0.00109836     -11576.7      33551.9
          410 -4.02222e-05  -0.00109836     -11846.6      33493.5
          411 -4.02222e-05  -0.00109836     -12110.7      34326.5
          412 -4.02222e-05  -0.00109836     -12363.5      35254.1
          413 -4.02222e-05  -0.00109836     -12600.6      36433.7
          414 -4.02222e-05  -0.00109836       -12820      37889.3
          415 -4.02222e-05  -0.00109836     -13020.5      39683.4
          416 -4.02222e-05  -0.00109836     -13201.8      41742.4
          417 -4.02222e-05  -0.00109836     -13363.8      43891.4
          418 -4.02222e-05  -0.00109836       -13507      45626.8
          419 -4.02222e-05  -0.00109836     -13631.7        47398
          420 -4.02222e-05  -0.00109836     -13738.6      49085.9
          421 -4.02222e-05  -0.00109836     -13828.4      50797.4
          422 -4.02222e-05  -0.00109836     -13901.6      52573.2
          423 -4.02222e-05  -0.00109836     -13959.1      72009.4
          424 -4.02222e-05  -0.00109597     -25807.5      43842.6
          425 -4.02222e-05  -0.00109597     -25683.5      22163.3
          426 -4.02222e-05  -0.00109674     -25820.3      14201.2
          427 -4.02222e-05  -0.00109674     -26063.2     -513.362
          428 -4.02222e-05  -0.00109674     -26442.2     -5259.27
          429 -4.02222e-05  -0.00109674     -26936.9      31313.4
          430 -4.02222e-05  -0.00109718     -26911.9      27264.2
          431 -4.02222e-05  -0.00109836     -13281.7      8380.01
          432 -4.02222e-05  -0.00106149       -13082      9102.86
          433 -4.02222e-05  -0.00106149     -13272.2      25869.2
          434 -4.02222e-05  -0.00106149     -22862.1      21328.3
          435 -4.02222e-05  -0.00106149     -29129.7     -1734.21
          436 -4.02222e-05  -0.00106149     -29831.7      10216.9
          437 -4.02222e-05  -0.00106149       -30056      13726.3
          438 -4.02222e-05  -0.00106149     -15076.6      11793.6
          439 -4.02222e-05  -0.00106149     -14961.3      13399.3
          440 -4.02222e-05  -0.00106149     -15017.9      15203.1
          441 -4.02222e-05  -0.00106149       -15176        17696
          442 -4.02222e-05  -0.00106149     -26736.8      39162.2
          443 -4.02222e-05  -0.00106149     -31192.9      49254.9
          444 -4.02222e-05  -0.00106149     -31354.6      55838.9
          445 -4.02222e-05  -0.00106149     -24186.6      56917.7
          446 -4.02222e-05  -0.00106149     -17852.6      46378.8
          447 -4.02222e-05  -0.00100799     -15461.2        20473
          448 -4.02222e-05 -0.000821522     -15582.1      11125.8
          449 -4.02222e-05 -0.000821522     -32448.4     -3592.87
          450 -4.02222e-05 -0.000728004     -34893.6      9969.28
          451 -4.02222e-05 -0.000728004     -35508.8      4203.78
          452 -4.02222e-05  -0.00106149     -35935.8      28344.4
          453 -4.02222e-05  -0.00106149     -18562.5       7387.1
          454 -4.02222e-05  -0.00109836       -18691      7531.09
          455 -4.02222e-05  -0.00109836     -22129.8      10012.8
          456 -4.02222e-05  -0.00100799     -27399.2      19708.7
          457 -4.02222e-05  -0.00100799     -38446.4      34348.2
          458 -4.02222e-05  -0.00100799     -38520.2      17778.3
          459 -4.02222e-05  -0.00100799     -38569.5      27435.7
