#        Time  inlet outlet
      4.98031 -0.000402793  0.000417458
      4.98032 -0.000402779  0.000417401
      4.98034  -0.00040277  0.000417346
      4.98035 -0.000402769  0.000417293
      4.98036 -0.000402773  0.000417244
      4.98037 -0.000402779    0.0004172
      4.98039 -0.000402785   0.00041716
       4.9804 -0.000402788  0.000417126
      4.98041 -0.000402786  0.000417099
      4.98043 -0.000402781  0.000417077
      4.98043 -0.000402775  0.000417065
      4.98044 -0.000402768  0.000417056
      4.98045  -0.00040276  0.000417049
      4.98046  -0.00040276  0.000417045
      4.98047 -0.000402759  0.000417042
      4.98047 -0.000402756   0.00041704
      4.98048  -0.00040276  0.000417039
      4.98048 -0.000402761  0.000417038
      4.98048  -0.00040276  0.000417037
      4.98049 -0.000402759  0.000417036
      4.98049 -0.000402759  0.000417035
      4.98049 -0.000402755  0.000417034
       4.9805 -0.000402753  0.000417033
       4.9805 -0.000402749  0.000417031
      4.98051 -0.000402744  0.000417029
      4.98051  -0.00040275  0.000417026
      4.98052 -0.000402751  0.000417024
      4.98052 -0.000402748  0.000417021
      4.98053 -0.000402744  0.000417017
      4.98053 -0.000402757  0.000417015
      4.98053 -0.000402759  0.000417012
      4.98054 -0.000402758  0.000417008
      4.98054 -0.000402756  0.000417004
      4.98055 -0.000402758     0.000417
      4.98055 -0.000402764  0.000416997
      4.98055 -0.000402763  0.000416993
      4.98056 -0.000402762  0.000416988
      4.98056 -0.000402762  0.000416983
      4.98056 -0.000402769  0.000416979
      4.98057 -0.000402768  0.000416975
      4.98057 -0.000402768   0.00041697
      4.98057 -0.000402769  0.000416965
      4.98058  -0.00040277   0.00041696
      4.98058  -0.00040277  0.000416953
      4.98059 -0.000402773  0.000416948
      4.98059 -0.000402774  0.000416943
      4.98059 -0.000402775  0.000416939
       4.9806 -0.000402776  0.000416933
       4.9806 -0.000402777  0.000416926
       4.9806 -0.000402778   0.00041692
      4.98061 -0.000402779  0.000416915
      4.98061  -0.00040278  0.000416909
      4.98062 -0.000402782  0.000416901
      4.98062 -0.000402783  0.000416896
      4.98062 -0.000402784   0.00041689
      4.98063 -0.000402785  0.000416884
      4.98063 -0.000402787  0.000416877
      4.98064  -0.00040279   0.00041687
      4.98064 -0.000402789  0.000416864
      4.98064 -0.000402787  0.000416859
      4.98065 -0.000402789  0.000416854
      4.98065 -0.000402792  0.000416848
      4.98066 -0.000402791  0.000416843
      4.98066 -0.000402789  0.000416838
      4.98066  -0.00040279  0.000416833
      4.98067 -0.000402793  0.000416827
      4.98067 -0.000402795  0.000416821
      4.98067 -0.000402792  0.000416816
      4.98068 -0.000402794  0.000416809
      4.98068 -0.000402795  0.000416803
      4.98069 -0.000402794  0.000416797
      4.98069 -0.000402796  0.000416789
       4.9807 -0.000402797  0.000416782
       4.9807  -0.00040279  0.000416777
       4.9807 -0.000402791  0.000416771
      4.98071 -0.000402794  0.000416765
      4.98071 -0.000402795  0.000416758
      4.98072 -0.000402792  0.000416752
      4.98072 -0.000402792  0.000416746
      4.98072 -0.000402793  0.000416739
      4.98073 -0.000402787  0.000416734
      4.98073 -0.000402788  0.000416729
      4.98073 -0.000402789  0.000416723
      4.98074 -0.000402789  0.000416718
      4.98074 -0.000402788  0.000416712
      4.98074 -0.000402788  0.000416706
