4.664715688981993145e-04
4.977406267974593011e-04
5.386050687817070526e-04
5.682361892780033851e-04
5.797498924725954551e-04
6.215492599287827024e-04
6.473647353504391683e-04
6.768425664837739338e-04
6.941556042655549217e-04
7.068138020757407146e-04
7.125481385983968878e-04
7.452747598484240699e-04
7.570769133802401213e-04
7.763835132746423626e-04
8.079825002045871183e-04
8.328676055080261450e-04
8.731129738234366016e-04
8.737650202345689917e-04
9.122519952153707165e-04
9.247184279382748145e-04
9.473646381688588134e-04
9.642036501682167476e-04
9.861555947813071665e-04
1.029625677191569472e-03
1.081871524740180002e-03
1.094443440498184001e-03
1.139636268918181421e-03
1.165677652564574155e-03
1.185938958336187413e-03
1.222407704239345883e-03
1.260244845170596260e-03
1.330959620007018430e-03
1.354968192936407750e-03
1.401844829494228476e-03
1.487280341280616293e-03
1.521322322149716057e-03
1.558015193290948402e-03
1.619831403678344403e-03
1.679023214186730175e-03
1.702569352792073897e-03
1.707014638662614735e-03
1.754549283297284065e-03
1.831412927451748791e-03
1.904200149859394632e-03
1.914462328195281953e-03
2.064961412054176510e-03
2.124688157330638979e-03
2.149262064986331294e-03
2.194989538713365204e-03
2.296010837636528953e-03
2.405317751128204038e-03
2.445947383906401859e-03
2.527793442786162303e-03
2.575051452594083381e-03
2.712099261814612892e-03
2.839872579832328214e-03
2.945001722032452099e-03
3.063488338088336902e-03
3.195713310832755567e-03
3.294091829027775541e-03
3.570753220146006320e-03
3.717867380207371796e-03
3.816736865317358826e-03
4.211545082612374973e-03
4.397435497594555723e-03
4.680148342393586867e-03
4.952174054983929027e-03
5.131966546828204204e-03
5.550041284628434886e-03
5.653253531029626099e-03
6.010267259206805886e-03
6.380033601696821939e-03
6.636271516074714223e-03
7.102618658414779074e-03
8.064488012114288604e-03
9.309739686116130092e-03
9.988453908778647389e-03
1.108950835019731872e-02
1.412564708841464352e-02
7.877182261160626808e-01
