0 0.00203297 	-8.87613e-05 	-0.672134 	
0.000724638 0.241287 	3.12853e-12 	-0.660039 	
0.00144928 0.475111 	5.51005e-12 	-0.654307 	
0.00217391 0.709034 	5.70791e-12 	-0.646753 	
0.00289855 0.937018 	1.56158e-12 	-0.6354 	
0.00362319 1.15771 	4.6165e-12 	-0.620608 	
0.00434783 1.36932 	1.99574e-12 	-0.602471 	
0.00507246 1.57007 	-6.29547e-13 	-0.581048 	
0.0057971 1.75818 	-1.92603e-12 	-0.556383 	
0.00652174 1.93189 	-2.3485e-12 	-0.528514 	
0.00724638 2.08945 	-2.71621e-12 	-0.497463 	
0.00797101 2.22913 	-3.35318e-12 	-0.463247 	
0.00869565 2.3492 	-3.53731e-12 	-0.425848 	
0.00942029 2.4479 	-3.51006e-12 	-0.385206 	
0.0101449 2.52343 	-3.15588e-12 	-0.341205 	
0.0108696 2.57392 	-2.78681e-12 	-0.293642 	
0.0115942 2.5974 	-1.64963e-12 	-0.242217 	
0.0123188 2.59176 	-2.33925e-12 	-0.186534 	
0.0130435 2.55481 	-2.09278e-12 	-0.126056 	
0.0137681 2.48483 	-2.00031e-12 	-0.0600475 	
0.0144928 2.37878 	-1.70504e-12 	0.0124173 	
0.0152174 2.23481 	-1.5564e-12 	0.0910053 	
0.015942 2.05204 	-1.29941e-12 	0.173323 	
0.0166667 1.82802 	-5.79402e-13 	0.254172 	
0.0173913 1.56248 	8.49914e-14 	0.322048 	
0.0181159 1.25667 	3.40482e-13 	0.352135 	
0.0188406 0.899 	-2.37799e-14 	0.301065 	
0.0195652 0.335136 	-3.03211e-12 	1.11148 	
0.0202899 -0.342914 	-3.30999e-12 	7.93194 	
0.0210145 -0.280465 	-5.24497e-12 	10.2675 	
0.0217391 -0.305335 	-5.69435e-12 	11.3429 	
0.0224638 -0.323128 	-5.31881e-12 	12.068 	
0.0231884 -0.334516 	-4.58095e-12 	12.5658 	
0.023913 -0.338442 	-4.2505e-12 	12.8775 	
0.0246377 -0.335274 	-3.90996e-12 	13.0266 	
0.0253623 -0.325891 	-4.01934e-12 	13.0389 	
0.026087 -0.311495 	-3.71749e-12 	12.9357 	
0.0268116 -0.292543 	-3.39998e-12 	12.722 	
0.0275362 -0.269386 	-3.61371e-12 	12.397 	
0.0282609 -0.242326 	-3.59873e-12 	11.957 	
0.0289855 -0.211554 	-3.93847e-12 	11.3913 	
0.0297101 -0.176986 	-4.27659e-12 	10.67 	
0.0304348 -0.136302 	-3.83704e-12 	9.72029 	
0.0311594 -0.0957864 	-3.20217e-12 	8.32246 	
0.0318841 0.0465646 	-1.90131e-12 	4.56244 	
0.0326087 -0.471075 	-7.84476e-13 	-0.066615 	
0.0333333 -0.457835 	-1.54388e-12 	-0.161548 	
0.034058 -0.4125 	-7.49677e-12 	-0.0988186 	
0.0347826 -0.365579 	-1.09213e-11 	-0.0647834 	
0.0355072 -0.3251 	-5.42591e-12 	-0.0442815 	
0.0362319 -0.29235 	6.27398e-13 	-0.031242 	
0.0369565 -0.265905 	-4.94739e-12 	-0.0225143 	
0.0376812 -0.24453 	-6.18245e-12 	-0.0165199 	
0.0384058 -0.226898 	4.27753e-12 	-0.0121563 	
0.0391304 -0.212101 	6.18903e-12 	-0.00892353 	
0.0398551 -0.199517 	7.24872e-12 	-0.00648982 	
0.0405797 -0.188838 	-2.0109e-12 	-0.00469909 	
0.0413043 -0.179509 	-1.7625e-12 	-0.00330186 	
0.042029 -0.171287 	-1.72307e-12 	-0.00222462 	
0.0427536 -0.164029 	-2.33134e-12 	-0.00139937 	
0.0434783 -0.15745 	-1.94816e-12 	-0.000742464 	
0.0442029 -0.151533 	-8.6775e-13 	-0.000241822 	
0.0449275 -0.146061 	-7.32063e-13 	0.000161051 	
0.0456522 -0.141045 	-1.41801e-12 	0.000470255 	
0.0463768 -0.136326 	-2.49655e-15 	0.000720232 	
0.0471014 -0.131945 	-4.60002e-12 	0.00091144 	
0.0478261 -0.127783 	-7.1512e-13 	0.00106639 	
0.0485507 -0.123832 	-6.8718e-13 	0.00118628 	
0.0492754 -0.120075 	-1.59077e-12 	0.00128153 	
0.05 -0.116445 	3.13158e-13 	0.00135844 	
