0.001 23.9964 	0.00025339 	-7.47534e-13 	
0.0101633 23.9458 	0.000115257 	-1.99454e-12 	
0.0193265 23.9327 	4.06748e-05 	5.67307e-13 	
0.0284898 23.9263 	2.53181e-05 	-4.59539e-13 	
0.0376531 23.9218 	2.03904e-05 	-1.63001e-12 	
0.0468163 23.9179 	1.78216e-05 	-4.20954e-12 	
0.0559796 23.9141 	2.29592e-05 	-1.51285e-12 	
0.0651429 23.9075 	5.18164e-05 	1.41935e-12 	
0.0743061 23.8641 	0.000629479 	-3.91534e-13 	
0.0834694 23.399 	0.00517149 	2.65496e-12 	
0.0926327 21.9323 	0.00937682 	1.67428e-12 	
0.101796 20.1262 	0.00933524 	-4.75194e-13 	
0.110959 18.4527 	0.00818432 	-1.0053e-13 	
0.120122 17.0002 	0.00693001 	-1.25586e-14 	
0.129286 15.7557 	0.00597479 	3.88649e-13 	
0.138449 14.6905 	0.00509273 	2.59828e-13 	
0.147612 13.7736 	0.00438406 	2.07667e-13 	
0.156776 12.9787 	0.00381885 	-1.13468e-13 	
0.165939 12.2851 	0.00330132 	-4.48532e-13 	
0.175102 11.6755 	0.0029406 	-1.49396e-12 	
0.184265 11.1378 	0.00260752 	-9.51576e-14 	
0.193429 10.6642 	0.00236839 	-2.81292e-13 	
0.202592 10.2458 	0.00215941 	4.52449e-13 	
0.211755 9.87183 	0.0019553 	-8.68365e-14 	
0.220918 9.53251 	0.00175273 	-4.39085e-13 	
0.230082 9.22146 	0.00156157 	6.50523e-13 	
0.239245 8.93587 	0.00140606 	-4.56809e-13 	
0.248408 8.67376 	0.00128249 	-1.02739e-13 	
0.257571 8.43335 	0.00115533 	-2.42008e-13 	
0.266735 8.21254 	0.00106614 	-2.67733e-13 	
0.275898 8.00886 	0.000971365 	-8.23292e-13 	
0.285061 7.8206 	0.000907182 	-8.10447e-13 	
0.294224 7.64608 	0.000837671 	1.03276e-12 	
0.303388 7.48367 	0.000774814 	3.37725e-14 	
0.312551 7.33226 	0.000721869 	7.98785e-14 	
0.321714 7.19085 	0.000677322 	2.38592e-13 	
0.330878 7.05841 	0.00063606 	1.31444e-13 	
0.340041 6.93408 	0.000597979 	-1.10866e-13 	
0.349204 6.81706 	0.000563045 	7.4211e-14 	
0.358367 6.70657 	0.000531195 	-1.70761e-13 	
0.367531 6.60193 	0.000502245 	-7.49783e-13 	
0.376694 6.5025 	0.000476426 	-5.95769e-13 	
0.385857 6.40786 	0.000455569 	-8.57604e-13 	
0.39502 6.3175 	0.000436497 	2.45163e-14 	
0.404184 6.23113 	0.000417531 	3.82499e-12 	
0.413347 6.14853 	0.000396665 	-6.77592e-13 	
0.42251 6.06943 	0.00038238 	2.61224e-14 	
0.431673 5.9933 	0.000369513 	-2.42434e-12 	
0.440837 5.91973 	0.000357162 	-5.88952e-14 	
0.45 5.84781 	0.000352414 	2.07e-14 	
