0.001 1.95401
0.0101633 1.64973
0.0193265 1.3937
0.0284898 1.1859
0.0376531 1.0187
0.0468163 0.883768
0.0559796 0.774181
0.0651429 0.688065
0.0743061 0.69923
0.0834694 1.75318
0.0926327 4.90251
0.101796 7.6504
0.110959 9.05567
0.120122 9.48718
0.129286 9.35845
0.138449 8.93482
0.147612 8.38063
0.156776 7.78499
0.165939 7.19398
0.175102 6.62847
0.184265 6.09498
0.193429 5.60099
0.202592 5.15666
0.211755 4.76506
0.220918 4.41896
0.230082 4.10854
0.239245 3.82739
0.248408 3.57172
0.257571 3.33922
0.266735 3.12781
0.275898 2.93509
0.285061 2.75944
0.294224 2.59909
0.303388 2.45222
0.312551 2.31755
0.321714 2.19388
0.330878 2.08006
0.340041 1.97517
0.349204 1.8785
0.358367 1.78948
0.367531 1.70759
0.376694 1.63236
0.385857 1.56323
0.39502 1.49928
0.404184 1.43954
0.413347 1.38305
0.42251 1.32892
0.431673 1.27647
0.440837 1.22558
0.45 1.17657
