0 1.17657
0.000757576 1.17668
0.00151515 1.17698
0.00227273 1.17746
0.0030303 1.17811
0.00378788 1.17889
0.00454545 1.17977
0.00530303 1.18071
0.00606061 1.18163
0.00681818 1.18239
0.00757576 1.18289
0.00833333 1.18304
0.00909091 1.18277
0.00984848 1.18204
0.0106061 1.18068
0.0113636 1.17873
0.0121212 1.17611
0.0128788 1.17262
0.0136364 1.1683
0.0143939 1.16306
0.0151515 1.15687
0.0159091 1.14968
0.0166667 1.14147
0.0174242 1.13225
0.0181818 1.12153
0.0189394 1.10963
0.019697 1.09682
0.0204545 1.08312
0.0212121 1.0675
0.0219697 1.05099
0.0227273 1.03393
0.0234848 1.01449
0.0242424 0.994862
0.025 0.973945
0.0257576 0.951565
0.0265152 0.92907
0.0272727 0.904249
0.0280303 0.880059
0.0287879 0.853176
0.0295455 0.827218
0.030303 0.798731
0.0310606 0.770943
0.0318182 0.741364
0.0325758 0.711709
0.0333333 0.68171
0.0340909 0.650219
0.0348485 0.620176
0.0356061 0.58745
0.0363636 0.555778
0.0371212 0.523717
0.0378788 0.490629
0.0386364 0.458944
0.0393939 0.425834
0.0401515 0.392835
0.0409091 0.361368
0.0416667 0.328622
0.0424242 0.296518
0.0431818 0.265805
0.0439394 0.235136
0.044697 0.205183
0.0454545 0.176318
0.0462121 0.149186
0.0469697 0.123114
0.0477273 0.0977873
0.0484848 0.075438
0.0492424 0.0571402
0.05 0.0397269
0.0507576 0.022259
0.0515152 0.0152205
0.0522727 0.01035
0.0530303 0.00555641
0.0537879 0.00101367
0.0545455 0.000720706
0.055303 0.000499462
0.0560606 0.000255922
0.0568182 2.17034e-05
0.0575758 1.92551e-05
0.0583333 1.75236e-05
0.0590909 1.56557e-05
0.0598485 1.335e-05
0.0606061 1.32519e-05
0.0613636 1.32428e-05
0.0621212 1.32357e-05
0.0628788 1.32248e-05
0.0636364 1.32183e-05
0.0643939 1.32154e-05
0.0651515 1.32125e-05
0.0659091 1.32009e-05
0.0666667 1.31594e-05
0.0674242 1.3097e-05
0.0681818 1.29506e-05
0.0689394 1.27098e-05
0.069697 1.2345e-05
0.0704545 1.17453e-05
0.0712121 1.09637e-05
0.0719697 1.00177e-05
0.0727273 9.02352e-06
0.0734848 8.15855e-06
0.0742424 7.57232e-06
