0 6.80729 	4.5617e-05 	-1.99168e-06 	
0.000757576 6.80401 	0.00470887 	4.6764e-13 	
0.00151515 6.79408 	0.00935427 	1.18323e-12 	
0.00227273 6.77757 	0.0139463 	2.1003e-12 	
0.0030303 6.75463 	0.0184524 	2.67941e-12 	
0.00378788 6.72537 	0.0228452 	3.09314e-12 	
0.00454545 6.68994 	0.0270917 	2.92382e-12 	
0.00530303 6.64849 	0.0311716 	1.86257e-12 	
0.00606061 6.60162 	0.0350713 	2.69329e-12 	
0.00681818 6.54907 	0.0387531 	6.82449e-13 	
0.00757576 6.49171 	0.0422171 	3.20833e-13 	
0.00833333 6.42969 	0.0454363 	2.4473e-13 	
0.00909091 6.36339 	0.0483996 	9.14986e-14 	
0.00984848 6.29349 	0.0511207 	-3.67208e-13 	
0.0106061 6.21893 	0.0535228 	-4.4492e-13 	
0.0113636 6.14154 	0.0556724 	1.18157e-13 	
0.0121212 6.06176 	0.057546 	1.84114e-12 	
0.0128788 5.97813 	0.0590793 	2.04941e-12 	
0.0136364 5.89238 	0.0603311 	2.71451e-12 	
0.0143939 5.80463 	0.061292 	3.01983e-12 	
0.0151515 5.7151 	0.0619591 	2.91953e-12 	
0.0159091 5.62404 	0.0623363 	2.92658e-12 	
0.0166667 5.53195 	0.0624391 	3.89388e-12 	
0.0174242 5.43906 	0.0622794 	5.27959e-12 	
0.0181818 5.34388 	0.0617435 	3.31473e-12 	
0.0189394 5.24856 	0.060948 	2.44774e-12 	
0.019697 5.1534 	0.0599297 	2.35607e-12 	
0.0204545 5.05872 	0.0587189 	3.93958e-12 	
0.0212121 4.96188 	0.0570955 	1.82307e-12 	
0.0219697 4.86667 	0.0553134 	1.55998e-12 	
0.0227273 4.77249 	0.0534023 	1.76205e-12 	
0.0234848 4.67655 	0.0510551 	1.36101e-12 	
0.0242424 4.58275 	0.0486426 	1.44819e-12 	
0.025 4.48943 	0.0460074 	1.72251e-12 	
0.0257576 4.39677 	0.0431375 	1.39222e-12 	
0.0265152 4.30585 	0.0402146 	1.93729e-12 	
0.0272727 4.21477 	0.036939 	1.3176e-12 	
0.0280303 4.1263 	0.0337291 	2.47e-12 	
0.0287879 4.03769 	0.0301368 	1.45226e-12 	
0.0295455 3.95177 	0.026647 	2.82894e-12 	
0.030303 3.86637 	0.0228334 	1.74437e-12 	
0.0310606 3.78321 	0.0190799 	2.85979e-12 	
0.0318182 3.70154 	0.0151403 	2.04602e-12 	
0.0325758 3.62153 	0.0111542 	2.37673e-12 	
0.0333333 3.54416 	0.00717808 	2.49421e-12 	
0.0340909 3.46841 	0.00304828 	1.85192e-12 	
0.0348485 3.39494 	-0.000945741 	2.47396e-12 	
0.0356061 3.32461 	-0.00508005 	2.14655e-12 	
0.0363636 3.25601 	-0.00913263 	3.75931e-12 	
0.0371212 3.19118 	-0.0130477 	3.76106e-12 	
0.0378788 3.1301 	-0.0168862 	3.37448e-12 	
0.0386364 3.07032 	-0.0206403 	6.00377e-12 	
0.0393939 3.01721 	-0.0242514 	3.28389e-12 	
0.0401515 2.96748 	-0.0277685 	3.36772e-13 	
0.0409091 2.91846 	-0.0312107 	-3.3788e-13 	
0.0416667 2.88356 	-0.0335928 	7.06085e-14 	
0.0424242 2.85136 	-0.0357655 	2.73544e-12 	
0.0431818 2.81873 	-0.0380199 	7.83991e-12 	
0.0439394 2.80816 	-0.0381914 	2.64475e-12 	
0.044697 2.80029 	-0.0381466 	-2.01067e-12 	
0.0454545 2.79161 	-0.0382078 	-6.51582e-12 	
0.0462121 2.78967 	-0.0377772 	-4.03913e-12 	
0.0469697 2.79 	-0.0372195 	-8.78143e-13 	
0.0477273 2.79029 	-0.0366765 	1.09192e-12 	
0.0484848 2.79065 	-0.0361878 	1.02966e-12 	
0.0492424 2.79126 	-0.0357498 	1.65904e-13 	
0.05 2.79187 	-0.0353219 	-1.81723e-12 	
0.0507576 2.79246 	-0.0349285 	-4.22622e-12 	
0.0515152 2.79301 	-0.034515 	-2.35474e-12 	
0.0522727 2.79354 	-0.0341188 	-4.80363e-12 	
0.0530303 2.79407 	-0.0337285 	-8.28246e-12 	
0.0537879 2.79458 	-0.0333686 	-1.44784e-11 	
0.0545455 2.79504 	-0.0330126 	-7.00442e-12 	
0.055303 2.79548 	-0.0326731 	-4.76623e-12 	
0.0560606 2.79592 	-0.0323406 	-3.68398e-12 	
0.0568182 2.79634 	-0.0320294 	-5.82809e-12 	
0.0575758 2.79671 	-0.0316997 	-3.12272e-12 	
0.0583333 2.79706 	-0.0313851 	-4.16058e-12 	
0.0590909 2.79742 	-0.0310732 	-5.53798e-12 	
0.0598485 2.79776 	-0.0307877 	-1.04128e-11 	
0.0606061 2.79804 	-0.0305138 	-5.81967e-12 	
0.0613636 2.79831 	-0.0302528 	-2.50744e-12 	
0.0621212 2.79857 	-0.0299938 	5.27699e-13 	
0.0628788 2.79883 	-0.0297533 	2.24355e-12 	
0.0636364 2.79906 	-0.0295344 	2.14611e-12 	
0.0643939 2.79927 	-0.0293127 	1.03617e-12 	
0.0651515 2.79951 	-0.0290645 	1.4878e-13 	
0.0659091 2.79979 	-0.0287832 	-1.40149e-13 	
0.0666667 2.79996 	-0.0285655 	-1.53915e-12 	
0.0674242 2.80013 	-0.0283574 	-4.03165e-12 	
0.0681818 2.80027 	-0.028137 	-3.70097e-12 	
0.0689394 2.80039 	-0.0279307 	-3.70078e-12 	
0.069697 2.80049 	-0.0277404 	-8.57603e-14 	
0.0704545 2.80058 	-0.0275378 	-4.13717e-13 	
0.0712121 2.80066 	-0.0273468 	1.04659e-12 	
0.0719697 2.80073 	-0.0271648 	-2.02543e-12 	
0.0727273 2.8008 	-0.0269896 	-6.00606e-12 	
0.0734848 2.80085 	-0.0268118 	-4.67966e-12 	
0.0742424 2.80088 	-0.026645 	-5.21158e-12 	
