0 2.50535
0.000757576 2.50566
0.00151515 2.50807
0.00227273 2.51187
0.0030303 2.51675
0.00378788 2.52226
0.00454545 2.5279
0.00530303 2.53308
0.00606061 2.53719
0.00681818 2.53965
0.00757576 2.53996
0.00833333 2.5375
0.00909091 2.53178
0.00984848 2.52259
0.0106061 2.50884
0.0113636 2.49106
0.0121212 2.46869
0.0128788 2.44091
0.0136364 2.40846
0.0143939 2.37106
0.0151515 2.32873
0.0159091 2.28156
0.0166667 2.22972
0.0174242 2.17408
0.0181818 2.11274
0.0189394 2.04728
0.019697 1.9783
0.0204545 1.90676
0.0212121 1.83066
0.0219697 1.75164
0.0227273 1.67144
0.0234848 1.58723
0.0242424 1.50159
0.025 1.41516
0.0257576 1.32636
0.0265152 1.23798
0.0272727 1.14752
0.0280303 1.05822
0.0287879 0.967702
0.0295455 0.878573
0.030303 0.789641
0.0310606 0.70197
0.0318182 0.616951
0.0325758 0.533781
0.0333333 0.453865
0.0340909 0.378485
0.0348485 0.304253
0.0356061 0.240646
0.0363636 0.177472
0.0371212 0.125913
0.0378788 0.0837925
0.0386364 0.042276
0.0393939 0.0255593
0.0401515 0.0135496
0.0409091 0.0022847
0.0416667 0.00130146
0.0424242 0.000647409
0.0431818 6.06954e-05
0.0439394 3.2842e-05
0.044697 2.71043e-05
0.0454545 2.17557e-05
0.0462121 2.08476e-05
0.0469697 2.08164e-05
0.0477273 2.07851e-05
0.0484848 2.07721e-05
0.0492424 2.07731e-05
0.05 2.07741e-05
0.0507576 2.07752e-05
0.0515152 2.07763e-05
0.0522727 2.07774e-05
0.0530303 2.07786e-05
0.0537879 2.07798e-05
0.0545455 2.07808e-05
0.055303 2.07819e-05
0.0560606 2.0783e-05
0.0568182 2.07841e-05
0.0575758 2.0785e-05
0.0583333 2.07859e-05
0.0590909 2.07868e-05
0.0598485 2.07878e-05
0.0606061 2.07888e-05
0.0613636 2.07899e-05
0.0621212 2.0791e-05
0.0628788 2.07921e-05
0.0636364 2.07946e-05
0.0643939 2.07992e-05
0.0651515 2.08039e-05
0.0659091 2.08113e-05
0.0666667 2.08286e-05
0.0674242 2.08493e-05
0.0681818 2.0886e-05
0.0689394 2.09211e-05
0.069697 2.09526e-05
0.0704545 2.08731e-05
0.0712121 2.05734e-05
0.0719697 1.98908e-05
0.0727273 1.86896e-05
0.0734848 1.70886e-05
0.0742424 1.56273e-05
