0 8.63087 	0 	0 	
0.000757576 8.62191 	0.0105594 	-3.6891e-13 	
0.00151515 8.59524 	0.0209185 	-1.51237e-12 	
0.00227273 8.55107 	0.0310488 	-1.47542e-12 	
0.0030303 8.49002 	0.0408259 	-1.79153e-12 	
0.00378788 8.41288 	0.0501364 	-2.46801e-12 	
0.00454545 8.32047 	0.0588651 	-2.66017e-12 	
0.00530303 8.21367 	0.0669359 	-1.90531e-12 	
0.00606061 8.09486 	0.0742973 	-3.49777e-12 	
0.00681818 7.96375 	0.0808438 	-2.15586e-12 	
0.00757576 7.82307 	0.0865847 	-2.37473e-12 	
0.00833333 7.6733 	0.0914561 	-2.57414e-12 	
0.00909091 7.51575 	0.095437 	-2.73901e-12 	
0.00984848 7.35329 	0.0985873 	-4.81152e-12 	
0.0106061 7.18308 	0.100694 	-2.41533e-12 	
0.0113636 7.01046 	0.102016 	-2.57941e-12 	
0.0121212 6.83476 	0.102493 	-3.7698e-12 	
0.0128788 6.65471 	0.101971 	-1.93074e-12 	
0.0136364 6.47415 	0.100686 	-1.31018e-12 	
0.0143939 6.29311 	0.0986381 	-9.8011e-13 	
0.0151515 6.1119 	0.0958467 	-6.82397e-13 	
0.0159091 5.93114 	0.092355 	-4.2381e-13 	
0.0166667 5.75222 	0.088263 	-1.02599e-13 	
0.0174242 5.5754 	0.0836267 	1.42769e-13 	
0.0181818 5.39873 	0.0782081 	-1.2926e-13 	
0.0189394 5.22474 	0.0722792 	2.09777e-13 	
0.019697 5.05378 	0.0659332 	4.15509e-13 	
0.0204545 4.88751 	0.0593641 	1.19952e-12 	
0.0212121 4.72273 	0.052143 	9.01658e-13 	
0.0219697 4.56238 	0.0446381 	9.51584e-13 	
0.0227273 4.40701 	0.0370946 	2.07397e-12 	
0.0234848 4.25449 	0.0290091 	1.29656e-12 	
0.0242424 4.10665 	0.0208381 	1.35927e-12 	
0.025 3.96457 	0.0126713 	2.24185e-12 	
0.0257576 3.82688 	0.00423881 	1.72506e-12 	
0.0265152 3.6944 	-0.00403533 	3.56208e-12 	
0.0272727 3.569 	-0.0123672 	2.13024e-12 	
0.0280303 3.44834 	-0.0204582 	4.61336e-12 	
0.0287879 3.33746 	-0.0282804 	2.50294e-12 	
0.0295455 3.23052 	-0.0358712 	5.12982e-12 	
0.030303 3.13626 	-0.0428982 	2.83272e-12 	
0.0310606 3.04563 	-0.0497052 	4.97999e-12 	
0.0318182 2.9712 	-0.0555291 	3.04635e-12 	
0.0325758 2.9019 	-0.0610966 	3.29953e-12 	
0.0333333 2.85205 	-0.0645163 	3.8196e-12 	
0.0340909 2.81845 	-0.0661116 	3.8121e-12 	
0.0348485 2.78878 	-0.0673592 	8.4368e-12 	
0.0356061 2.78561 	-0.0657935 	4.7057e-12 	
0.0363636 2.78202 	-0.06435 	7.31983e-12 	
0.0371212 2.78129 	-0.0628593 	7.32354e-12 	
0.0378788 2.78239 	-0.06141 	6.23852e-12 	
0.0386364 2.78349 	-0.0600206 	1.09797e-11 	
0.0393939 2.78459 	-0.0586449 	6.55747e-12 	
0.0401515 2.78566 	-0.057347 	7.5093e-12 	
0.0409091 2.78672 	-0.0560925 	1.56242e-11 	
0.0416667 2.78772 	-0.0548525 	8.2744e-12 	
0.0424242 2.78869 	-0.0536782 	1.06985e-11 	
0.0431818 2.78965 	-0.0525444 	2.28915e-11 	
0.0439394 2.79055 	-0.0514162 	1.02279e-11 	
0.044697 2.79143 	-0.0503496 	3.52508e-12 	
0.0454545 2.79229 	-0.0493128 	1.94174e-12 	
0.0462121 2.79311 	-0.0482762 	1.12603e-12 	
0.0469697 2.79389 	-0.047297 	-3.72914e-12 	
0.0477273 2.79467 	-0.0463354 	-9.90414e-12 	
0.0484848 2.7954 	-0.0453996 	-1.12827e-11 	
0.0492424 2.7961 	-0.0444921 	-6.6754e-12 	
0.05 2.79678 	-0.0436125 	-5.67827e-12 	
0.0507576 2.79745 	-0.0427623 	-1.06154e-11 	
0.0515152 2.79807 	-0.0418985 	-5.94951e-12 	
0.0522727 2.79865 	-0.0410811 	-2.14174e-12 	
0.0530303 2.79924 	-0.0402714 	1.16683e-12 	
0.0537879 2.7998 	-0.0394902 	2.0465e-12 	
0.0545455 2.80031 	-0.0387238 	8.30585e-13 	
0.055303 2.8008 	-0.0379985 	-7.24958e-13 	
0.0560606 2.80129 	-0.0372789 	-2.59555e-12 	
0.0568182 2.80176 	-0.0365758 	-4.6839e-12 	
0.0575758 2.80216 	-0.0358511 	-2.22789e-12 	
0.0583333 2.80256 	-0.0351646 	-4.94293e-12 	
0.0590909 2.80295 	-0.0344802 	-8.05708e-12 	
0.0598485 2.80333 	-0.0338172 	-1.52841e-11 	
0.0606061 2.80364 	-0.0331818 	-8.47468e-12 	
0.0613636 2.80393 	-0.0325792 	-5.12073e-12 	
0.0621212 2.80422 	-0.0319819 	-2.43844e-12 	
0.0628788 2.80451 	-0.0313989 	-2.79517e-12 	
0.0636364 2.80475 	-0.0308617 	-2.67439e-12 	
0.0643939 2.80497 	-0.0303307 	-2.15891e-12 	
0.0651515 2.80522 	-0.0297494 	-3.40682e-12 	
0.0659091 2.8055 	-0.0290724 	-6.33865e-12 	
0.0666667 2.80567 	-0.0285448 	-2.75254e-12 	
0.0674242 2.80584 	-0.0280087 	-3.69488e-12 	
0.0681818 2.80597 	-0.0274759 	-5.81842e-12 	
0.0689394 2.8061 	-0.0269485 	-6.14058e-12 	
0.069697 2.8062 	-0.0264418 	-1.19982e-12 	
0.0704545 2.80628 	-0.0259374 	-1.42399e-12 	
0.0712121 2.80634 	-0.0254422 	-9.9998e-13 	
0.0719697 2.8064 	-0.0249555 	-2.0489e-12 	
0.0727273 2.80644 	-0.024477 	-1.18941e-12 	
0.0734848 2.80647 	-0.0240054 	-1.20213e-12 	
0.0742424 2.80651 	-0.0235433 	-2.1892e-12 	
