0 20.4853 	0.000955804 	4.17313e-05 	
0.000757576 20.1739 	0.0764275 	-9.14986e-13 	
0.00151515 19.3425 	0.137224 	-5.50373e-13 	
0.00227273 18.2194 	0.178967 	2.34943e-14 	
0.0030303 16.9746 	0.204366 	2.74541e-13 	
0.00378788 15.6975 	0.216518 	4.4112e-13 	
0.00454545 14.4347 	0.21762 	4.5637e-13 	
0.00530303 13.21 	0.209507 	5.35383e-13 	
0.00606061 12.0435 	0.194016 	1.61839e-12 	
0.00681818 10.9392 	0.171961 	1.62156e-12 	
0.00757576 9.90383 	0.145031 	1.96656e-12 	
0.00833333 8.93893 	0.114146 	1.94989e-12 	
0.00909091 8.0435 	0.0803459 	2.19285e-12 	
0.00984848 7.2156 	0.044643 	4.64279e-12 	
0.0106061 6.45481 	0.0073304 	3.93833e-12 	
0.0113636 5.75914 	-0.030162 	4.88505e-12 	
0.0121212 5.13437 	-0.0666712 	8.11522e-12 	
0.0128788 4.57908 	-0.101694 	5.98738e-12 	
0.0136364 4.09304 	-0.134152 	6.67547e-12 	
0.0143939 3.67573 	-0.163228 	7.41836e-12 	
0.0151515 3.33156 	-0.187922 	8.40442e-12 	
0.0159091 3.06976 	-0.206298 	9.20266e-12 	
0.0166667 2.90397 	-0.214747 	6.34795e-12 	
0.0174242 2.84189 	-0.210919 	1.16797e-11 	
0.0181818 2.8396 	-0.201178 	9.63175e-12 	
0.0189394 2.84125 	-0.192456 	8.70737e-12 	
0.019697 2.84454 	-0.184294 	8.17521e-12 	
0.0204545 2.84776 	-0.176662 	1.00899e-11 	
0.0212121 2.85085 	-0.169525 	2.97438e-12 	
0.0219697 2.85382 	-0.162882 	2.19871e-12 	
0.0227273 2.85669 	-0.15662 	1.30364e-12 	
0.0234848 2.85942 	-0.150733 	2.19874e-13 	
0.0242424 2.86206 	-0.145165 	-6.98158e-14 	
0.025 2.86459 	-0.139918 	1.23718e-12 	
0.0257576 2.867 	-0.13498 	1.02237e-12 	
0.0265152 2.86935 	-0.130262 	1.10592e-12 	
0.0272727 2.87156 	-0.125803 	-7.42635e-13 	
0.0280303 2.87372 	-0.121534 	-4.87507e-12 	
0.0287879 2.87576 	-0.117489 	-2.91809e-12 	
0.0295455 2.87775 	-0.113602 	-4.48689e-12 	
0.030303 2.87962 	-0.109912 	-1.16188e-12 	
0.0310606 2.88145 	-0.106351 	2.66094e-12 	
0.0318182 2.88318 	-0.102966 	2.01374e-12 	
0.0325758 2.88485 	-0.0996947 	1.74162e-12 	
0.0333333 2.88646 	-0.0965586 	1.74071e-12 	
0.0340909 2.88798 	-0.0935761 	7.5465e-13 	
0.0348485 2.88948 	-0.0906669 	9.68862e-13 	
0.0356061 2.89087 	-0.0878893 	5.63852e-13 	
0.0363636 2.89224 	-0.0851725 	1.0628e-12 	
0.0371212 2.89355 	-0.0825724 	1.06378e-12 	
0.0378788 2.89478 	-0.0800865 	7.94382e-13 	
0.0386364 2.896 	-0.0776398 	9.68935e-13 	
0.0393939 2.89714 	-0.0752936 	1.21502e-12 	
0.0401515 2.89823 	-0.0730242 	3.4132e-12 	
0.0409091 2.89932 	-0.0708039 	7.11166e-12 	
0.0416667 2.90031 	-0.0686701 	4.01742e-12 	
0.0424242 2.90128 	-0.0665913 	2.97574e-12 	
0.0431818 2.90225 	-0.0645574 	4.05503e-12 	
0.0439394 2.90311 	-0.0626029 	1.69014e-12 	
0.044697 2.90396 	-0.0606999 	-7.54668e-13 	
0.0454545 2.90481 	-0.0588262 	-3.06204e-12 	
0.0462121 2.90558 	-0.0570136 	-2.05312e-12 	
0.0469697 2.90632 	-0.0552628 	-1.28562e-12 	
0.0477273 2.90705 	-0.0535184 	-6.61971e-13 	
0.0484848 2.90775 	-0.0518394 	-7.55848e-13 	
0.0492424 2.90838 	-0.0502196 	-2.65914e-12 	
0.05 2.90901 	-0.0486151 	-5.45756e-12 	
0.0507576 2.90963 	-0.0470415 	-1.01171e-11 	
0.0515152 2.91018 	-0.0455103 	-6.12755e-12 	
0.0522727 2.9107 	-0.044024 	-3.03804e-12 	
0.0530303 2.91123 	-0.0425377 	5.1465e-14 	
0.0537879 2.91175 	-0.0410955 	6.02832e-13 	
0.0545455 2.91218 	-0.039707 	-1.34771e-13 	
0.055303 2.91261 	-0.0383461 	-1.62864e-12 	
0.0560606 2.91304 	-0.0369851 	-3.12251e-12 	
0.0568182 2.91345 	-0.0356629 	-5.12028e-12 	
0.0575758 2.91379 	-0.0343632 	-2.67357e-12 	
0.0583333 2.91412 	-0.0330876 	-1.25218e-12 	
0.0590909 2.91446 	-0.0318121 	1.69213e-13 	
0.0598485 2.91479 	-0.0305638 	6.78445e-13 	
0.0606061 2.91504 	-0.0293719 	3.22221e-13 	
0.0613636 2.91528 	-0.0282094 	-5.08459e-13 	
0.0621212 2.91552 	-0.0270468 	-1.33914e-12 	
0.0628788 2.91577 	-0.0258968 	-2.34665e-12 	
0.0636364 2.91596 	-0.0248235 	-2.24842e-12 	
0.0643939 2.91612 	-0.023748 	-1.11559e-12 	
0.0651515 2.91628 	-0.0226415 	-4.80245e-14 	
0.0659091 2.91645 	-0.0214719 	4.8682e-13 	
0.0666667 2.91657 	-0.0204278 	-4.37205e-14 	
0.0674242 2.91669 	-0.0193734 	-4.03187e-13 	
0.0681818 2.91677 	-0.0183401 	-3.25668e-12 	
0.0689394 2.91683 	-0.0173148 	-3.63844e-12 	
0.069697 2.91688 	-0.0162983 	-1.91788e-12 	
0.0704545 2.91692 	-0.0153112 	-1.89937e-12 	
0.0712121 2.91693 	-0.0143281 	-1.24182e-12 	
0.0719697 2.91692 	-0.0133558 	4.89402e-13 	
0.0727273 2.9169 	-0.0123929 	5.829e-13 	
0.0734848 2.91687 	-0.0114464 	-6.90773e-13 	
0.0742424 2.91683 	-0.0105077 	-1.94836e-12 	
