0 3.53012
0.000757576 3.53166
0.00151515 3.53752
0.00227273 3.54667
0.0030303 3.55813
0.00378788 3.57067
0.00454545 3.58282
0.00530303 3.59304
0.00606061 3.59976
0.00681818 3.60148
0.00757576 3.59703
0.00833333 3.58509
0.00909091 3.56466
0.00984848 3.53583
0.0106061 3.49599
0.0113636 3.44739
0.0121212 3.38887
0.0128788 3.31881
0.0136364 3.23979
0.0143939 3.15175
0.0151515 3.05494
0.0159091 2.94995
0.0166667 2.83829
0.0174242 2.7208
0.0181818 2.59467
0.0189394 2.46326
0.019697 2.32788
0.0204545 2.19157
0.0212121 2.04913
0.0219697 1.90479
0.0227273 1.76205
0.0234848 1.61527
0.0242424 1.46918
0.025 1.32611
0.0257576 1.18221
0.0265152 1.04253
0.0272727 0.905458
0.0280303 0.773113
0.0287879 0.64781
0.0295455 0.526848
0.030303 0.418001
0.0310606 0.313356
0.0318182 0.226504
0.0325758 0.145737
0.0333333 0.0872855
0.0340909 0.0480287
0.0348485 0.0131787
0.0356061 0.00806291
0.0363636 0.00253508
0.0371212 0.000272376
0.0378788 0.000150761
0.0386364 4.45727e-05
0.0393939 2.70227e-05
0.0401515 2.61673e-05
0.0409091 2.55181e-05
0.0416667 2.54913e-05
0.0424242 2.54874e-05
0.0431818 2.54849e-05
0.0439394 2.5486e-05
0.044697 2.54875e-05
0.0454545 2.54891e-05
0.0462121 2.54907e-05
0.0469697 2.54925e-05
0.0477273 2.54943e-05
0.0484848 2.54962e-05
0.0492424 2.5498e-05
0.05 2.54998e-05
0.0507576 2.55019e-05
0.0515152 2.55035e-05
0.0522727 2.55053e-05
0.0530303 2.5507e-05
0.0537879 2.5509e-05
0.0545455 2.55104e-05
0.055303 2.5512e-05
0.0560606 2.55137e-05
0.0568182 2.55154e-05
0.0575758 2.55165e-05
0.0583333 2.55177e-05
0.0590909 2.5519e-05
0.0598485 2.55204e-05
0.0606061 2.55213e-05
0.0613636 2.55223e-05
0.0621212 2.55234e-05
0.0628788 2.55246e-05
0.0636364 2.55262e-05
0.0643939 2.55282e-05
0.0651515 2.55307e-05
0.0659091 2.55353e-05
0.0666667 2.55462e-05
0.0674242 2.55621e-05
0.0681818 2.56001e-05
0.0689394 2.56616e-05
0.069697 2.57557e-05
0.0704545 2.58797e-05
0.0712121 2.59279e-05
0.0719697 2.56992e-05
0.0727273 2.48537e-05
0.0734848 2.32039e-05
0.0742424 2.12847e-05
