0 6.27012 	2.50258e-05 	1.09265e-06 	
0.000757576 6.268 	0.00358495 	1.22834e-12 	
0.00151515 6.26147 	0.00711644 	9.18424e-13 	
0.00227273 6.25059 	0.0106121 	1.193e-12 	
0.0030303 6.23538 	0.0140499 	1.4569e-12 	
0.00378788 6.21589 	0.017409 	1.86716e-12 	
0.00454545 6.19213 	0.0206662 	2.47856e-12 	
0.00530303 6.16413 	0.023808 	1.96642e-12 	
0.00606061 6.13221 	0.0268246 	3.51845e-12 	
0.00681818 6.09604 	0.0296905 	1.85881e-12 	
0.00757576 6.05623 	0.0324096 	2.59896e-12 	
0.00833333 6.01275 	0.0349634 	1.93037e-12 	
0.00909091 5.96594 	0.0373464 	1.7321e-12 	
0.00984848 5.91626 	0.0395726 	3.48076e-12 	
0.0106061 5.86268 	0.0415849 	1.23348e-12 	
0.0113636 5.80689 	0.0434374 	1.44252e-12 	
0.0121212 5.74887 	0.0451068 	2.01532e-12 	
0.0128788 5.68762 	0.0465534 	1.30081e-12 	
0.0136364 5.62435 	0.0478126 	9.10194e-13 	
0.0143939 5.55929 	0.0488836 	9.28823e-13 	
0.0151515 5.49252 	0.0497598 	9.19458e-13 	
0.0159091 5.42428 	0.0504447 	9.6917e-13 	
0.0166667 5.35486 	0.0509453 	8.48113e-13 	
0.0174242 5.28441 	0.0512671 	6.07056e-13 	
0.0181818 5.21173 	0.0513318 	2.5708e-13 	
0.0189394 5.13821 	0.0512055 	3.13082e-13 	
0.019697 5.06474 	0.0509283 	3.30178e-13 	
0.0204545 4.99145 	0.0505226 	5.56273e-13 	
0.0212121 4.91575 	0.0498192 	6.52705e-13 	
0.0219697 4.84058 	0.0489789 	4.35142e-13 	
0.0227273 4.76645 	0.0480631 	4.40301e-13 	
0.0234848 4.6897 	0.0468055 	-3.55119e-14 	
0.0242424 4.61491 	0.0455065 	-2.37944e-13 	
0.025 4.53986 	0.0440364 	-1.05179e-12 	
0.0257576 4.46438 	0.0423554 	-5.19694e-13 	
0.0265152 4.39068 	0.040655 	-2.62591e-12 	
0.0272727 4.31543 	0.0386391 	-1.01065e-12 	
0.0280303 4.24286 	0.0366943 	-3.20992e-12 	
0.0287879 4.16857 	0.0343962 	-1.26254e-12 	
0.0295455 4.09714 	0.0322011 	-3.32324e-12 	
0.030303 4.02445 	0.0296808 	-1.31902e-12 	
0.0310606 3.95422 	0.0272325 	-2.40348e-12 	
0.0318182 3.88364 	0.0245538 	-1.18215e-12 	
0.0325758 3.81477 	0.0218547 	-1.1425e-12 	
0.0333333 3.74717 	0.0190986 	-1.26455e-12 	
0.0340909 3.67975 	0.0161654 	1.94826e-13 	
0.0348485 3.61505 	0.0133702 	1.35084e-12 	
0.0356061 3.55003 	0.0102719 	8.2584e-13 	
0.0363636 3.4872 	0.00727295 	3.40427e-12 	
0.0371212 3.42582 	0.0042254 	3.40619e-12 	
0.0378788 3.36549 	0.00106715 	1.73309e-12 	
0.0386364 3.30728 	-0.00196784 	5.40974e-12 	
0.0393939 3.25097 	-0.00509139 	2.11078e-12 	
0.0401515 3.1966 	-0.00818314 	3.17195e-12 	
0.0409091 3.14399 	-0.011159 	9.36224e-12 	
0.0416667 3.09509 	-0.0141023 	3.34882e-12 	
0.0424242 3.04806 	-0.0169804 	5.00196e-12 	
0.0431818 3.00227 	-0.0197636 	1.2821e-11 	
0.0439394 2.96304 	-0.0224563 	5.39892e-12 	
0.044697 2.9259 	-0.0250596 	9.76325e-13 	
0.0454545 2.88931 	-0.0276181 	2.11439e-12 	
0.0462121 2.86457 	-0.0291801 	9.0015e-13 	
0.0469697 2.84487 	-0.0303379 	-3.77184e-13 	
0.0477273 2.82528 	-0.0315141 	-1.34679e-12 	
0.0484848 2.81228 	-0.0321533 	-1.50993e-12 	
0.0492424 2.80941 	-0.0319505 	-1.66574e-13 	
0.05 2.80706 	-0.0317259 	1.92102e-12 	
0.0507576 2.80412 	-0.0315798 	4.44079e-12 	
0.0515152 2.80411 	-0.0313279 	2.5563e-12 	
0.0522727 2.80457 	-0.0310774 	-2.96042e-12 	
0.0530303 2.80501 	-0.0308426 	-1.10547e-11 	
0.0537879 2.80543 	-0.0306214 	-1.89156e-11 	
0.0545455 2.80586 	-0.0304038 	-8.48383e-12 	
0.055303 2.80629 	-0.0301979 	-3.30601e-12 	
0.0560606 2.80671 	-0.0300069 	-8.23133e-13 	
0.0568182 2.80711 	-0.0298281 	-5.669e-13 	
0.0575758 2.80746 	-0.0296371 	-9.42643e-13 	
0.0583333 2.8078 	-0.029457 	-3.44192e-12 	
0.0590909 2.80813 	-0.0292877 	-7.78564e-12 	
0.0598485 2.80846 	-0.0291338 	-1.4617e-11 	
0.0606061 2.80873 	-0.0289836 	-8.18038e-12 	
0.0613636 2.80898 	-0.0288402 	-3.61769e-12 	
0.0621212 2.80924 	-0.028702 	-8.62637e-13 	
0.0628788 2.80949 	-0.0285845 	-1.83051e-12 	
0.0636364 2.8097 	-0.0284718 	-1.75298e-12 	
0.0643939 2.80989 	-0.0283617 	-7.72988e-13 	
0.0651515 2.81013 	-0.0282338 	1.38005e-13 	
0.0659091 2.81042 	-0.0280925 	6.75227e-13 	
0.0666667 2.81058 	-0.0279816 	-7.3007e-13 	
0.0674242 2.81075 	-0.0278902 	-2.73244e-12 	
0.0681818 2.81088 	-0.0277784 	4.2393e-13 	
0.0689394 2.811 	-0.027685 	6.09937e-13 	
0.069697 2.81111 	-0.0276079 	-3.39937e-12 	
0.0704545 2.8112 	-0.0275121 	-1.1439e-12 	
0.0712121 2.81128 	-0.0274263 	-4.53297e-13 	
0.0719697 2.81136 	-0.0273524 	-3.71345e-12 	
0.0727273 2.81142 	-0.0272825 	-2.87719e-12 	
0.0734848 2.81147 	-0.0272082 	-5.43859e-12 	
0.0742424 2.81151 	-0.0271442 	-2.96337e-12 	
