0 13.5563 	0.000174798 	-7.63185e-06 	
0.000757576 13.5049 	0.0352978 	4.08171e-13 	
0.00151515 13.3502 	0.0686142 	1.23463e-12 	
0.00227273 13.1013 	0.099031 	2.20339e-12 	
0.0030303 12.7708 	0.1254 	2.77057e-12 	
0.00378788 12.3735 	0.147 	3.23846e-12 	
0.00454545 11.9241 	0.163415 	3.45162e-12 	
0.00530303 11.4358 	0.174617 	2.45224e-12 	
0.00606061 10.925 	0.180975 	4.24665e-12 	
0.00681818 10.3965 	0.182429 	1.3009e-12 	
0.00757576 9.86578 	0.17985 	2.07929e-12 	
0.00833333 9.33529 	0.173406 	1.37301e-12 	
0.00909091 8.81301 	0.163728 	1.31107e-12 	
0.00984848 8.30392 	0.151419 	4.96819e-12 	
0.0106061 7.80293 	0.136084 	1.22712e-12 	
0.0113636 7.32274 	0.11912 	3.04752e-12 	
0.0121212 6.86111 	0.10059 	5.03351e-12 	
0.0128788 6.41592 	0.0803412 	3.62232e-12 	
0.0136364 5.99144 	0.0591721 	2.45798e-12 	
0.0143939 5.58846 	0.0373561 	1.88243e-12 	
0.0151515 5.20743 	0.0151445 	2.05956e-12 	
0.0159091 4.849 	-0.00716496 	2.80248e-12 	
0.0166667 4.51436 	-0.0291653 	3.76904e-12 	
0.0174242 4.2039 	-0.0505256 	4.41199e-12 	
0.0181818 3.92028 	-0.0709912 	1.98235e-12 	
0.0189394 3.66299 	-0.0901275 	2.5169e-13 	
0.019697 3.43348 	-0.10762 	4.06236e-13 	
0.0204545 3.23086 	-0.123451 	1.42919e-12 	
0.0212121 3.06716 	-0.136537 	-3.12607e-12 	
0.0219697 2.94236 	-0.145296 	-1.54755e-12 	
0.0227273 2.85054 	-0.150537 	-7.11868e-12 	
0.0234848 2.82543 	-0.14725 	-6.2229e-13 	
0.0242424 2.8106 	-0.143388 	-1.02129e-12 	
0.025 2.81158 	-0.138197 	-4.48812e-12 	
0.0257576 2.81339 	-0.133353 	-1.57769e-12 	
0.0265152 2.81559 	-0.128968 	-1.25717e-11 	
0.0272727 2.81777 	-0.124612 	-2.90756e-12 	
0.0280303 2.81985 	-0.120613 	-7.11779e-12 	
0.0287879 2.82187 	-0.116661 	-1.20008e-12 	
0.0295455 2.82382 	-0.113033 	-6.2686e-13 	
0.030303 2.82571 	-0.109434 	2.24533e-13 	
0.0310606 2.82753 	-0.106113 	6.42707e-12 	
0.0318182 2.82929 	-0.102837 	2.84432e-12 	
0.0325758 2.83099 	-0.0997575 	-1.07472e-12 	
0.0333333 2.83263 	-0.0967905 	-1.12925e-12 	
0.0340909 2.83421 	-0.0938846 	1.9834e-12 	
0.0348485 2.83574 	-0.0911954 	6.45799e-12 	
0.0356061 2.83721 	-0.0884927 	1.98122e-12 	
0.0363636 2.83863 	-0.0859741 	5.33517e-12 	
0.0371212 2.84 	-0.0835125 	5.33815e-12 	
0.0378788 2.84132 	-0.0810968 	1.29664e-12 	
0.0386364 2.8426 	-0.0788425 	4.12695e-12 	
0.0393939 2.84382 	-0.0765942 	1.99031e-12 	
0.0401515 2.845 	-0.0744272 	1.27028e-12 	
0.0409091 2.84615 	-0.0723817 	4.1166e-12 	
0.0416667 2.84723 	-0.0703276 	1.46027e-12 	
0.0424242 2.84828 	-0.0683599 	-4.89433e-13 	
0.0431818 2.84931 	-0.0664855 	-2.22936e-12 	
0.0439394 2.85027 	-0.0646129 	-6.29563e-13 	
0.044697 2.85121 	-0.0628017 	-1.91863e-13 	
0.0454545 2.85213 	-0.0610869 	-6.53e-13 	
0.0462121 2.85298 	-0.05937 	-3.94373e-13 	
0.0469697 2.8538 	-0.0576874 	-7.47547e-13 	
0.0477273 2.85461 	-0.0560898 	-2.27772e-12 	
0.0484848 2.85538 	-0.0545164 	-2.55074e-12 	
0.0492424 2.8561 	-0.0529575 	-1.05669e-12 	
0.05 2.8568 	-0.0514668 	-2.33372e-12 	
0.0507576 2.8575 	-0.0500221 	-5.95168e-12 	
0.0515152 2.85812 	-0.0485751 	-3.24588e-12 	
0.0522727 2.85872 	-0.0471514 	-4.75904e-13 	
0.0530303 2.85931 	-0.0457869 	5.1322e-13 	
0.0537879 2.85989 	-0.0444479 	8.74323e-13 	
0.0545455 2.86039 	-0.0431349 	3.95121e-13 	
0.055303 2.86089 	-0.0418493 	-1.94421e-12 	
0.0560606 2.86138 	-0.0406134 	-7.02296e-12 	
0.0568182 2.86185 	-0.0393891 	-1.10068e-11 	
0.0575758 2.86224 	-0.0381555 	-5.16488e-12 	
0.0583333 2.86264 	-0.036944 	-2.18999e-12 	
0.0590909 2.86302 	-0.0357735 	-3.95554e-12 	
0.0598485 2.8634 	-0.0346189 	-7.42948e-12 	
0.0606061 2.8637 	-0.0335106 	-4.15627e-12 	
0.0613636 2.86399 	-0.0324139 	-1.57972e-12 	
0.0621212 2.86427 	-0.0313483 	-1.78305e-12 	
0.0628788 2.86455 	-0.0303086 	-3.9303e-12 	
0.0636364 2.86478 	-0.0293342 	-3.75828e-12 	
0.0643939 2.86497 	-0.0284166 	-1.57166e-12 	
0.0651515 2.86518 	-0.0273987 	-4.28315e-13 	
0.0659091 2.86542 	-0.0261961 	-2.25499e-12 	
0.0666667 2.86556 	-0.0252479 	-3.59995e-13 	
0.0674242 2.86571 	-0.0242667 	-1.2912e-12 	
0.0681818 2.86582 	-0.0233174 	-1.47911e-12 	
0.0689394 2.86592 	-0.0223672 	-1.95342e-12 	
0.069697 2.866 	-0.0214289 	-2.98453e-12 	
0.0704545 2.86605 	-0.0205182 	-1.3793e-12 	
0.0712121 2.86608 	-0.0196164 	-2.48181e-13 	
0.0719697 2.8661 	-0.0187202 	-4.48206e-13 	
0.0727273 2.8661 	-0.0178372 	3.57895e-13 	
0.0734848 2.86608 	-0.0169683 	-6.67229e-13 	
0.0742424 2.86608 	-0.0161096 	-2.81161e-12 	
