0 8.22658
0.000757576 8.26225
0.00151515 8.36329
0.00227273 8.50625
0.0030303 8.65985
0.00378788 8.79179
0.00454545 8.87406
0.00530303 8.88667
0.00606061 8.82028
0.00681818 8.66777
0.00757576 8.43713
0.00833333 8.13197
0.00909091 7.7645
0.00984848 7.34687
0.0106061 6.87669
0.0113636 6.3806
0.0121212 5.86371
0.0128788 5.32571
0.0136364 4.78257
0.0143939 4.2409
0.0151515 3.70652
0.0159091 3.18526
0.0166667 2.68375
0.0174242 2.20729
0.0181818 1.76278
0.0189394 1.3554
0.019697 0.990519
0.0204545 0.667323
0.0212121 0.407857
0.0219697 0.212074
0.0227273 0.0693102
0.0234848 0.0286927
0.0242424 0.00321992
0.025 0.000919166
0.0257576 7.74885e-05
0.0265152 5.0042e-05
0.0272727 4.5271e-05
0.0280303 4.50239e-05
0.0287879 4.49973e-05
0.0295455 4.49904e-05
0.030303 4.49877e-05
0.0310606 4.49867e-05
0.0318182 4.49871e-05
0.0325758 4.49889e-05
0.0333333 4.49915e-05
0.0340909 4.4995e-05
0.0348485 4.49993e-05
0.0356061 4.50039e-05
0.0363636 4.50093e-05
0.0371212 4.50148e-05
0.0378788 4.50204e-05
0.0386364 4.50268e-05
0.0393939 4.50325e-05
0.0401515 4.50388e-05
0.0409091 4.50456e-05
0.0416667 4.50513e-05
0.0424242 4.50576e-05
0.0431818 4.50644e-05
0.0439394 4.50699e-05
0.044697 4.50759e-05
0.0454545 4.50825e-05
0.0462121 4.50878e-05
0.0469697 4.50932e-05
0.0477273 4.50992e-05
0.0484848 4.51046e-05
0.0492424 4.51091e-05
0.05 4.51144e-05
0.0507576 4.51201e-05
0.0515152 4.5124e-05
0.0522727 4.51281e-05
0.0530303 4.51328e-05
0.0537879 4.51375e-05
0.0545455 4.51406e-05
0.055303 4.5144e-05
0.0560606 4.51481e-05
0.0568182 4.51521e-05
0.0575758 4.51543e-05
0.0583333 4.51569e-05
0.0590909 4.51601e-05
0.0598485 4.51636e-05
0.0606061 4.5165e-05
0.0613636 4.51666e-05
0.0621212 4.51688e-05
0.0628788 4.51714e-05
0.0636364 4.5173e-05
0.0643939 4.51737e-05
0.0651515 4.5175e-05
0.0659091 4.51773e-05
0.0666667 4.51782e-05
0.0674242 4.51805e-05
0.0681818 4.5185e-05
0.0689394 4.52004e-05
0.069697 4.52301e-05
0.0704545 4.53576e-05
0.0712121 4.56997e-05
0.0719697 4.64663e-05
0.0727273 4.76965e-05
0.0734848 4.84128e-05
0.0742424 4.69082e-05
