0 7.54266 	0 	0 	
0.000757576 7.5373 	0.00671284 	1.86052e-13 	
0.00151515 7.52189 	0.0133461 	1.3905e-13 	
0.00227273 7.49632 	0.0198758 	-2.77782e-13 	
0.0030303 7.46082 	0.026246 	2.49517e-13 	
0.00378788 7.41571 	0.0324118 	1.20423e-12 	
0.00454545 7.3613 	0.0383137 	9.73963e-13 	
0.00530303 7.29801 	0.0439158 	3.08633e-13 	
0.00606061 7.22676 	0.0491852 	1.77138e-13 	
0.00681818 7.14765 	0.0540722 	3.48349e-13 	
0.00757576 7.0617 	0.058569 	5.00675e-13 	
0.00833333 6.96925 	0.0626399 	5.99393e-13 	
0.00909091 6.87095 	0.0662666 	6.59364e-13 	
0.00984848 6.76803 	0.0694572 	8.69358e-13 	
0.0106061 6.65946 	0.0721203 	6.30841e-13 	
0.0113636 6.54758 	0.0743418 	5.08562e-13 	
0.0121212 6.43227 	0.0760975 	4.6762e-13 	
0.0128788 6.31312 	0.0773042 	3.30738e-13 	
0.0136364 6.19204 	0.0780535 	3.71529e-13 	
0.0143939 6.06894 	0.0783322 	5.37132e-13 	
0.0151515 5.94424 	0.0781464 	8.57169e-13 	
0.0159091 5.81834 	0.0775082 	1.06906e-12 	
0.0166667 5.69162 	0.0764363 	5.04077e-13 	
0.0174242 5.56531 	0.0749946 	-2.46112e-14 	
0.0181818 5.43764 	0.0730168 	-6.32994e-13 	
0.0189394 5.31053 	0.0706569 	-2.68055e-13 	
0.019697 5.18387 	0.0679531 	1.15927e-13 	
0.0204545 5.05842 	0.0649796 	6.38491e-13 	
0.0212121 4.9335 	0.0615352 	8.33523e-13 	
0.0219697 4.80984 	0.0577957 	1.02573e-12 	
0.0227273 4.68793 	0.0538951 	1.60217e-12 	
0.0234848 4.56734 	0.04954 	1.247e-12 	
0.0242424 4.44839 	0.0450102 	1.18299e-12 	
0.025 4.33181 	0.0403065 	8.59899e-13 	
0.0257576 4.21744 	0.0353034 	9.39797e-13 	
0.0265152 4.10508 	0.0302612 	1.30598e-12 	
0.0272727 3.99564 	0.0248922 	1.31031e-12 	
0.0280303 3.88814 	0.0195712 	1.97584e-12 	
0.0287879 3.78432 	0.0139633 	1.88532e-12 	
0.0295455 3.68224 	0.00843262 	2.75288e-12 	
0.030303 3.58477 	0.00272083 	3.11393e-12 	
0.0310606 3.48881 	-0.00293162 	4.56174e-12 	
0.0318182 3.399 	-0.0085394 	4.97568e-12 	
0.0325758 3.31164 	-0.0140754 	6.33042e-12 	
0.0333333 3.22938 	-0.019448 	6.70548e-12 	
0.0340909 3.15284 	-0.0245879 	7.14346e-12 	
0.0348485 3.07776 	-0.0296709 	9.8085e-12 	
0.0356061 3.01484 	-0.0343409 	7.81149e-12 	
0.0363636 2.95223 	-0.0389798 	8.36432e-12 	
0.0371212 2.90152 	-0.0426468 	8.71064e-12 	
0.0378788 2.86013 	-0.0455626 	1.04777e-11 	
0.0386364 2.81936 	-0.0484236 	1.40775e-11 	
0.0393939 2.80345 	-0.0487647 	1.00911e-11 	
0.0401515 2.79218 	-0.0486616 	5.8718e-12 	
0.0409091 2.78168 	-0.0485031 	3.98583e-12 	
0.0416667 2.78167 	-0.0475555 	2.87036e-12 	
0.0424242 2.78198 	-0.0466008 	2.40029e-12 	
0.0431818 2.78236 	-0.0456684 	2.83152e-12 	
0.0439394 2.78317 	-0.0448715 	1.26314e-12 	
0.044697 2.78398 	-0.0441086 	-2.87171e-13 	
0.0454545 2.78479 	-0.0433527 	-1.76871e-12 	
0.0462121 2.78555 	-0.042616 	-1.53689e-12 	
0.0469697 2.78628 	-0.0419083 	-1.6273e-12 	
0.0477273 2.78701 	-0.0412007 	-1.71772e-12 	
0.0484848 2.78771 	-0.04052 	-1.78431e-12 	
0.0492424 2.78836 	-0.0398873 	-2.769e-12 	
0.05 2.789 	-0.0392567 	-3.85506e-12 	
0.0507576 2.78964 	-0.0386365 	-5.78366e-12 	
0.0515152 2.79021 	-0.0380331 	-4.4946e-12 	
0.0522727 2.79077 	-0.0374549 	-4.34365e-12 	
0.0530303 2.79132 	-0.0368767 	-4.1927e-12 	
0.0537879 2.79186 	-0.0363151 	-5.29518e-12 	
0.0545455 2.79233 	-0.0357914 	-4.03647e-12 	
0.055303 2.7928 	-0.0352836 	-3.86923e-12 	
0.0560606 2.79327 	-0.0347758 	-3.70198e-12 	
0.0568182 2.79372 	-0.034279 	-4.60981e-12 	
0.0575758 2.7941 	-0.0337869 	-5.52933e-12 	
0.0583333 2.79447 	-0.033309 	-8.59746e-12 	
0.0590909 2.79485 	-0.0328312 	-1.16656e-11 	
0.0598485 2.79522 	-0.0323638 	-1.75652e-11 	
0.0606061 2.7955 	-0.0319372 	-1.15679e-11 	
0.0613636 2.79578 	-0.0315309 	-7.74226e-12 	
0.0621212 2.79606 	-0.0311246 	-3.91665e-12 	
0.0628788 2.79633 	-0.0307208 	-6.95725e-13 	
0.0636364 2.79657 	-0.0303577 	-6.76517e-13 	
0.0643939 2.79681 	-0.0299672 	-1.77973e-13 	
0.0651515 2.79706 	-0.029573 	3.38954e-13 	
0.0659091 2.79732 	-0.0291458 	5.80466e-13 	
0.0666667 2.79749 	-0.0287934 	-2.77109e-12 	
0.0674242 2.79766 	-0.0284385 	-5.58169e-12 	
0.0681818 2.79779 	-0.0280823 	-5.93659e-12 	
0.0689394 2.79792 	-0.0277337 	-5.61485e-12 	
0.069697 2.79803 	-0.0274021 	-4.55408e-12 	
0.0704545 2.79811 	-0.0270681 	-5.78181e-12 	
0.0712121 2.79818 	-0.0267441 	-2.48277e-12 	
0.0719697 2.79825 	-0.0264263 	-1.45542e-12 	
0.0727273 2.7983 	-0.0261144 	-5.60679e-14 	
0.0734848 2.79835 	-0.0258096 	-2.71501e-12 	
0.0742424 2.79838 	-0.0255103 	-3.03484e-12 	
