0 1.87047
0.000757576 1.87086
0.00151515 1.87204
0.00227273 1.87391
0.0030303 1.87633
0.00378788 1.87914
0.00454545 1.8821
0.00530303 1.88496
0.00606061 1.88744
0.00681818 1.8893
0.00757576 1.89029
0.00833333 1.89012
0.00909091 1.88854
0.00984848 1.88537
0.0106061 1.88008
0.0113636 1.87279
0.0121212 1.86333
0.0128788 1.85107
0.0136364 1.83624
0.0143939 1.81873
0.0151515 1.79847
0.0159091 1.77543
0.0166667 1.74968
0.0174242 1.72132
0.0181818 1.6892
0.0189394 1.65455
0.019697 1.61775
0.0204545 1.57897
0.0212121 1.53596
0.0219697 1.4917
0.0227273 1.44618
0.0234848 1.39627
0.0242424 1.34619
0.025 1.29383
0.0257576 1.23965
0.0265152 1.18515
0.0272727 1.12755
0.0280303 1.07102
0.0287879 1.01117
0.0295455 0.952812
0.030303 0.891898
0.0310606 0.832018
0.0318182 0.771155
0.0325758 0.710208
0.0333333 0.650461
0.0340909 0.589834
0.0348485 0.531229
0.0356061 0.47254
0.0363636 0.415065
0.0371212 0.360127
0.0378788 0.306942
0.0386364 0.255034
0.0393939 0.207969
0.0401515 0.163313
0.0409091 0.119532
0.0416667 0.0879797
0.0424242 0.0587197
0.0431818 0.0291957
0.0439394 0.0192585
0.044697 0.0116748
0.0454545 0.00342589
0.0462121 0.00106684
0.0469697 0.000707687
0.0477273 0.000315371
0.0484848 2.84516e-05
0.0492424 2.48618e-05
0.05 2.21593e-05
0.0507576 1.81277e-05
0.0515152 1.75277e-05
0.0522727 1.75133e-05
0.0530303 1.74986e-05
0.0537879 1.74787e-05
0.0545455 1.74793e-05
0.055303 1.748e-05
0.0560606 1.74807e-05
0.0568182 1.74815e-05
0.0575758 1.74822e-05
0.0583333 1.74829e-05
0.0590909 1.74837e-05
0.0598485 1.74845e-05
0.0606061 1.74858e-05
0.0613636 1.74872e-05
0.0621212 1.74886e-05
0.0628788 1.749e-05
0.0636364 1.74934e-05
0.0643939 1.74988e-05
0.0651515 1.75051e-05
0.0659091 1.7514e-05
0.0666667 1.7527e-05
0.0674242 1.75382e-05
0.0681818 1.7538e-05
0.0689394 1.74977e-05
0.069697 1.74055e-05
0.0704545 1.70994e-05
0.0712121 1.65301e-05
0.0719697 1.56116e-05
0.0727273 1.43596e-05
0.0734848 1.30027e-05
0.0742424 1.19258e-05
