0 10.3595 	0.000183552 	8.01405e-06 	
0.000757576 10.3413 	0.0185759 	-3.62322e-12 	
0.00151515 10.2865 	0.0366347 	-2.68974e-12 	
0.00227273 10.1965 	0.053959 	-2.4475e-12 	
0.0030303 10.0733 	0.0701963 	-2.5335e-12 	
0.00378788 9.9196 	0.0850544 	-2.36528e-12 	
0.00454545 9.73816 	0.0982579 	-1.47104e-12 	
0.00530303 9.53198 	0.109631 	-4.88129e-13 	
0.00606061 9.30615 	0.119115 	2.19205e-13 	
0.00681818 9.06189 	0.126518 	7.99388e-13 	
0.00757576 8.80473 	0.131983 	9.53459e-13 	
0.00833333 8.53717 	0.135486 	1.05926e-12 	
0.00909091 8.2621 	0.13712 	1.07352e-12 	
0.00984848 7.98268 	0.137079 	2.63578e-12 	
0.0106061 7.6974 	0.135086 	1.28933e-12 	
0.0113636 7.41219 	0.131669 	1.4886e-12 	
0.0121212 7.12943 	0.126924 	2.4389e-12 	
0.0128788 6.84579 	0.12057 	1.16245e-12 	
0.0136364 6.56619 	0.113067 	7.76449e-13 	
0.0143939 6.29126 	0.104502 	5.8074e-13 	
0.0151515 6.02167 	0.0949777 	4.16443e-13 	
0.0159091 5.75818 	0.0846148 	3.11381e-13 	
0.0166667 5.50192 	0.0735594 	4.73217e-13 	
0.0174242 5.25315 	0.0619261 	-5.88386e-13 	
0.0181818 5.01051 	0.0494818 	-9.7531e-13 	
0.0189394 4.77726 	0.0367351 	-1.02284e-12 	
0.019697 4.55304 	0.0238073 	-1.18574e-12 	
0.0204545 4.33794 	0.0107602 	-2.59828e-12 	
0.0212121 4.13113 	-0.00269847 	-2.02969e-12 	
0.0219697 3.93706 	-0.0157639 	-2.24597e-12 	
0.0227273 3.75255 	-0.0285905 	-5.58655e-12 	
0.0234848 3.58213 	-0.0410492 	-3.3741e-12 	
0.0242424 3.42304 	-0.0528647 	-3.53218e-12 	
0.025 3.27774 	-0.0640116 	-4.50937e-12 	
0.0257576 3.14937 	-0.0741624 	-3.19752e-12 	
0.0265152 3.03154 	-0.0837275 	-4.04735e-12 	
0.0272727 2.94264 	-0.0906676 	-2.03871e-12 	
0.0280303 2.86108 	-0.0970505 	-2.87412e-12 	
0.0287879 2.82628 	-0.0975815 	-1.26856e-13 	
0.0295455 2.79636 	-0.0976967 	2.36116e-12 	
0.030303 2.79166 	-0.0951057 	1.38974e-12 	
0.0310606 2.79069 	-0.0922629 	3.08919e-12 	
0.0318182 2.79141 	-0.0896441 	1.70336e-12 	
0.0325758 2.79301 	-0.0871608 	2.49179e-12 	
0.0333333 2.79455 	-0.0847803 	2.80915e-12 	
0.0340909 2.79607 	-0.0824562 	-2.30183e-12 	
0.0348485 2.79755 	-0.0802482 	-6.93721e-12 	
0.0356061 2.79896 	-0.0780969 	-1.36308e-12 	
0.0363636 2.80034 	-0.0760304 	4.96308e-12 	
0.0371212 2.80167 	-0.0740525 	4.96584e-12 	
0.0378788 2.80296 	-0.0721329 	3.63115e-12 	
0.0386364 2.80422 	-0.0702897 	6.86994e-12 	
0.0393939 2.80541 	-0.0684881 	3.56455e-12 	
0.0401515 2.80657 	-0.0667553 	4.36502e-12 	
0.0409091 2.80771 	-0.065096 	9.73138e-12 	
0.0416667 2.80878 	-0.0634577 	4.4694e-12 	
0.0424242 2.80983 	-0.0618752 	3.89621e-12 	
0.0431818 2.81086 	-0.0603613 	7.04216e-12 	
0.0439394 2.81182 	-0.0588676 	3.59449e-12 	
0.044697 2.81276 	-0.0574259 	2.59438e-12 	
0.0454545 2.81368 	-0.0560346 	3.92353e-12 	
0.0462121 2.81454 	-0.0546598 	2.38809e-12 	
0.0469697 2.81537 	-0.0533326 	2.85192e-14 	
0.0477273 2.81619 	-0.0520312 	-2.15243e-12 	
0.0484848 2.81697 	-0.0507795 	-2.45257e-12 	
0.0492424 2.8177 	-0.0495537 	-2.71253e-12 	
0.05 2.81842 	-0.0483501 	-4.8502e-12 	
0.0507576 2.81913 	-0.0471981 	-9.98507e-12 	
0.0515152 2.81977 	-0.0460424 	-5.63649e-12 	
0.0522727 2.82038 	-0.0449231 	-1.91876e-12 	
0.0530303 2.821 	-0.0438132 	1.34845e-12 	
0.0537879 2.82159 	-0.0427551 	2.17078e-12 	
0.0545455 2.82211 	-0.0417172 	7.28283e-13 	
0.055303 2.82262 	-0.0407102 	-3.0599e-12 	
0.0560606 2.82314 	-0.0397136 	-7.32034e-12 	
0.0568182 2.82362 	-0.038752 	-1.15017e-11 	
0.0575758 2.82404 	-0.0377718 	-5.88134e-12 	
0.0583333 2.82445 	-0.036819 	-4.38067e-12 	
0.0590909 2.82486 	-0.03587 	-3.2406e-12 	
0.0598485 2.82526 	-0.0349614 	-6.10534e-12 	
0.0606061 2.82557 	-0.0340901 	-3.40614e-12 	
0.0613636 2.82587 	-0.0332424 	-4.15798e-12 	
0.0621212 2.82617 	-0.0323982 	-5.49653e-12 	
0.0628788 2.82646 	-0.0315816 	-9.65699e-12 	
0.0636364 2.82671 	-0.0308305 	-9.2354e-12 	
0.0643939 2.82693 	-0.0300843 	-4.48948e-12 	
0.0651515 2.82716 	-0.029266 	-7.76597e-13 	
0.0659091 2.82743 	-0.0283425 	2.42601e-13 	
0.0666667 2.8276 	-0.0275972 	-6.14222e-13 	
0.0674242 2.82777 	-0.0268393 	-1.78357e-12 	
0.0681818 2.8279 	-0.0260892 	-1.96838e-12 	
0.0689394 2.82801 	-0.0253499 	-2.06236e-12 	
0.069697 2.82811 	-0.0246229 	-1.12785e-12 	
0.0704545 2.82818 	-0.02391 	-1.81624e-12 	
0.0712121 2.82823 	-0.0232072 	2.26137e-13 	
0.0719697 2.82827 	-0.0225126 	1.54124e-12 	
0.0727273 2.82829 	-0.0218293 	2.75515e-12 	
0.0734848 2.82831 	-0.0211547 	-1.11214e-12 	
0.0742424 2.82832 	-0.0204918 	-2.14033e-12 	
