0 7.2024
0.000757576 7.80131
0.00151515 9.20262
0.00227273 10.6805
0.0030303 11.8225
0.00378788 12.5087
0.00454545 12.7449
0.00530303 12.5876
0.00606061 12.1153
0.00681818 11.3899
0.00757576 10.4912
0.00833333 9.47272
0.00909091 8.38424
0.00984848 7.26627
0.0106061 6.14025
0.0113636 5.04334
0.0121212 4.00893
0.0128788 3.05354
0.0136364 2.19984
0.0143939 1.46034
0.0151515 0.852248
0.0159091 0.396866
0.0166667 0.11608
0.0174242 0.0125049
0.0181818 0.00307092
0.0189394 0.000184741
0.019697 7.19189e-05
0.0204545 6.9946e-05
0.0212121 6.99026e-05
0.0219697 6.98762e-05
0.0227273 6.98669e-05
0.0234848 6.98659e-05
0.0242424 6.98679e-05
0.025 6.98745e-05
0.0257576 6.98838e-05
0.0265152 6.98952e-05
0.0272727 6.99085e-05
0.0280303 6.9923e-05
0.0287879 6.99384e-05
0.0295455 6.99549e-05
0.030303 6.99712e-05
0.0310606 6.99884e-05
0.0318182 7.0005e-05
0.0325758 7.00221e-05
0.0333333 7.00387e-05
0.0340909 7.00554e-05
0.0348485 7.00725e-05
0.0356061 7.00878e-05
0.0363636 7.01037e-05
0.0371212 7.01189e-05
0.0378788 7.01337e-05
0.0386364 7.0149e-05
0.0393939 7.01623e-05
0.0401515 7.01759e-05
0.0409091 7.01901e-05
0.0416667 7.02017e-05
0.0424242 7.0214e-05
0.0431818 7.0227e-05
0.0439394 7.02371e-05
0.044697 7.0248e-05
0.0454545 7.02594e-05
0.0462121 7.02686e-05
0.0469697 7.02781e-05
0.0477273 7.02878e-05
0.0484848 7.02968e-05
0.0492424 7.03046e-05
0.05 7.03128e-05
0.0507576 7.03217e-05
0.0515152 7.03278e-05
0.0522727 7.03346e-05
0.0530303 7.03414e-05
0.0537879 7.03489e-05
0.0545455 7.03534e-05
0.055303 7.03589e-05
0.0560606 7.03644e-05
0.0568182 7.03706e-05
0.0575758 7.03739e-05
0.0583333 7.03781e-05
0.0590909 7.03823e-05
0.0598485 7.03875e-05
0.0606061 7.03894e-05
0.0613636 7.03923e-05
0.0621212 7.03953e-05
0.0628788 7.03988e-05
0.0636364 7.04011e-05
0.0643939 7.04026e-05
0.0651515 7.04044e-05
0.0659091 7.04069e-05
0.0666667 7.04077e-05
0.0674242 7.04093e-05
0.0681818 7.04099e-05
0.0689394 7.04121e-05
0.069697 7.0416e-05
0.0704545 7.0443e-05
0.0712121 7.05785e-05
0.0719697 7.11391e-05
0.0727273 7.3118e-05
0.0734848 7.76199e-05
0.0742424 8.11098e-05
