0 23.9167 	1.45486e-09 	6.35154e-11 	
0.000757576 23.916 	0.00014349 	3.16585e-13 	
0.00151515 23.9112 	0.000460738 	2.07122e-12 	
0.00227273 23.7691 	0.00775693 	-2.3611e-13 	
0.0030303 22.2108 	0.0812365 	2.49934e-13 	
0.00378788 19.4045 	0.162978 	1.38987e-13 	
0.00454545 16.4667 	0.196261 	-1.19655e-12 	
0.00530303 13.7116 	0.184385 	-9.9985e-13 	
0.00606061 11.2491 	0.13954 	-2.64456e-12 	
0.00681818 9.0887 	0.0710583 	-4.41778e-13 	
0.00757576 7.24252 	-0.00974176 	-2.57394e-12 	
0.00833333 5.70437 	-0.0945609 	-1.16839e-12 	
0.00909091 4.48107 	-0.174136 	-4.48301e-13 	
0.00984848 3.56178 	-0.241486 	4.58495e-12 	
0.0106061 3.02006 	-0.280319 	1.28688e-12 	
0.0113636 2.84494 	-0.279478 	2.94629e-12 	
0.0121212 2.83696 	-0.262446 	5.58864e-12 	
0.0128788 2.84502 	-0.246551 	2.3218e-12 	
0.0136364 2.85266 	-0.23224 	1.16447e-12 	
0.0143939 2.8598 	-0.219373 	9.00112e-13 	
0.0151515 2.86647 	-0.207737 	6.0339e-13 	
0.0159091 2.87271 	-0.197153 	2.54748e-13 	
0.0166667 2.87854 	-0.187465 	4.04844e-12 	
0.0174242 2.884 	-0.178543 	3.33633e-12 	
0.0181818 2.8891 	-0.170239 	7.00127e-12 	
0.0189394 2.89388 	-0.162494 	5.6443e-13 	
0.019697 2.89834 	-0.155386 	8.0713e-13 	
0.0204545 2.90253 	-0.148807 	4.21717e-12 	
0.0212121 2.90644 	-0.142545 	1.43866e-12 	
0.0219697 2.91012 	-0.13666 	5.30001e-13 	
0.0227273 2.91358 	-0.131257 	-1.29704e-12 	
0.0234848 2.91681 	-0.126034 	1.52321e-12 	
0.0242424 2.91986 	-0.121176 	2.30813e-12 	
0.025 2.92273 	-0.116575 	2.18276e-12 	
0.0257576 2.92542 	-0.112153 	6.95687e-13 	
0.0265152 2.92798 	-0.108058 	-3.10161e-13 	
0.0272727 2.93036 	-0.104038 	-2.47702e-14 	
0.0280303 2.93264 	-0.100352 	5.38843e-13 	
0.0287879 2.93475 	-0.0966994 	2.88998e-14 	
0.0295455 2.93679 	-0.093346 	-1.55302e-12 	
0.030303 2.93867 	-0.0900266 	-2.45044e-13 	
0.0310606 2.94048 	-0.0869437 	-4.01695e-13 	
0.0318182 2.94217 	-0.0839223 	-1.74869e-13 	
0.0325758 2.94379 	-0.0810614 	-1.25188e-12 	
0.0333333 2.94532 	-0.0783039 	-1.42023e-12 	
0.0340909 2.94675 	-0.0756266 	1.20652e-12 	
0.0348485 2.94815 	-0.0730999 	4.98137e-12 	
0.0356061 2.94942 	-0.0706111 	7.75423e-13 	
0.0363636 2.95066 	-0.0682718 	3.45319e-12 	
0.0371212 2.95183 	-0.0659874 	3.4551e-12 	
0.0378788 2.95293 	-0.0637561 	-5.21619e-13 	
0.0386364 2.95401 	-0.0616528 	-3.14771e-12 	
0.0393939 2.95499 	-0.0595864 	-1.51753e-12 	
0.0401515 2.95593 	-0.0575889 	4.36791e-13 	
0.0409091 2.95686 	-0.0556701 	1.44645e-12 	
0.0416667 2.95769 	-0.0537954 	5.04186e-13 	
0.0424242 2.9585 	-0.0519839 	5.36194e-13 	
0.0431818 2.9593 	-0.0502312 	1.58843e-12 	
0.0439394 2.96 	-0.0485249 	6.2094e-13 	
0.044697 2.96069 	-0.0468646 	-7.18898e-13 	
0.0454545 2.96137 	-0.0452644 	-2.42789e-12 	
0.0462121 2.96198 	-0.0436994 	-1.46941e-12 	
0.0469697 2.96257 	-0.0421588 	7.40719e-14 	
0.0477273 2.96314 	-0.0406936 	5.51877e-13 	
0.0484848 2.96368 	-0.0392488 	6.29377e-13 	
0.0492424 2.96416 	-0.0378327 	1.42849e-13 	
0.05 2.96464 	-0.0364707 	-3.42622e-12 	
0.0507576 2.96512 	-0.0351313 	-8.28217e-12 	
0.0515152 2.96553 	-0.0338279 	-4.6505e-12 	
0.0522727 2.96592 	-0.0325341 	1.10259e-13 	
0.0530303 2.96631 	-0.031302 	1.96533e-12 	
0.0537879 2.9667 	-0.0300755 	3.38878e-12 	
0.0545455 2.96701 	-0.0288915 	1.49979e-12 	
0.055303 2.96732 	-0.027719 	-3.61647e-13 	
0.0560606 2.96763 	-0.0265908 	-2.11659e-12 	
0.0568182 2.96792 	-0.0254677 	-3.33527e-12 	
0.0575758 2.96816 	-0.0243735 	-1.54819e-12 	
0.0583333 2.9684 	-0.0232857 	9.6817e-14 	
0.0590909 2.96863 	-0.022239 	8.24227e-13 	
0.0598485 2.96886 	-0.0211923 	1.55164e-12 	
0.0606061 2.96903 	-0.0201904 	8.66259e-13 	
0.0613636 2.9692 	-0.0191903 	1.25522e-13 	
0.0621212 2.96936 	-0.0182232 	-7.05083e-14 	
0.0628788 2.96953 	-0.0172628 	-1.55445e-13 	
0.0636364 2.96966 	-0.0163451 	-1.4864e-13 	
0.0643939 2.96975 	-0.0154644 	-6.21468e-14 	
0.0651515 2.96985 	-0.0145511 	8.03967e-13 	
0.0659091 2.96996 	-0.0135778 	2.6023e-12 	
0.0666667 2.97003 	-0.0127052 	5.36625e-14 	
0.0674242 2.9701 	-0.0118171 	4.25089e-13 	
0.0681818 2.97014 	-0.0109606 	-1.21616e-13 	
0.0689394 2.97017 	-0.0101048 	-1.66862e-13 	
0.069697 2.9702 	-0.00925215 	8.28453e-13 	
0.0704545 2.97021 	-0.0084281 	-3.42952e-13 	
0.0712121 2.97021 	-0.00760966 	-3.20245e-13 	
0.0719697 2.97019 	-0.00679436 	3.2248e-13 	
0.0727273 2.97015 	-0.00598872 	2.38397e-13 	
0.0734848 2.97011 	-0.00519664 	-2.03248e-13 	
0.0742424 2.97006 	-0.00440954 	1.31509e-13 	
