0 0.843126
0.000757576 0.814784
0.00151515 0.732162
0.00227273 0.895462
0.0030303 4.4326
0.00378788 9.53171
0.00454545 12.4386
0.00530303 13.0569
0.00606061 12.0719
0.00681818 10.0967
0.00757576 7.69195
0.00833333 5.22318
0.00909091 3.03352
0.00984848 1.31848
0.0106061 0.332588
0.0113636 0.0265049
0.0121212 0.000267103
0.0128788 0.000145663
0.0136364 0.000143853
0.0143939 0.000143843
0.0151515 0.000143888
0.0159091 0.000143954
0.0166667 0.000144033
0.0174242 0.00014412
0.0181818 0.000144211
0.0189394 0.000144302
0.019697 0.000144393
0.0204545 0.000144485
0.0212121 0.000144572
0.0219697 0.000144655
0.0227273 0.000144739
0.0234848 0.000144813
0.0242424 0.000144888
0.025 0.000144959
0.0257576 0.000145023
0.0265152 0.000145089
0.0272727 0.000145144
0.0280303 0.000145206
0.0287879 0.000145253
0.0295455 0.000145308
0.030303 0.00014535
0.0310606 0.000145399
0.0318182 0.000145438
0.0325758 0.000145479
0.0333333 0.000145517
0.0340909 0.00014555
0.0348485 0.000145589
0.0356061 0.000145614
0.0363636 0.000145647
0.0371212 0.000145675
0.0378788 0.000145698
0.0386364 0.000145729
0.0393939 0.000145748
0.0401515 0.00014577
0.0409091 0.000145797
0.0416667 0.000145811
0.0424242 0.00014583
0.0431818 0.000145854
0.0439394 0.000145865
0.044697 0.00014588
0.0454545 0.0001459
0.0462121 0.000145911
0.0469697 0.00014592
0.0477273 0.000145938
0.0484848 0.000145951
0.0492424 0.000145957
0.05 0.000145969
0.0507576 0.000145984
0.0515152 0.00014599
0.0522727 0.000145994
0.0530303 0.000146007
0.0537879 0.000146019
0.0545455 0.000146021
0.055303 0.000146025
0.0560606 0.000146036
0.0568182 0.000146045
0.0575758 0.000146046
0.0583333 0.000146047
0.0590909 0.000146056
0.0598485 0.000146066
0.0606061 0.000146065
0.0613636 0.000146064
0.0621212 0.00014607
0.0628788 0.000146077
0.0636364 0.00014608
0.0643939 0.000146078
0.0651515 0.000146079
0.0659091 0.000146086
0.0666667 0.000146083
0.0674242 0.000146089
0.0681818 0.000146086
0.0689394 0.000146088
0.069697 0.00014609
0.0704545 0.000146089
0.0712121 0.000146095
0.0719697 0.000146168
0.0727273 0.000147001
0.0734848 0.000153734
0.0742424 0.000178577
