0 5.27677
0.000757576 5.28355
0.00151515 5.30323
0.00227273 5.33308
0.0030303 5.36898
0.00378788 5.40595
0.00454545 5.43851
0.00530303 5.46125
0.00606061 5.46941
0.00681818 5.45804
0.00757576 5.42488
0.00833333 5.36763
0.00909091 5.28579
0.00984848 5.18028
0.0106061 5.04761
0.0113636 4.89374
0.0121212 4.72106
0.0128788 4.52566
0.0136364 4.31424
0.0143939 4.08886
0.0151515 3.85177
0.0159091 3.60534
0.0166667 3.35217
0.0174242 3.09444
0.0181818 2.82969
0.0189394 2.56587
0.019697 2.30462
0.0204545 2.04651
0.0212121 1.78852
0.0219697 1.5424
0.0227273 1.30403
0.0234848 1.07789
0.0242424 0.865929
0.025 0.669154
0.0257576 0.494934
0.0265152 0.334101
0.0272727 0.213271
0.0280303 0.102369
0.0287879 0.0547262
0.0295455 0.0136303
0.030303 0.00508812
0.0310606 0.0014116
0.0318182 0.00012261
0.0325758 7.711e-05
0.0333333 3.35178e-05
0.0340909 3.31737e-05
0.0348485 3.2716e-05
0.0356061 3.27124e-05
0.0363636 3.27099e-05
0.0371212 3.27083e-05
0.0378788 3.27094e-05
0.0386364 3.27107e-05
0.0393939 3.27124e-05
0.0401515 3.27146e-05
0.0409091 3.2717e-05
0.0416667 3.27195e-05
0.0424242 3.27223e-05
0.0431818 3.27253e-05
0.0439394 3.27281e-05
0.044697 3.27313e-05
0.0454545 3.27346e-05
0.0462121 3.27376e-05
0.0469697 3.27407e-05
0.0477273 3.2744e-05
0.0484848 3.27471e-05
0.0492424 3.27501e-05
0.05 3.27532e-05
0.0507576 3.27565e-05
0.0515152 3.2759e-05
0.0522727 3.27618e-05
0.0530303 3.27646e-05
0.0537879 3.27676e-05
0.0545455 3.27697e-05
0.055303 3.27722e-05
0.0560606 3.27747e-05
0.0568182 3.27772e-05
0.0575758 3.27788e-05
0.0583333 3.27807e-05
0.0590909 3.27826e-05
0.0598485 3.27848e-05
0.0606061 3.27858e-05
0.0613636 3.27871e-05
0.0621212 3.27885e-05
0.0628788 3.27901e-05
0.0636364 3.27914e-05
0.0643939 3.27924e-05
0.0651515 3.27937e-05
0.0659091 3.2796e-05
0.0666667 3.28e-05
0.0674242 3.2807e-05
0.0681818 3.28265e-05
0.0689394 3.2871e-05
0.069697 3.29494e-05
0.0704545 3.31509e-05
0.0712121 3.34754e-05
0.0719697 3.38408e-05
0.0727273 3.38298e-05
0.0734848 3.27121e-05
0.0742424 3.04886e-05
