0 5.84783 	1.69936e-05 	7.41955e-07 	
0.000757576 5.84657 	0.00297177 	7.08391e-14 	
0.00151515 5.84247 	0.0058969 	1.60817e-13 	
0.00227273 5.83556 	0.00879389 	3.44088e-13 	
0.0030303 5.82584 	0.0116431 	5.90262e-13 	
0.00378788 5.81329 	0.0144272 	8.90709e-13 	
0.00454545 5.7979 	0.0171266 	9.65475e-13 	
0.00530303 5.77961 	0.0197298 	7.12963e-13 	
0.00606061 5.75855 	0.0222265 	1.18791e-12 	
0.00681818 5.73429 	0.0245971 	5.67229e-13 	
0.00757576 5.70717 	0.0268472 	6.89511e-13 	
0.00833333 5.67705 	0.0289645 	6.07875e-13 	
0.00909091 5.64416 	0.0309466 	6.07884e-13 	
0.00984848 5.60878 	0.032808 	1.19441e-12 	
0.0106061 5.57011 	0.0345037 	5.24651e-13 	
0.0113636 5.52944 	0.0360807 	6.55983e-13 	
0.0121212 5.48671 	0.037519 	1.02294e-12 	
0.0128788 5.44115 	0.0387908 	7.00085e-13 	
0.0136364 5.39369 	0.0399245 	4.59338e-13 	
0.0143939 5.3445 	0.0409203 	3.58e-13 	
0.0151515 5.29365 	0.0417736 	2.61159e-13 	
0.0159091 5.24136 	0.0424884 	1.5195e-13 	
0.0166667 5.18782 	0.0430692 	-1.05663e-13 	
0.0174242 5.13317 	0.0435203 	-6.56172e-13 	
0.0181818 5.07641 	0.043784 	-7.82048e-13 	
0.0189394 5.01862 	0.0439067 	-5.42866e-13 	
0.019697 4.96065 	0.0439175 	-5.85474e-13 	
0.0204545 4.90261 	0.0438405 	-2.0853e-12 	
0.0212121 4.84222 	0.0435436 	-1.4129e-12 	
0.0219697 4.78194 	0.0431388 	-9.87792e-13 	
0.0227273 4.7224 	0.0426853 	-2.97926e-12 	
0.0234848 4.66019 	0.0419742 	-1.19754e-12 	
0.0242424 4.59948 	0.0412279 	-1.75453e-12 	
0.025 4.53825 	0.040358 	-2.33045e-12 	
0.0257576 4.47624 	0.0393177 	-1.18766e-12 	
0.0265152 4.41566 	0.03827 	-2.67218e-12 	
0.0272727 4.35319 	0.036969 	-9.70925e-13 	
0.0280303 4.29301 	0.0357271 	-2.05518e-12 	
0.0287879 4.2307 	0.0341984 	-5.86857e-13 	
0.0295455 4.1709 	0.0327537 	-7.95529e-13 	
0.030303 4.10932 	0.0310366 	-1.84657e-13 	
0.0310606 4.0499 	0.0293811 	3.52868e-13 	
0.0318182 3.98952 	0.02752 	1.54971e-13 	
0.0325758 3.93051 	0.0256467 	8.22136e-13 	
0.0333333 3.87218 	0.0237046 	9.39382e-13 	
0.0340909 3.81346 	0.0216073 	8.35874e-13 	
0.0348485 3.75727 	0.019621 	3.00808e-12 	
0.0356061 3.69968 	0.017343 	1.16704e-12 	
0.0363636 3.64417 	0.0151534 	3.96879e-12 	
0.0371212 3.58932 	0.0128886 	3.97115e-12 	
0.0378788 3.53467 	0.0105033 	1.49146e-12 	
0.0386364 3.48215 	0.00822723 	3.88193e-12 	
0.0393939 3.4296 	0.0057657 	1.73649e-12 	
0.0401515 3.3782 	0.00329626 	1.71871e-12 	
0.0409091 3.32881 	0.000943899 	5.26841e-12 	
0.0416667 3.27993 	-0.00158858 	1.81514e-12 	
0.0424242 3.23254 	-0.00407654 	2.83211e-12 	
0.0431818 3.1868 	-0.00645865 	7.50773e-12 	
0.0439394 3.14312 	-0.00888775 	3.20868e-12 	
0.044697 3.10089 	-0.011267 	1.84449e-12 	
0.0454545 3.05991 	-0.0135668 	4.4905e-12 	
0.0462121 3.02247 	-0.0158662 	2.73702e-12 	
0.0469697 2.987 	-0.018136 	9.98843e-13 	
0.0477273 2.95248 	-0.0203455 	1.22212e-12 	
0.0484848 2.92213 	-0.0223032 	1.40316e-12 	
0.0492424 2.89766 	-0.02392 	4.02771e-13 	
0.05 2.87445 	-0.0254552 	-1.88103e-13 	
0.0507576 2.85106 	-0.0270264 	-5.7812e-13 	
0.0515152 2.84186 	-0.0274654 	-2.86433e-13 	
0.0522727 2.83565 	-0.0276813 	-2.63577e-12 	
0.0530303 2.82953 	-0.0279075 	-8.06604e-12 	
0.0537879 2.82372 	-0.0281347 	-1.38543e-11 	
0.0545455 2.82376 	-0.0279922 	-6.173e-12 	
0.055303 2.8239 	-0.027864 	-3.70718e-12 	
0.0560606 2.82399 	-0.0277481 	-5.55166e-12 	
0.0568182 2.82408 	-0.0276456 	-8.74672e-12 	
0.0575758 2.82441 	-0.0275724 	-4.06146e-12 	
0.0583333 2.82474 	-0.0275049 	-3.75745e-12 	
0.0590909 2.82506 	-0.0274481 	-6.81489e-12 	
0.0598485 2.82537 	-0.0274036 	-1.28009e-11 	
0.0606061 2.82562 	-0.0273547 	-7.16078e-12 	
0.0613636 2.82587 	-0.0273104 	-3.32103e-12 	
0.0621212 2.82611 	-0.0272719 	-1.87834e-12 	
0.0628788 2.82635 	-0.0272485 	-4.11256e-12 	
0.0636364 2.82656 	-0.0272209 	-3.93357e-12 	
0.0643939 2.82674 	-0.0271894 	-1.6734e-12 	
0.0651515 2.82697 	-0.0271586 	-4.75848e-13 	
0.0659091 2.82727 	-0.0271406 	5.77756e-13 	
0.0666667 2.82742 	-0.0271168 	-6.99167e-13 	
0.0674242 2.82759 	-0.0271193 	-2.10736e-12 	
0.0681818 2.82771 	-0.027096 	-5.65507e-13 	
0.0689394 2.82783 	-0.0270937 	-7.23646e-13 	
0.069697 2.82795 	-0.0271069 	-1.22953e-12 	
0.0704545 2.82804 	-0.0270974 	-1.46966e-12 	
0.0712121 2.82812 	-0.0270976 	-6.93569e-13 	
0.0719697 2.8282 	-0.02711 	-4.01703e-12 	
0.0727273 2.82826 	-0.0271252 	-6.38066e-12 	
0.0734848 2.8283 	-0.0271344 	-4.42197e-12 	
0.0742424 2.82834 	-0.0271532 	-3.79452e-12 	
