0 1.46636
0.000757576 1.46648
0.00151515 1.46684
0.00227273 1.46742
0.0030303 1.46817
0.00378788 1.46902
0.00454545 1.46989
0.00530303 1.47066
0.00606061 1.47125
0.00681818 1.47161
0.00757576 1.47166
0.00833333 1.47125
0.00909091 1.47025
0.00984848 1.46855
0.0106061 1.46585
0.0113636 1.4622
0.0121212 1.45743
0.0128788 1.45118
0.0136364 1.44355
0.0143939 1.43443
0.0151515 1.42373
0.0159091 1.41141
0.0166667 1.39746
0.0174242 1.38191
0.0181818 1.36404
0.0189394 1.34438
0.019697 1.32338
0.0204545 1.30106
0.0212121 1.27588
0.0219697 1.24953
0.0227273 1.22242
0.0234848 1.19194
0.0242424 1.16133
0.025 1.12896
0.0257576 1.09474
0.0265152 1.06042
0.0272727 1.02314
0.0280303 0.986791
0.0287879 0.947111
0.0295455 0.908741
0.030303 0.867395
0.0310606 0.82704
0.0318182 0.784779
0.0325758 0.742541
0.0333333 0.700278
0.0340909 0.656462
0.0348485 0.614556
0.0356061 0.570089
0.0363636 0.526952
0.0371212 0.483957
0.0378788 0.440297
0.0386364 0.39832
0.0393939 0.356236
0.0401515 0.314878
0.0409091 0.275147
0.0416667 0.236788
0.0424242 0.199539
0.0431818 0.16355
0.0439394 0.13183
0.044697 0.101543
0.0454545 0.0718713
0.0462121 0.0516806
0.0469697 0.0354652
0.0477273 0.0193701
0.0484848 0.00855372
0.0492424 0.00578169
0.05 0.00342712
0.0507576 0.000634571
0.0515152 0.000194477
0.0522727 0.000137427
0.0530303 8.01054e-05
0.0537879 1.65878e-05
0.0545455 1.61158e-05
0.055303 1.58067e-05
0.0560606 1.54438e-05
0.0568182 1.50661e-05
0.0575758 1.50644e-05
0.0583333 1.50635e-05
0.0590909 1.50625e-05
0.0598485 1.50611e-05
0.0606061 1.50625e-05
0.0613636 1.50641e-05
0.0621212 1.50656e-05
0.0628788 1.50673e-05
0.0636364 1.50698e-05
0.0643939 1.50733e-05
0.0651515 1.50778e-05
0.0659091 1.50814e-05
0.0666667 1.50744e-05
0.0674242 1.50568e-05
0.0681818 1.49902e-05
0.0689394 1.485e-05
0.069697 1.46123e-05
0.0704545 1.41237e-05
0.0712121 1.33992e-05
0.0719697 1.24152e-05
0.0727273 1.12671e-05
0.0734848 1.0174e-05
0.0742424 9.38387e-06
