1.414163265306122463e+00	6.202469999999999928e+00
1.921408163265306168e+00	5.884800000000000253e+00
1.713000000000000078e+00	7.573780000000000179e+00
1.895908163265306090e+00	6.161469999999999558e+00
1.471744897959183618e+00	6.877049999999999663e+00
1.489520408163265364e+00	7.113500000000000156e+00
1.697551020408163414e+00	6.236430000000000362e+00
1.861438775510204202e+00	5.988760000000000083e+00
1.869316326530612304e+00	6.070940000000000225e+00
1.759806122448979604e+00	5.205490000000000173e+00
1.578112244897959204e+00	6.941410000000000302e+00
1.724520408163265461e+00	6.427190000000000403e+00
1.674693877551020504e+00	6.815520000000000245e+00
1.375938775510204160e+00	7.491139999999999688e+00
1.768397959183673596e+00	7.245280000000000165e+00
1.282816326530612283e+00	7.847620000000000040e+00
1.358734693877551081e+00	7.316580000000000084e+00
1.511418367346938796e+00	7.873280000000000278e+00
1.234285714285714430e+00	8.197729999999999961e+00
1.329081632653061229e+00	7.542180000000000106e+00
1.365581632653061428e+00	8.150230000000000530e+00
1.319438775510203943e+00	7.838320000000000398e+00
1.902683673469387937e+00	3.286340000000000039e+00
1.469520408163265346e+00	7.496249999999999858e+00
1.635142857142857231e+00	5.965270000000000294e+00
1.293632653061224547e+00	8.379300000000000637e+00
1.230071428571428482e+00	7.887730000000000352e+00
1.232163265306122524e+00	8.683880000000000265e+00
1.377051020408163184e+00	7.005130000000000301e+00
1.268214285714285738e+00	8.345679999999999765e+00
1.214397959183673548e+00	8.745609999999999218e+00
7.640959183673469157e-01	8.981090000000000018e+00
9.091397959183674660e-01	8.711000000000000298e+00
1.048499999999999988e+00	8.584770000000000678e+00
8.762010204081633891e-01	8.963969999999999771e+00
4.934897959183673355e-01	9.545360000000000511e+00
8.999255102040817356e-01	8.795270000000000366e+00
9.085867346938775180e-01	8.801360000000000738e+00
1.134142857142857341e+00	9.107549999999999812e+00
2.730377551020408126e-06	9.100609999999999644e+00
9.939295918367347937e-01	6.480680000000000440e+00
1.085836734693877537e+00	8.822549999999999670e+00
3.060520408163265316e-01	1.076260000000000083e+01
1.212908163265306039e+00	7.618660000000000210e+00
8.397775510204082972e-01	9.630860000000000198e+00
1.089275510204081643e+00	8.062889999999999446e+00
1.189214285714285715e-05	9.218429999999999680e+00
1.194112244897959307e+00	8.132220000000000226e+00
1.048602040816326575e+00	8.613500000000000156e+00
7.756857142857143117e-01	9.454370000000000829e+00
1.163938775510203971e+00	6.476740000000000386e+00
1.097632653061224595e+00	8.915250000000000341e+00
7.008357142857142286e-01	1.026859999999999928e+01
1.135173469387755096e+00	8.407280000000000086e+00
1.092387755102040892e+00	8.275909999999999656e+00
1.161214285714285754e+00	9.222260000000000346e+00
7.518775510204082080e-01	9.302590000000000359e+00
5.410081632653062078e-01	9.568540000000000489e+00
5.287275510204082485e-01	9.496900000000000119e+00
4.225530612244897677e-01	8.287359999999999616e+00
8.785132653061223929e-01	9.201859999999999928e+00
4.763795918367346727e-01	8.428179999999999339e+00
9.063000000000001055e-01	9.376860000000000639e+00
1.704653061224489785e-02	9.609640000000000626e+00
1.050081632653061092e+00	9.467869999999999564e+00
8.349673469387755009e-01	9.974199999999999733e+00
1.073642857142857121e+00	8.085539999999999949e+00
7.884122448979592468e-01	9.206810000000000827e+00
9.716040816326529939e-01	9.975339999999999208e+00
8.637204081632653407e-01	9.257279999999999731e+00
8.262663265306121607e-01	9.563449999999999562e+00
1.177704081632653166e+00	8.990909999999999513e+00
1.077387755102040989e+00	7.964780000000000193e+00
9.753938775510204717e-01	8.799039999999999750e+00
1.199244897959183653e+00	8.869979999999999976e+00
7.466663265306122677e-01	1.033840000000000003e+01
8.209734693877551726e-01	1.032339999999999947e+01
8.173612244897959789e-01	9.523389999999999134e+00
8.913581632653061471e-01	7.885259999999999714e+00
2.504755102040816528e-01	1.137270000000000003e+01
6.360377551020408582e-01	9.568020000000000636e+00
5.022653061224490179e-01	1.034440000000000026e+01
7.930397959183673740e-01	9.632250000000000867e+00
8.282357142857141863e-01	8.863530000000000797e+00
6.824102040816326653e-01	9.848250000000000171e+00
1.115306122448979753e+00	1.006119999999999948e+01
6.454479591836734809e-01	8.470489999999999853e+00
8.742867346938775208e-01	8.587379999999999569e+00
3.633836734693877690e-01	9.917970000000000397e+00
8.075755102040815814e-01	9.800840000000000884e+00
3.277734693877551453e-02	1.081150000000000055e+01
8.259336734693877025e-02	9.447800000000000864e+00
2.004397959183673583e-01	1.156770000000000032e+01
1.163704081632652931e+00	8.648279999999999745e+00
4.296387755102041295e-01	1.056470000000000020e+01
4.394275510204082025e-01	1.118979999999999997e+01
4.853153061224489973e-01	1.084820000000000029e+01
6.750459183673469532e-01	1.002420000000000044e+01
1.820418367346938737e-01	1.133569999999999922e+01
5.488275510204082552e-01	1.104620000000000068e+01
9.715193877551021595e-01	8.096130000000000493e+00
1.153285714285714247e+00	8.656209999999999738e+00
2.512795918367347059e-01	1.070420000000000016e+01
7.015622448979591530e-01	1.006220000000000070e+01
3.629836734693877576e-01	1.101950000000000074e+01
7.904806122448980732e-01	8.912860000000000227e+00
6.182479591836734789e-01	9.787910000000000110e+00
9.060408163265306625e-01	9.303969999999999629e+00
1.113275510204081664e+00	8.906190000000000495e+00
5.695316326530612816e-01	9.268259999999999721e+00
1.381622448979591966e-01	1.105659999999999954e+01
9.344306122448979846e-01	8.914989999999999526e+00
4.322275510204082183e-01	9.444129999999999470e+00
5.614632653061224499e-01	1.027769999999999939e+01
3.838724489795918293e-01	1.106329999999999991e+01
5.288459183673469566e-01	9.713219999999999743e+00
4.571010204081632912e-07	1.220459999999999923e+01
3.605193877551020609e-01	9.863390000000000768e+00
2.890397959183673149e-01	8.952410000000000423e+00
2.390857142857142625e-01	1.050799999999999912e+01
6.980551020408163332e-01	1.000859999999999950e+01
7.055755102040816018e-01	9.745350000000000179e+00
1.578540816326530483e-01	9.863730000000000331e+00
1.498163265306122482e-01	1.125229999999999997e+01
4.920612244897958898e-01	9.946559999999999846e+00
5.861938775510204813e-01	9.595370000000000843e+00
1.046051020408163302e-05	8.933550000000000324e+00
6.502000000000000002e-01	1.036139999999999972e+01
1.745989795918367615e-01	1.044999999999999929e+01
8.610561224489796661e-01	9.783730000000000260e+00
4.695938775510204444e-01	1.043909999999999982e+01
9.182142857142856496e-01	1.184590000000000032e+01
5.297622448979592003e-01	9.875339999999999563e+00
4.406551020408163571e-02	1.050779999999999959e+01
5.808163265306122147e-01	9.868639999999999191e+00
6.209775510204081916e-01	9.644220000000000681e+00
4.184193877551020679e-01	1.076270000000000060e+01
5.376357142857143279e-01	1.005760000000000076e+01
1.848255102040816389e-01	9.214610000000000412e+00
3.325877551020408607e-01	9.856709999999999638e+00
1.673887755102040908e-01	1.045960000000000001e+01
8.415173469387754449e-07	1.112759999999999927e+01
1.138795918367347060e+00	1.041929999999999978e+01
3.014520408163265386e-01	9.926149999999999807e+00
3.643591836734694223e-02	1.123399999999999999e+01
9.619785714285715716e-01	9.797359999999999403e+00
5.956918367346938359e-01	9.778380000000000294e+00
1.031846938775510258e+00	9.113419999999999632e+00
8.007744897959183650e-01	9.800959999999999894e+00
5.468551020408163321e-01	1.040019999999999989e+01
9.453806122448979998e-01	9.617070000000000007e+00
5.323551020408163748e-01	1.092399999999999949e+01
3.828438775510204506e-01	1.098910000000000053e+01
1.563959183673469533e-01	1.196380000000000088e+01
5.111438775510204202e-01	1.036930000000000085e+01
9.170224489795918421e-01	9.087880000000000180e+00
6.870683673469388797e-01	1.025050000000000061e+01
3.321897959183673366e-01	1.053250000000000064e+01
1.138683673469387703e+00	7.787110000000000198e+00
4.039030612244898233e-01	1.052560000000000073e+01
3.562234693877551206e-01	7.638429999999999609e+00
3.471775510204082316e-02	1.255429999999999957e+01
7.257377551020408601e-01	9.847189999999999444e+00
1.997704081632653006e-01	1.092159999999999975e+01
8.937020408163265373e-01	1.003960000000000008e+01
4.177693877551020285e-01	1.047949999999999982e+01
1.854336734693877720e-01	1.053790000000000049e+01
2.426969387755102125e-01	1.053470000000000084e+01
3.408397959183673831e-01	1.063129999999999953e+01
3.765132653061224466e-01	1.097550000000000026e+01
2.502612244897959304e-01	1.091750000000000043e+01
5.187489795918367452e-01	1.048090000000000011e+01
5.763142857142857789e-01	1.016799999999999926e+01
2.791459183673469444e-02	1.094289999999999985e+01
6.734999999999999876e-01	9.588419999999999277e+00
5.919102040816326404e-01	1.005610000000000070e+01
9.348081632653061357e-01	1.116189999999999927e+01
3.245071428571428829e-01	1.070870000000000033e+01
2.059397959183673543e-05	1.091920000000000002e+01
1.176448979591836697e+00	8.261029999999999873e+00
2.525142857142857467e-01	1.279030000000000022e+01
5.109704081632653397e-03	1.019689999999999941e+01
5.366591836734694310e-01	9.351720000000000255e+00
2.301173469387755299e-01	1.097400000000000020e+01
3.785561224489796261e-01	1.083810000000000073e+01
1.205979591836734712e-05	1.083079999999999998e+01
2.612765306122449283e-01	1.057450000000000045e+01
6.916326530612245214e-06	1.048709999999999987e+01
7.099571428571428422e-01	1.083460000000000001e+01
6.249397959183673468e-01	1.006370000000000076e+01
6.655530612244899002e-02	1.046889999999999965e+01
3.782132653061224259e-01	1.080860000000000021e+01
1.349836734693877523e-05	1.077560000000000073e+01
5.181408163265306399e-01	9.751480000000000814e+00
2.079102040816326602e-01	1.084570000000000078e+01
2.467795918367347019e-01	9.368100000000000094e+00
2.259989795918367350e-01	1.071059999999999945e+01
1.380826530612244973e-01	1.055160000000000053e+01
7.916387755102041179e-01	1.003969999999999985e+01
5.515275510204081799e-01	1.026529999999999987e+01
4.164897959183673781e-01	1.097240000000000038e+01
8.039071428571428202e-01	9.783939999999999415e+00
1.950163265306122662e-01	1.076239999999999952e+01
6.141010204081632784e-01	1.057259999999999955e+01
2.134102040816326651e-01	9.865040000000000475e+00
1.116408163265306230e+00	8.603619999999999379e+00
2.523581632653061346e-01	1.065210000000000079e+01
5.601204081632653702e-06	1.146160000000000068e+01
1.321163265306122547e-01	1.092750000000000021e+01
1.074867346938775503e+00	9.314009999999999678e+00
6.421153061224489644e-02	1.090980000000000061e+01
4.142357142857142627e-01	1.149009999999999998e+01
9.759795918367347118e-06	1.088170000000000037e+01
8.317724489795917664e-02	1.065010000000000012e+01
2.103673469387755054e-02	1.134459999999999980e+01
2.886112244897959256e-03	1.163540000000000063e+01
2.544204081632652770e-01	1.217050000000000054e+01
1.396163265306122613e-05	1.108210000000000051e+01
5.595755102040816653e-06	1.123840000000000039e+01
2.955500000000000349e-01	1.170749999999999957e+01
4.931163265306122145e-01	1.046000000000000085e+01
2.968214285714285694e-01	1.136250000000000071e+01
8.807755102040816519e-02	1.132419999999999938e+01
4.926683673469387514e-01	1.092699999999999960e+01
3.820051020408163356e-02	1.119040000000000035e+01
1.369714285714285773e-01	1.131419999999999959e+01
4.476193877551020162e-01	1.015939999999999976e+01
4.202602040816327267e-01	1.025660000000000061e+01
3.208520408163265669e-01	1.053500000000000014e+01
6.814989795918368065e-01	9.816570000000000462e+00
1.927112244897959459e-05	1.043919999999999959e+01
3.555163265306122700e-01	1.136459999999999937e+01
1.868989795918367391e-02	1.126290000000000013e+01
3.676081632653060982e-01	1.036400000000000077e+01
5.004020408163265543e-01	1.048840000000000039e+01
1.778561224489796089e-01	1.186320000000000086e+01
2.962622448979591832e-06	1.109259999999999913e+01
1.473397959183673394e-05	1.156969999999999921e+01
3.171122448979591946e-01	1.092089999999999961e+01
6.152377551020408175e-01	1.090199999999999925e+01
1.044448979591836718e-01	1.108460000000000001e+01
4.785122448979591825e-01	1.226909999999999989e+01
1.307132653061224559e-01	1.029989999999999917e+01
2.579959183673469171e-05	1.105209999999999937e+01
2.442642857142857116e-01	1.083970000000000056e+01
2.112948979591836862e-01	1.078979999999999961e+01
1.237663265306122522e-05	1.103870000000000040e+01
1.319122448979591911e-01	1.129289999999999949e+01
1.777877551020408094e-03	1.215889999999999915e+01
2.725836734693877562e-05	1.223859999999999992e+01
9.115040816326530626e-02	1.120700000000000074e+01
9.207928571428572364e-06	1.005569999999999986e+01
1.635224489795918390e-01	1.173639999999999972e+01
2.168326530612245103e-04	1.186580000000000013e+01
2.383000000000000118e-01	1.152800000000000047e+01
1.950826530612245063e-02	1.123680000000000057e+01
2.159061224489796094e-01	1.195609999999999928e+01
2.198030612244898023e-05	1.078200000000000003e+01
9.455938775510204231e-01	1.118340000000000067e+01
2.669897959183673564e-01	1.106199999999999939e+01
2.468683673469387885e-01	1.158549999999999969e+01
1.073673469387755208e+00	1.041769999999999996e+01
2.014959183673469545e-01	1.141249999999999964e+01
4.693081632653060831e-02	1.184859999999999935e+01
8.545693877551021933e-06	1.045989999999999931e+01
4.193806122448980322e-01	1.112500000000000000e+01
7.647785714285714187e-01	1.099080000000000013e+01
2.144887755102041216e-01	1.110239999999999938e+01
1.690173469387755145e-01	1.061219999999999963e+01
1.256275510204081791e-01	1.288230000000000075e+01
2.365438775510204185e-05	1.143399999999999928e+01
4.496561224489796227e-01	1.237459999999999916e+01
5.996428571428571441e-01	1.211860000000000070e+01
4.073193877551020692e-02	1.131160000000000032e+01
2.701785714285714294e-03	1.104729999999999990e+01
1.653540816326530549e-01	1.049680000000000035e+01
2.209112244897959432e-02	1.110689999999999955e+01
2.810459183673469918e-01	1.069100000000000072e+01
1.699867346938775670e-01	9.903549999999999187e+00
4.958826530612245320e-01	1.150399999999999956e+01
5.227765306122449080e-06	1.181450000000000067e+01
2.780561224489795924e-01	1.295700000000000074e+01
3.006530612244898149e-01	1.115690000000000026e+01
5.752397959183673803e-01	1.133840000000000003e+01
2.567418367346938624e-01	1.151709999999999923e+01
1.589010204081632571e-01	1.205949999999999989e+01
8.086459183673469497e-02	1.114189999999999969e+01
2.349602040816326765e-05	1.160560000000000080e+01
3.235602040816326630e-02	1.064010000000000034e+01
6.235928571428571709e-01	1.074869999999999948e+01
1.836295918367347171e-05	1.075300000000000011e+01
3.622928571428572050e-06	1.114049999999999940e+01
1.904673469387755183e-02	1.107590000000000074e+01
3.378897959183673749e-01	1.122850000000000037e+01
1.846224489795918466e-01	1.127899999999999991e+01
1.873918367346938674e-01	1.171230000000000082e+01
2.567989795918367846e-01	1.147550000000000026e+01
7.058897959183673132e-01	9.494389999999999219e+00
2.122306122448979759e-01	1.083769999999999989e+01
4.284061224489796102e-06	1.170630000000000059e+01
2.671755102040816454e-01	1.161149999999999949e+01
2.746724489795918100e-01	1.156099999999999994e+01
2.032938775510204077e-01	1.231649999999999956e+01
7.428153061224490594e-03	1.149109999999999943e+01
6.846989795918367713e-06	1.133249999999999957e+01
7.122040816326530299e-02	1.120350000000000001e+01
1.828295918367346951e-01	1.121640000000000015e+01
2.897510204081633067e-01	1.114860000000000007e+01
2.239214285714285491e-01	1.183569999999999922e+01
4.868551020408163343e-01	1.199810000000000088e+01
9.681826530612246129e-02	1.169669999999999987e+01
2.292255102040816349e-05	1.210440000000000005e+01
4.731897959183673508e-01	1.226650000000000063e+01
1.931642857142857250e-03	1.380850000000000044e+01
3.697061224489796016e-01	1.330860000000000021e+01
4.472795918367346996e-02	1.109249999999999936e+01
2.860622448979591792e-06	1.188860000000000028e+01
1.312469387755102190e-01	1.179119999999999990e+01
4.525632653061224531e-01	1.133689999999999998e+01
1.060591836734693788e-01	1.276009999999999955e+01
9.199234693877551827e-02	1.246969999999999956e+01
4.300683673469388353e-03	1.158929999999999971e+01
1.005641836734693928e-01	1.297039999999999971e+01
3.987255102040817012e-01	1.322100000000000009e+01
2.989051020408163284e-01	1.453120000000000012e+01
1.283755102040816561e-02	1.277960000000000029e+01
1.126377551020408152e+00	7.261739999999999640e+00
9.110642857142856599e-01	7.870989999999999931e+00
1.129387755102040813e+00	7.873230000000000395e+00
