/*--------------------------------*- C++ -*----------------------------------*\
| =========                 |                                                 |
| \\      /  F ield         | OpenFOAM: The Open Source CFD Toolbox           |
|  \\    /   O peration     | Version:  1.7.x                                 |
|   \\  /    A nd           | Web:      www.OpenFOAM.com                      |
|    \\/     M anipulation  |                                                 |
\*---------------------------------------------------------------------------*/
FoamFile
{
    version     2.0;
    format      ascii;
    class       labelList;
    note        "nPoints: 11135 nCells: 5460 nFaces: 21882 nInternalFaces: 10748";
    location    "constant/polyMesh";
    object      neighbour;
}
// * * * * * * * * * * * * * * * * * * * * * * * * * * * * * * * * * * * * * //


10748
(
1
130
2
131
3
132
4
133
5
134
6
135
7
136
8
137
9
138
10
139
11
140
12
141
13
142
14
143
15
144
16
145
17
146
18
147
19
148
20
149
21
150
22
151
23
152
24
153
25
154
26
155
27
156
28
157
29
158
30
159
31
160
32
161
33
162
34
163
35
164
36
165
37
166
38
167
39
168
40
169
41
170
42
171
43
172
44
173
45
174
46
175
47
176
48
177
49
178
50
179
51
180
52
181
53
182
54
183
55
184
56
185
57
186
58
187
59
188
60
189
61
190
62
191
63
192
64
193
65
194
66
195
67
196
68
197
69
198
70
199
71
200
72
201
73
202
74
203
75
204
76
205
77
206
78
207
79
208
80
209
81
210
82
211
83
212
84
213
85
214
86
215
87
216
88
217
89
218
90
219
91
220
92
221
93
222
94
223
95
224
96
225
97
226
98
227
99
228
100
229
101
230
102
231
103
232
104
233
105
234
106
235
107
236
108
237
109
238
110
239
111
240
112
241
113
242
114
243
115
244
116
245
117
246
118
247
119
248
120
249
121
250
122
251
123
252
124
253
125
254
126
255
127
256
128
257
129
258
259
131
260
132
261
133
262
134
263
135
264
136
265
137
266
138
267
139
268
140
269
141
270
142
271
143
272
144
273
145
274
146
275
147
276
148
277
149
278
150
279
151
280
152
281
153
282
154
283
155
284
156
285
157
286
158
287
159
288
160
289
161
290
162
291
163
292
164
293
165
294
166
295
167
296
168
297
169
298
170
299
171
300
172
301
173
302
174
303
175
304
176
305
177
306
178
307
179
308
180
309
181
310
182
311
183
312
184
313
185
314
186
315
187
316
188
317
189
318
190
319
191
320
192
321
193
322
194
323
195
324
196
325
197
326
198
327
199
328
200
329
201
330
202
331
203
332
204
333
205
334
206
335
207
336
208
337
209
338
210
339
211
340
212
341
213
342
214
343
215
344
216
345
217
346
218
347
219
348
220
349
221
350
222
351
223
352
224
353
225
354
226
355
227
356
228
357
229
358
230
359
231
360
232
361
233
362
234
363
235
364
236
365
237
366
238
367
239
368
240
369
241
370
242
371
243
372
244
373
245
374
246
375
247
376
248
377
249
378
250
379
251
380
252
381
253
382
254
383
255
384
256
385
257
386
258
387
259
388
389
261
390
262
391
263
392
264
393
265
394
266
395
267
396
268
397
269
398
270
399
271
400
272
401
273
402
274
403
275
404
276
405
277
406
278
407
279
408
280
409
281
410
282
411
283
412
284
413
285
414
286
415
287
416
288
417
289
418
290
419
291
420
292
421
293
422
294
423
295
424
296
425
297
426
298
427
299
428
300
429
301
430
302
431
303
432
304
433
305
434
306
435
307
436
308
437
309
438
310
439
311
440
312
441
313
442
314
443
315
444
316
445
317
446
318
447
319
448
320
449
321
450
322
451
323
452
324
453
325
454
326
455
327
456
328
457
329
458
330
459
331
460
332
461
333
462
334
463
335
464
336
465
337
466
338
467
339
468
340
469
341
470
342
471
343
472
344
473
345
474
346
475
347
476
348
477
349
478
350
479
351
480
352
481
353
482
354
483
355
484
356
485
357
486
358
487
359
488
360
489
361
490
362
491
363
492
364
493
365
494
366
495
367
496
368
497
369
498
370
499
371
500
372
501
373
502
374
503
375
504
376
505
377
506
378
507
379
508
380
509
381
510
382
511
383
512
384
513
385
514
386
515
387
516
388
517
389
518
519
391
520
392
521
393
522
394
523
395
524
396
525
397
526
398
527
399
528
400
529
401
530
402
531
403
532
404
533
405
534
406
535
407
536
408
537
409
538
410
539
411
540
412
541
413
542
414
543
415
544
416
545
417
546
418
547
419
548
420
549
421
550
422
551
423
552
424
553
425
554
426
555
427
556
428
557
429
558
430
559
431
560
432
561
433
562
434
563
435
564
436
565
437
566
438
567
439
568
440
569
441
570
442
571
443
572
444
573
445
574
446
575
447
576
448
577
449
578
450
579
451
580
452
581
453
582
454
583
455
584
456
585
457
586
458
587
459
588
460
589
461
590
462
591
463
592
464
593
465
594
466
595
467
596
468
597
469
598
470
599
471
600
472
601
473
602
474
603
475
604
476
605
477
606
478
607
479
608
480
609
481
610
482
611
483
612
484
613
485
614
486
615
487
616
488
617
489
618
490
619
491
620
492
621
493
622
494
623
495
624
496
625
497
626
498
627
499
628
500
629
501
630
502
631
503
632
504
633
505
634
506
635
507
636
508
637
509
638
510
639
511
640
512
641
513
642
514
643
515
644
516
645
517
646
518
647
519
648
649
521
650
522
651
523
652
524
653
525
654
526
655
527
656
528
657
529
658
530
659
531
660
532
661
533
662
534
663
535
664
536
665
537
666
538
667
539
668
540
669
541
670
542
671
543
672
544
673
545
674
546
675
547
676
548
677
549
678
550
679
551
680
552
681
553
682
554
683
555
684
556
685
557
686
558
687
559
688
560
689
561
690
562
691
563
692
564
693
565
694
566
695
567
696
568
697
569
698
570
699
571
700
572
701
573
702
574
703
575
704
576
705
577
706
578
707
579
708
580
709
581
710
582
711
583
712
584
713
585
714
586
715
587
716
588
717
589
718
590
719
591
720
592
721
593
722
594
723
595
724
596
725
597
726
598
727
599
728
600
729
601
730
602
731
603
732
604
733
605
734
606
735
607
736
608
737
609
738
610
739
611
740
612
741
613
742
614
743
615
744
616
745
617
746
618
747
619
748
620
749
621
750
622
751
623
752
624
753
625
754
626
755
627
756
628
757
629
758
630
759
631
760
632
761
633
762
634
763
635
764
636
765
637
766
638
767
639
768
640
769
641
770
642
771
643
772
644
773
645
774
646
775
647
776
648
777
649
778
779
651
780
652
781
653
782
654
783
655
784
656
785
657
786
658
787
659
788
660
789
661
790
662
791
663
792
664
793
665
794
666
795
667
796
668
797
669
798
670
799
671
800
672
801
673
802
674
803
675
804
676
805
677
806
678
807
679
808
680
809
681
810
682
811
683
812
684
813
685
814
686
815
687
816
688
817
689
818
690
819
691
820
692
821
693
822
694
823
695
824
696
825
697
826
698
827
699
828
700
829
701
830
702
831
703
832
704
833
705
834
706
835
707
836
708
837
709
838
710
839
711
840
712
841
713
842
714
843
715
844
716
845
717
846
718
847
719
848
720
849
721
850
722
851
723
852
724
853
725
854
726
855
727
856
728
857
729
858
730
859
731
860
732
861
733
862
734
863
735
864
736
865
737
866
738
867
739
868
740
869
741
870
742
871
743
872
744
873
745
874
746
875
747
876
748
877
749
878
750
879
751
880
752
881
753
882
754
883
755
884
756
885
757
886
758
887
759
888
760
889
761
890
762
891
763
892
764
893
765
894
766
895
767
896
768
897
769
898
770
899
771
900
772
901
773
902
774
903
775
904
776
905
777
906
778
907
779
908
909
781
910
782
911
783
912
784
913
785
914
786
915
787
916
788
917
789
918
790
919
791
920
792
921
793
922
794
923
795
924
796
925
797
926
798
927
799
928
800
929
801
930
802
931
803
932
804
933
805
934
806
935
807
936
808
937
809
938
810
939
811
940
812
941
813
942
814
943
815
944
816
945
817
946
818
947
819
948
820
949
821
950
822
951
823
952
824
953
825
954
826
955
827
956
828
957
829
958
830
959
831
960
832
961
833
962
834
963
835
964
836
965
837
966
838
967
839
968
840
969
841
970
842
971
843
972
844
973
845
974
846
975
847
976
848
977
849
978
850
979
851
980
852
981
853
982
854
983
855
984
856
985
857
986
858
987
859
988
860
989
861
990
862
991
863
992
864
993
865
994
866
995
867
996
868
997
869
998
870
999
871
1000
872
1001
873
1002
874
1003
875
1004
876
1005
877
1006
878
1007
879
1008
880
1009
881
1010
882
1011
883
1012
884
1013
885
1014
886
1015
887
1016
888
1017
889
1018
890
1019
891
1020
892
1021
893
1022
894
1023
895
1024
896
1025
897
1026
898
1027
899
1028
900
1029
901
1030
902
1031
903
1032
904
1033
905
1034
906
1035
907
1036
908
1037
909
1038
1039
911
1040
912
1041
913
1042
914
1043
915
1044
916
1045
917
1046
918
1047
919
1048
920
1049
921
1050
922
1051
923
1052
924
1053
925
1054
926
1055
927
1056
928
1057
929
1058
930
1059
931
1060
932
1061
933
1062
934
1063
935
1064
936
1065
937
1066
938
1067
939
1068
940
1069
941
1070
942
1071
943
1072
944
1073
945
1074
946
1075
947
1076
948
1077
949
1078
950
1079
951
1080
952
1081
953
1082
954
1083
955
1084
956
1085
957
1086
958
1087
959
1088
960
1089
961
1090
962
1091
963
1092
964
1093
965
1094
966
1095
967
1096
968
1097
969
1098
970
1099
971
1100
972
1101
973
1102
974
1103
975
1104
976
1105
977
1106
978
1107
979
1108
980
1109
981
1110
982
1111
983
1112
984
1113
985
1114
986
1115
987
1116
988
1117
989
1118
990
1119
991
1120
992
1121
993
1122
994
1123
995
1124
996
1125
997
1126
998
1127
999
1128
1000
1129
1001
1130
1002
1131
1003
1132
1004
1133
1005
1134
1006
1135
1007
1136
1008
1137
1009
1138
1010
1139
1011
1140
1012
1141
1013
1142
1014
1143
1015
1144
1016
1145
1017
1146
1018
1147
1019
1148
1020
1149
1021
1150
1022
1151
1023
1152
1024
1153
1025
1154
1026
1155
1027
1156
1028
1157
1029
1158
1030
1159
1031
1160
1032
1161
1033
1162
1034
1163
1035
1164
1036
1165
1037
1166
1038
1167
1039
1168
1169
1041
1170
1042
1171
1043
1172
1044
1173
1045
1174
1046
1175
1047
1176
1048
1177
1049
1178
1050
1179
1051
1180
1052
1181
1053
1182
1054
1183
1055
1184
1056
1185
1057
1186
1058
1187
1059
1188
1060
1189
1061
1190
1062
1191
1063
1192
1064
1193
1065
1194
1066
1195
1067
1196
1068
1197
1069
1198
1070
1199
1071
1200
1072
1201
1073
1202
1074
1203
1075
1204
1076
1205
1077
1206
1078
1207
1079
1208
1080
1209
1081
1210
1082
1211
1083
1212
1084
1213
1085
1214
1086
1215
1087
1216
1088
1217
1089
1218
1090
1219
1091
1220
1092
1221
1093
1222
1094
1223
1095
1224
1096
1225
1097
1226
1098
1227
1099
1228
1100
1229
1101
1230
1102
1231
1103
1232
1104
1233
1105
1234
1106
1235
1107
1236
1108
1237
1109
1238
1110
1239
1111
1240
1112
1241
1113
1242
1114
1243
1115
1244
1116
1245
1117
1246
1118
1247
1119
1248
1120
1249
1121
1250
1122
1251
1123
1252
1124
1253
1125
1254
1126
1255
1127
1256
1128
1257
1129
1258
1130
1259
1131
1260
1132
1261
1133
1262
1134
1263
1135
1264
1136
1265
1137
1266
1138
1267
1139
1268
1140
1269
1141
1270
1142
1271
1143
1272
1144
1273
1145
1274
1146
1275
1147
1276
1148
1277
1149
1278
1150
1279
1151
1280
1152
1281
1153
1282
1154
1283
1155
1284
1156
1285
1157
1286
1158
1287
1159
1288
1160
1289
1161
1290
1162
1291
1163
1292
1164
1293
1165
1294
1166
1295
1167
1296
1168
1297
1169
1298
1299
1171
1300
1172
1301
1173
1302
1174
1303
1175
1304
1176
1305
1177
1306
1178
1307
1179
1308
1180
1309
1181
1310
1182
1311
1183
1312
1184
1313
1185
1314
1186
1315
1187
1316
1188
1317
1189
1318
1190
1319
1191
1320
1192
1321
1193
1322
1194
1323
1195
1324
1196
1325
1197
1326
1198
1327
1199
1328
1200
1329
1201
1330
1202
1331
1203
1332
1204
1333
1205
1334
1206
1335
1207
1336
1208
1337
1209
1338
1210
1339
1211
1340
1212
1341
1213
1342
1214
1343
1215
1344
1216
1345
1217
1346
1218
1347
1219
1348
1220
1349
1221
1350
1222
1351
1223
1352
1224
1353
1225
1354
1226
1355
1227
1356
1228
1357
1229
1358
1230
1359
1231
1360
1232
1361
1233
1362
1234
1363
1235
1364
1236
1365
1237
1366
1238
1367
1239
1368
1240
1369
1241
1370
1242
1371
1243
1372
1244
1373
1245
1374
1246
1375
1247
1376
1248
1377
1249
1378
1250
1379
1251
1380
1252
1381
1253
1382
1254
1383
1255
1384
1256
1385
1257
1386
1258
1387
1259
1388
1260
1389
1261
1390
1262
1391
1263
1392
1264
1393
1265
1394
1266
1395
1267
1396
1268
1397
1269
1398
1270
1399
1271
1400
1272
1401
1273
1402
1274
1403
1275
1404
1276
1405
1277
1406
1278
1407
1279
1408
1280
1409
1281
1410
1282
1411
1283
1412
1284
1413
1285
1414
1286
1415
1287
1416
1288
1417
1289
1418
1290
1419
1291
1420
1292
1421
1293
1422
1294
1423
1295
1424
1296
1425
1297
1426
1298
1427
1299
1428
1429
1301
1430
1302
1431
1303
1432
1304
1433
1305
1434
1306
1435
1307
1436
1308
1437
1309
1438
1310
1439
1311
1440
1312
1441
1313
1442
1314
1443
1315
1444
1316
1445
1317
1446
1318
1447
1319
1448
1320
1449
1321
1450
1322
1451
1323
1452
1324
1453
1325
1454
1326
1455
1327
1456
1328
1457
1329
1458
1330
1459
1331
1460
1332
1461
1333
1462
1334
1463
1335
1464
1336
1465
1337
1466
1338
1467
1339
1468
1340
1469
1341
1470
1342
1471
1343
1472
1344
1473
1345
1474
1346
1475
1347
1476
1348
1477
1349
1478
1350
1479
1351
1480
1352
1481
1353
1482
1354
1483
1355
1484
1356
1485
1357
1486
1358
1487
1359
1488
1360
1489
1361
1490
1362
1491
1363
1492
1364
1493
1365
1494
1366
1495
1367
1496
1368
1497
1369
1498
1370
1499
1371
1500
1372
1501
1373
1502
1374
1503
1375
1504
1376
1505
1377
1506
1378
1507
1379
1508
1380
1509
1381
1510
1382
1511
1383
1512
1384
1513
1385
1514
1386
1515
1387
1516
1388
1517
1389
1518
1390
1519
1391
1520
1392
1521
1393
1522
1394
1523
1395
1524
1396
1525
1397
1526
1398
1527
1399
1528
1400
1529
1401
1530
1402
1531
1403
1532
1404
1533
1405
1534
1406
1535
1407
1536
1408
1537
1409
1538
1410
1539
1411
1540
1412
1541
1413
1542
1414
1543
1415
1544
1416
1545
1417
1546
1418
1547
1419
1548
1420
1549
1421
1550
1422
1551
1423
1552
1424
1553
1425
1554
1426
1555
1427
1556
1428
1557
1429
1558
1559
1431
1560
1432
1561
1433
1562
1434
1563
1435
1564
1436
1565
1437
1566
1438
1567
1439
1568
1440
1569
1441
1570
1442
1571
1443
1572
1444
1573
1445
1574
1446
1575
1447
1576
1448
1577
1449
1578
1450
1579
1451
1580
1452
1581
1453
1582
1454
1583
1455
1584
1456
1585
1457
1586
1458
1587
1459
1588
1460
1589
1461
1590
1462
1591
1463
1592
1464
1593
1465
1594
1466
1595
1467
1596
1468
1597
1469
1598
1470
1599
1471
1600
1472
1601
1473
1602
1474
1603
1475
1604
1476
1605
1477
1606
1478
1607
1479
1608
1480
1609
1481
1610
1482
1611
1483
1612
1484
1613
1485
1614
1486
1615
1487
1616
1488
1617
1489
1618
1490
1619
1491
1620
1492
1621
1493
1622
1494
1623
1495
1624
1496
1625
1497
1626
1498
1627
1499
1628
1500
1629
1501
1630
1502
1631
1503
1632
1504
1633
1505
1634
1506
1635
1507
1636
1508
1637
1509
1638
1510
1639
1511
1640
1512
1641
1513
1642
1514
1643
1515
1644
1516
1645
1517
1646
1518
1647
1519
1648
1520
1649
1521
1650
1522
1651
1523
1652
1524
1653
1525
1654
1526
1655
1527
1656
1528
1657
1529
1658
1530
1659
1531
1660
1532
1661
1533
1662
1534
1663
1535
1664
1536
1665
1537
1666
1538
1667
1539
1668
1540
1669
1541
1670
1542
1671
1543
1672
1544
1673
1545
1674
1546
1675
1547
1676
1548
1677
1549
1678
1550
1679
1551
1680
1552
1681
1553
1682
1554
1683
1555
1684
1556
1685
1557
1686
1558
1687
1559
1688
1689
1561
1690
1562
1691
1563
1692
1564
1693
1565
1694
1566
1695
1567
1696
1568
1697
1569
1698
1570
1699
1571
1700
1572
1701
1573
1702
1574
1703
1575
1704
1576
1705
1577
1706
1578
1707
1579
1708
1580
1709
1581
1710
1582
1711
1583
1712
1584
1713
1585
1714
1586
1715
1587
1716
1588
1717
1589
1718
1590
1719
1591
1720
1592
1721
1593
1722
1594
1723
1595
1724
1596
1725
1597
1726
1598
1727
1599
1728
1600
1729
1601
1730
1602
1731
1603
1732
1604
1733
1605
1734
1606
1735
1607
1736
1608
1737
1609
1738
1610
1739
1611
1740
1612
1741
1613
1742
1614
1743
1615
1744
1616
1745
1617
1746
1618
1747
1619
1748
1620
1749
1621
1750
1622
1751
1623
1752
1624
1753
1625
1754
1626
1755
1627
1756
1628
1757
1629
1758
1630
1759
1631
1760
1632
1761
1633
1762
1634
1763
1635
1764
1636
1765
1637
1766
1638
1767
1639
1768
1640
1769
1641
1770
1642
1771
1643
1772
1644
1773
1645
1774
1646
1775
1647
1776
1648
1777
1649
1778
1650
1779
1651
1780
1652
1781
1653
1782
1654
1783
1655
1784
1656
1785
1657
1786
1658
1787
1659
1788
1660
1789
1661
1790
1662
1791
1663
1792
1664
1793
1665
1794
1666
1795
1667
1796
1668
1797
1669
1798
1670
1799
1671
1800
1672
1801
1673
1802
1674
1803
1675
1804
1676
1805
1677
1806
1678
1807
1679
1808
1680
1809
1681
1810
1682
1811
1683
1812
1684
1813
1685
1814
1686
1815
1687
1816
1688
1817
1689
1818
1819
1691
1820
1692
1821
1693
1822
1694
1823
1695
1824
1696
1825
1697
1826
1698
1827
1699
1828
1700
1829
1701
1830
1702
1831
1703
1832
1704
1833
1705
1834
1706
1835
1707
1836
1708
1837
1709
1838
1710
1839
1711
1840
1712
1841
1713
1842
1714
1843
1715
1844
1716
1845
1717
1846
1718
1847
1719
1848
1720
1849
1721
1850
1722
1851
1723
1852
1724
1853
1725
1854
1726
1855
1727
1856
1728
1857
1729
1858
1730
1859
1731
1860
1732
1861
1733
1862
1734
1863
1735
1864
1736
1865
1737
1866
1738
1867
1739
1868
1740
1869
1741
1870
1742
1871
1743
1872
1744
1873
1745
1874
1746
1875
1747
1876
1748
1877
1749
1878
1750
1879
1751
1880
1752
1881
1753
1882
1754
1883
1755
1884
1756
1885
1757
1886
1758
1887
1759
1888
1760
1889
1761
1890
1762
1891
1763
1892
1764
1893
1765
1894
1766
1895
1767
1896
1768
1897
1769
1898
1770
1899
1771
1900
1772
1901
1773
1902
1774
1903
1775
1904
1776
1905
1777
1906
1778
1907
1779
1908
1780
1909
1781
1910
1782
1911
1783
1912
1784
1913
1785
1914
1786
1915
1787
1916
1788
1917
1789
1918
1790
1919
1791
1920
1792
1921
1793
1922
1794
1923
1795
1924
1796
1925
1797
1926
1798
1927
1799
1928
1800
1929
1801
1930
1802
1931
1803
1932
1804
1933
1805
1934
1806
1935
1807
1936
1808
1937
1809
1938
1810
1939
1811
1940
1812
1941
1813
1942
1814
1943
1815
1944
1816
1945
1817
1946
1818
1947
1819
1948
1949
1821
1950
1822
1951
1823
1952
1824
1953
1825
1954
1826
1955
1827
1956
1828
1957
1829
1958
1830
1959
1831
1960
1832
1961
1833
1962
1834
1963
1835
1964
1836
1965
1837
1966
1838
1967
1839
1968
1840
1969
1841
1970
1842
1971
1843
1972
1844
1973
1845
1974
1846
1975
1847
1976
1848
1977
1849
1978
1850
1979
1851
1980
1852
1981
1853
1982
1854
1983
1855
1984
1856
1985
1857
1986
1858
1987
1859
1988
1860
1989
1861
1990
1862
1991
1863
1992
1864
1993
1865
1994
1866
1995
1867
1996
1868
1997
1869
1998
1870
1999
1871
2000
1872
2001
1873
2002
1874
2003
1875
2004
1876
2005
1877
2006
1878
2007
1879
2008
1880
2009
1881
2010
1882
2011
1883
2012
1884
2013
1885
2014
1886
2015
1887
2016
1888
2017
1889
2018
1890
2019
1891
2020
1892
2021
1893
2022
1894
2023
1895
2024
1896
2025
1897
2026
1898
2027
1899
2028
1900
2029
1901
2030
1902
2031
1903
2032
1904
2033
1905
2034
1906
2035
1907
2036
1908
2037
1909
2038
1910
2039
1911
2040
1912
2041
1913
2042
1914
2043
1915
2044
1916
2045
1917
2046
1918
2047
1919
2048
1920
2049
1921
2050
1922
2051
1923
2052
1924
2053
1925
2054
1926
2055
1927
2056
1928
2057
1929
2058
1930
2059
1931
2060
1932
2061
1933
2062
1934
2063
1935
2064
1936
2065
1937
2066
1938
2067
1939
2068
1940
2069
1941
2070
1942
2071
1943
2072
1944
2073
1945
2074
1946
2075
1947
2076
1948
2077
1949
2078
2079
1951
2080
1952
2081
1953
2082
1954
2083
1955
2084
1956
2085
1957
2086
1958
2087
1959
2088
1960
2089
1961
2090
1962
2091
1963
2092
1964
2093
1965
2094
1966
2095
1967
2096
1968
2097
1969
2098
1970
2099
1971
2100
1972
2101
1973
2102
1974
2103
1975
2104
1976
2105
1977
2106
1978
2107
1979
2108
1980
2109
1981
2110
1982
2111
1983
2112
1984
2113
1985
2114
1986
2115
1987
2116
1988
2117
1989
2118
1990
2119
1991
2120
1992
2121
1993
2122
1994
2123
1995
2124
1996
2125
1997
2126
1998
2127
1999
2128
2000
2129
2001
2130
2002
2131
2003
2132
2004
2133
2005
2134
2006
2135
2007
2136
2008
2137
2009
2138
2010
2139
2011
2140
2012
2141
2013
2142
2014
2143
2015
2144
2016
2145
2017
2146
2018
2147
2019
2148
2020
2149
2021
2150
2022
2151
2023
2152
2024
2153
2025
2154
2026
2155
2027
2156
2028
2157
2029
2158
2030
2159
2031
2160
2032
2161
2033
2162
2034
2163
2035
2164
2036
2165
2037
2166
2038
2167
2039
2168
2040
2169
2041
2170
2042
2171
2043
2172
2044
2173
2045
2174
2046
2175
2047
2176
2048
2177
2049
2178
2050
2179
2051
2180
2052
2181
2053
2182
2054
2183
2055
2184
2056
2185
2057
2186
2058
2187
2059
2188
2060
2189
2061
2190
2062
2191
2063
2192
2064
2193
2065
2194
2066
2195
2067
2196
2068
2197
2069
2198
2070
2199
2071
2200
2072
2201
2073
2202
2074
2203
2075
2204
2076
2205
2077
2206
2078
2207
2079
2208
2209
2081
2210
2082
2211
2083
2212
2084
2213
2085
2214
2086
2215
2087
2216
2088
2217
2089
2218
2090
2219
2091
2220
2092
2221
2093
2222
2094
2223
2095
2224
2096
2225
2097
2226
2098
2227
2099
2228
2100
2229
2101
2230
2102
2231
2103
2232
2104
2233
2105
2234
2106
2235
2107
2236
2108
2237
2109
2238
2110
2239
2111
2240
2112
2241
2113
2242
2114
2243
2115
2244
2116
2245
2117
2246
2118
2247
2119
2248
2120
2249
2121
2250
2122
2251
2123
2252
2124
2253
2125
2254
2126
2255
2127
2256
2128
2257
2129
2258
2130
2259
2131
2260
2132
2261
2133
2262
2134
2263
2135
2264
2136
2265
2137
2266
2138
2267
2139
2268
2140
2269
2141
2270
2142
2271
2143
2272
2144
2273
2145
2274
2146
2275
2147
2276
2148
2277
2149
2278
2150
2279
2151
2280
2152
2281
2153
2282
2154
2283
2155
2284
2156
2285
2157
2286
2158
2287
2159
2288
2160
2289
2161
2290
2162
2291
2163
2292
2164
2293
2165
2294
2166
2295
2167
2296
2168
2297
2169
2298
2170
2299
2171
2300
2172
2301
2173
2302
2174
2303
2175
2304
2176
2305
2177
2306
2178
2307
2179
2308
2180
2309
2181
2310
2182
2311
2183
2312
2184
2313
2185
2314
2186
2315
2187
2316
2188
2317
2189
2318
2190
2319
2191
2320
2192
2321
2193
2322
2194
2323
2195
2324
2196
2325
2197
2326
2198
2327
2199
2328
2200
2329
2201
2330
2202
2331
2203
2332
2204
2333
2205
2334
2206
2335
2207
2336
2208
2337
2209
2338
2339
2211
2340
2212
2341
2213
2342
2214
2343
2215
2344
2216
2345
2217
2346
2218
2347
2219
2348
2220
2349
2221
2350
2222
2351
2223
2352
2224
2353
2225
2354
2226
2355
2227
2356
2228
2357
2229
2358
2230
2359
2231
2360
2232
2361
2233
2362
2234
2363
2235
2364
2236
2365
2237
2366
2238
2367
2239
2368
2240
2369
2241
2370
2242
2371
2243
2372
2244
2373
2245
2374
2246
2375
2247
2376
2248
2377
2249
2378
2250
2379
2251
2380
2252
2381
2253
2382
2254
2383
2255
2384
2256
2385
2257
2386
2258
2387
2259
2388
2260
2389
2261
2390
2262
2391
2263
2392
2264
2393
2265
2394
2266
2395
2267
2396
2268
2397
2269
2398
2270
2399
2271
2400
2272
2401
2273
2402
2274
2403
2275
2404
2276
2405
2277
2406
2278
2407
2279
2408
2280
2409
2281
2410
2282
2411
2283
2412
2284
2413
2285
2414
2286
2415
2287
2416
2288
2417
2289
2418
2290
2419
2291
2420
2292
2421
2293
2422
2294
2423
2295
2424
2296
2425
2297
2426
2298
2427
2299
2428
2300
2429
2301
2430
2302
2431
2303
2432
2304
2433
2305
2434
2306
2435
2307
2436
2308
2437
2309
2438
2310
2439
2311
2440
2312
2441
2313
2442
2314
2443
2315
2444
2316
2445
2317
2446
2318
2447
2319
2448
2320
2449
2321
2450
2322
2451
2323
2452
2324
2453
2325
2454
2326
2455
2327
2456
2328
2457
2329
2458
2330
2459
2331
2460
2332
2461
2333
2462
2334
2463
2335
2464
2336
2465
2337
2466
2338
2467
2339
2468
2469
2341
2470
2342
2471
2343
2472
2344
2473
2345
2474
2346
2475
2347
2476
2348
2477
2349
2478
2350
2479
2351
2480
2352
2481
2353
2482
2354
2483
2355
2484
2356
2485
2357
2486
2358
2487
2359
2488
2360
2489
2361
2490
2362
2491
2363
2492
2364
2493
2365
2494
2366
2495
2367
2496
2368
2497
2369
2498
2370
2499
2371
2500
2372
2501
2373
2502
2374
2503
2375
2504
2376
2505
2377
2506
2378
2507
2379
2508
2380
2509
2381
2510
2382
2511
2383
2512
2384
2513
2385
2514
2386
2515
2387
2516
2388
2517
2389
2518
2390
2519
2391
2520
2392
2521
2393
2522
2394
2523
2395
2524
2396
2525
2397
2526
2398
2527
2399
2528
2400
2529
2401
2530
2402
2531
2403
2532
2404
2533
2405
2534
2406
2535
2407
2536
2408
2537
2409
2538
2410
2539
2411
2540
2412
2541
2413
2542
2414
2543
2415
2544
2416
2545
2417
2546
2418
2547
2419
2548
2420
2549
2421
2550
2422
2551
2423
2552
2424
2553
2425
2554
2426
2555
2427
2556
2428
2557
2429
2558
2430
2559
2431
2560
2432
2561
2433
2562
2434
2563
2435
2564
2436
2565
2437
2566
2438
2567
2439
2568
2440
2569
2441
2570
2442
2571
2443
2572
2444
2573
2445
2574
2446
2575
2447
2576
2448
2577
2449
2578
2450
2579
2451
2580
2452
2581
2453
2582
2454
2583
2455
2584
2456
2585
2457
2586
2458
2587
2459
2588
2460
2589
2461
2590
2462
2591
2463
2592
2464
2593
2465
2594
2466
2595
2467
2596
2468
2597
2469
2598
2599
2471
2600
2472
2601
2473
2602
2474
2603
2475
2604
2476
2605
2477
2606
2478
2607
2479
2608
2480
2609
2481
2610
2482
2611
2483
2612
2484
2613
2485
2614
2486
2615
2487
2616
2488
2617
2489
2618
2490
2619
2491
2620
2492
2621
2493
2622
2494
2623
2495
2624
2496
2625
2497
2626
2498
2627
2499
2628
2500
2629
2501
2630
2502
2631
2503
2632
2504
2633
2505
2634
2506
2635
2507
2636
2508
2637
2509
2638
2510
2639
2511
2640
2512
2641
2513
2642
2514
2643
2515
2644
2516
2645
2517
2646
2518
2647
2519
2648
2520
2649
2521
2650
2522
2651
2523
2652
2524
2653
2525
2654
2526
2655
2527
2656
2528
2657
2529
2658
2530
2659
2531
2660
2532
2661
2533
2662
2534
2663
2535
2664
2536
2665
2537
2666
2538
2667
2539
2668
2540
2669
2541
2670
2542
2671
2543
2672
2544
2673
2545
2674
2546
2675
2547
2676
2548
2677
2549
2678
2550
2679
2551
2680
2552
2681
2553
2682
2554
2683
2555
2684
2556
2685
2557
2686
2558
2687
2559
2688
2560
2689
2561
2690
2562
2691
2563
2692
2564
2693
2565
2694
2566
2695
2567
2696
2568
2697
2569
2698
2570
2699
2571
2700
2572
2701
2573
2702
2574
2703
2575
2704
2576
2705
2577
2706
2578
2707
2579
2708
2580
2709
2581
2710
2582
2711
2583
2712
2584
2713
2585
2714
2586
2715
2587
2716
2588
2717
2589
2718
2590
2719
2591
2720
2592
2721
2593
2722
2594
2723
2595
2724
2596
2725
2597
2726
2598
2727
2599
2728
2729
2601
2730
2602
2731
2603
2732
2604
2733
2605
2734
2606
2735
2607
2736
2608
2737
2609
2738
2610
2739
2611
2740
2612
2741
2613
2742
2614
2743
2615
2744
2616
2745
2617
2746
2618
2747
2619
2748
2620
2749
2621
2750
2622
2751
2623
2752
2624
2753
2625
2754
2626
2755
2627
2756
2628
2757
2629
2758
2630
2759
2631
2760
2632
2761
2633
2762
2634
2763
2635
2764
2636
2765
2637
2766
2638
2767
2639
2768
2640
2769
2641
2770
2642
2771
2643
2772
2644
2773
2645
2774
2646
2775
2647
2776
2648
2777
2649
2778
2650
2779
2651
2780
2652
2781
2653
2782
2654
2783
2655
2784
2656
2785
2657
2786
2658
2787
2659
2788
2660
2789
2661
2790
2662
2791
2663
2792
2664
2793
2665
2794
2666
2795
2667
2796
2668
2797
2669
2798
2670
2799
2671
2800
2672
2801
2673
2802
2674
2803
2675
2804
2676
2805
2677
2806
2678
2807
2679
2808
2680
2809
2681
2810
2682
2811
2683
2812
2684
2813
2685
2814
2686
2815
2687
2816
2688
2817
2689
2818
2690
2819
2691
2820
2692
2821
2693
2822
2694
2823
2695
2824
2696
2825
2697
2826
2698
2827
2699
2828
2700
2829
2701
2830
2702
2831
2703
2832
2704
2833
2705
2834
2706
2835
2707
2836
2708
2837
2709
2838
2710
2839
2711
2840
2712
2841
2713
2842
2714
2843
2715
2844
2716
2845
2717
2846
2718
2847
2719
2848
2720
2849
2721
2850
2722
2851
2723
2852
2724
2853
2725
2854
2726
2855
2727
2856
2728
2857
2729
2858
2859
2731
2860
2732
2861
2733
2862
2734
2863
2735
2864
2736
2865
2737
2866
2738
2867
2739
2868
2740
2869
2741
2870
2742
2871
2743
2872
2744
2873
2745
2874
2746
2875
2747
2876
2748
2877
2749
2878
2750
2879
2751
2880
2752
2881
2753
2882
2754
2883
2755
2884
2756
2885
2757
2886
2758
2887
2759
2888
2760
2889
2761
2890
2762
2891
2763
2892
2764
2893
2765
2894
2766
2895
2767
2896
2768
2897
2769
2898
2770
2899
2771
2900
2772
2901
2773
2902
2774
2903
2775
2904
2776
2905
2777
2906
2778
2907
2779
2908
2780
2909
2781
2910
2782
2911
2783
2912
2784
2913
2785
2914
2786
2915
2787
2916
2788
2917
2789
2918
2790
2919
2791
2920
2792
2921
2793
2922
2794
2923
2795
2924
2796
2925
2797
2926
2798
2927
2799
2928
2800
2929
2801
2930
2802
2931
2803
2932
2804
2933
2805
2934
2806
2935
2807
2936
2808
2937
2809
2938
2810
2939
2811
2940
2812
2941
2813
2942
2814
2943
2815
2944
2816
2945
2817
2946
2818
2947
2819
2948
2820
2949
2821
2950
2822
2951
2823
2952
2824
2953
2825
2954
2826
2955
2827
2956
2828
2957
2829
2958
2830
2959
2831
2960
2832
2961
2833
2962
2834
2963
2835
2964
2836
2965
2837
2966
2838
2967
2839
2968
2840
2969
2841
2970
2842
2971
2843
2972
2844
2973
2845
2974
2846
2975
2847
2976
2848
2977
2849
2978
2850
2979
2851
2980
2852
2981
2853
2982
2854
2983
2855
2984
2856
2985
2857
2986
2858
2987
2859
2988
2989
2861
2990
2862
2991
2863
2992
2864
2993
2865
2994
2866
2995
2867
2996
2868
2997
2869
2998
2870
2999
2871
3000
2872
3001
2873
3002
2874
3003
2875
3004
2876
3005
2877
3006
2878
3007
2879
3008
2880
3009
2881
3010
2882
3011
2883
3012
2884
3013
2885
3014
2886
3015
2887
3016
2888
3017
2889
3018
2890
3019
2891
3020
2892
3021
2893
3022
2894
3023
2895
3024
2896
3025
2897
3026
2898
3027
2899
3028
2900
3029
2901
3030
2902
3031
2903
3032
2904
3033
2905
3034
2906
3035
2907
3036
2908
3037
2909
3038
2910
3039
2911
3040
2912
3041
2913
3042
2914
3043
2915
3044
2916
3045
2917
3046
2918
3047
2919
3048
2920
3049
2921
3050
2922
3051
2923
3052
2924
3053
2925
3054
2926
3055
2927
3056
2928
3057
2929
3058
2930
3059
2931
3060
2932
3061
2933
3062
2934
3063
2935
3064
2936
3065
2937
3066
2938
3067
2939
3068
2940
3069
2941
3070
2942
3071
2943
3072
2944
3073
2945
3074
2946
3075
2947
3076
2948
3077
2949
3078
2950
3079
2951
3080
2952
3081
2953
3082
2954
3083
2955
3084
2956
3085
2957
3086
2958
3087
2959
3088
2960
3089
2961
3090
2962
3091
2963
3092
2964
3093
2965
3094
2966
3095
2967
3096
2968
3097
2969
3098
2970
3099
2971
3100
2972
3101
2973
3102
2974
3103
2975
3104
2976
3105
2977
3106
2978
3107
2979
3108
2980
3109
2981
3110
2982
3111
2983
3112
2984
3113
2985
3114
2986
3115
2987
3116
2988
3117
2989
3118
3119
2991
3120
2992
3121
2993
3122
2994
3123
2995
3124
2996
3125
2997
3126
2998
3127
2999
3128
3000
3129
3001
3130
3002
3131
3003
3132
3004
3133
3005
3134
3006
3135
3007
3136
3008
3137
3009
3138
3010
3139
3011
3140
3012
3141
3013
3142
3014
3143
3015
3144
3016
3145
3017
3146
3018
3147
3019
3148
3020
3149
3021
3150
3022
3151
3023
3152
3024
3153
3025
3154
3026
3155
3027
3156
3028
3157
3029
3158
3030
3159
3031
3160
3032
3161
3033
3162
3034
3163
3035
3164
3036
3165
3037
3166
3038
3167
3039
3168
3040
3169
3041
3170
3042
3171
3043
3172
3044
3173
3045
3174
3046
3175
3047
3176
3048
3177
3049
3178
3050
3179
3051
3180
3052
3181
3053
3182
3054
3183
3055
3184
3056
3185
3057
3186
3058
3187
3059
3188
3060
3189
3061
3190
3062
3191
3063
3192
3064
3193
3065
3194
3066
3195
3067
3196
3068
3197
3069
3198
3070
3199
3071
3200
3072
3201
3073
3202
3074
3203
3075
3204
3076
3205
3077
3206
3078
3207
3079
3208
3080
3209
3081
3210
3082
3211
3083
3212
3084
3213
3085
3214
3086
3215
3087
3216
3088
3217
3089
3218
3090
3219
3091
3220
3092
3221
3093
3222
3094
3223
3095
3224
3096
3225
3097
3226
3098
3227
3099
3228
3100
3229
3101
3230
3102
3231
3103
3232
3104
3233
3105
3234
3106
3235
3107
3236
3108
3237
3109
3238
3110
3239
3111
3240
3112
3241
3113
3242
3114
3243
3115
3244
3116
3245
3117
3246
3118
3247
3119
3248
3249
3121
3250
3122
3251
3123
3252
3124
3253
3125
3254
3126
3255
3127
3256
3128
3257
3129
3258
3130
3259
3131
3260
3132
3261
3133
3262
3134
3263
3135
3264
3136
3265
3137
3266
3138
3267
3139
3268
3140
3269
3141
3270
3142
3271
3143
3272
3144
3273
3145
3274
3146
3275
3147
3276
3148
3277
3149
3278
3150
3279
3151
3280
3152
3281
3153
3282
3154
3283
3155
3284
3156
3285
3157
3286
3158
3287
3159
3288
3160
3289
3161
3290
3162
3291
3163
3292
3164
3293
3165
3294
3166
3295
3167
3296
3168
3297
3169
3298
3170
3299
3171
3300
3172
3301
3173
3302
3174
3303
3175
3304
3176
3305
3177
3306
3178
3307
3179
3308
3180
3309
3181
3310
3182
3311
3183
3312
3184
3313
3185
3314
3186
3315
3187
3316
3188
3317
3189
3318
3190
3319
3191
3320
3192
3321
3193
3322
3194
3323
3195
3324
3196
3325
3197
3326
3198
3327
3199
3328
3200
3329
3201
3330
3202
3331
3203
3332
3204
3333
3205
3334
3206
3335
3207
3336
3208
3337
3209
3338
3210
3339
3211
3340
3212
3341
3213
3342
3214
3343
3215
3344
3216
3345
3217
3346
3218
3347
3219
3348
3220
3349
3221
3350
3222
3351
3223
3352
3224
3353
3225
3354
3226
3355
3227
3356
3228
3357
3229
3358
3230
3359
3231
3360
3232
3361
3233
3362
3234
3363
3235
3364
3236
3365
3237
3366
3238
3367
3239
3368
3240
3369
3241
3370
3242
3371
3243
3372
3244
3373
3245
3374
3246
3375
3247
3376
3248
3377
3249
3378
3379
3251
3380
3252
3381
3253
3382
3254
3383
3255
3384
3256
3385
3257
3386
3258
3387
3259
3388
3260
3389
3261
3390
3262
3391
3263
3392
3264
3393
3265
3394
3266
3395
3267
3396
3268
3397
3269
3398
3270
3399
3271
3400
3272
3401
3273
3402
3274
3403
3275
3404
3276
3405
3277
3406
3278
3407
3279
3408
3280
3409
3281
3410
3282
3411
3283
3412
3284
3413
3285
3414
3286
3415
3287
3416
3288
3417
3289
3418
3290
3419
3291
3420
3292
3421
3293
3422
3294
3423
3295
3424
3296
3425
3297
3426
3298
3427
3299
3428
3300
3429
3301
3430
3302
3431
3303
3432
3304
3433
3305
3434
3306
3435
3307
3436
3308
3437
3309
3438
3310
3439
3311
3440
3312
3441
3313
3442
3314
3443
3315
3444
3316
3445
3317
3446
3318
3447
3319
3448
3320
3449
3321
3450
3322
3451
3323
3452
3324
3453
3325
3454
3326
3455
3327
3456
3328
3457
3329
3458
3330
3459
3331
3460
3332
3461
3333
3462
3334
3463
3335
3464
3336
3465
3337
3466
3338
3467
3339
3468
3340
3469
3341
3470
3342
3471
3343
3472
3344
3473
3345
3474
3346
3475
3347
3476
3348
3477
3349
3478
3350
3479
3351
3480
3352
3481
3353
3482
3354
3483
3355
3484
3356
3485
3357
3486
3358
3487
3359
3488
3360
3489
3361
3490
3362
3491
3363
3492
3364
3493
3365
3494
3366
3495
3367
3496
3368
3497
3369
3498
3370
3499
3371
3500
3372
3501
3373
3502
3374
3503
3375
3504
3376
3505
3377
3506
3378
3507
3379
3508
3509
3381
3510
3382
3511
3383
3512
3384
3513
3385
3514
3386
3515
3387
3516
3388
3517
3389
3518
3390
3519
3391
3520
3392
3521
3393
3522
3394
3523
3395
3524
3396
3525
3397
3526
3398
3527
3399
3528
3400
3529
3401
3530
3402
3531
3403
3532
3404
3533
3405
3534
3406
3535
3407
3536
3408
3537
3409
3538
3410
3539
3411
3540
3412
3541
3413
3542
3414
3543
3415
3544
3416
3545
3417
3546
3418
3547
3419
3548
3420
3549
3421
3550
3422
3551
3423
3552
3424
3553
3425
3554
3426
3555
3427
3556
3428
3557
3429
3558
3430
3559
3431
3560
3432
3561
3433
3562
3434
3563
3435
3564
3436
3565
3437
3566
3438
3567
3439
3568
3440
3569
3441
3570
3442
3571
3443
3572
3444
3573
3445
3574
3446
3575
3447
3576
3448
3577
3449
3578
3450
3579
3451
3580
3452
3581
3453
3582
3454
3583
3455
3584
3456
3585
3457
3586
3458
3587
3459
3588
3460
3589
3461
3590
3462
3591
3463
3592
3464
3593
3465
3594
3466
3595
3467
3596
3468
3597
3469
3598
3470
3599
3471
3600
3472
3601
3473
3602
3474
3603
3475
3604
3476
3605
3477
3606
3478
3607
3479
3608
3480
3609
3481
3610
3482
3611
3483
3612
3484
3613
3485
3614
3486
3615
3487
3616
3488
3617
3489
3618
3490
3619
3491
3620
3492
3621
3493
3622
3494
3623
3495
3624
3496
3625
3497
3626
3498
3627
3499
3628
3500
3629
3501
3630
3502
3631
3503
3632
3504
3633
3505
3634
3506
3635
3507
3636
3508
3637
3509
3638
3639
3511
3640
3512
3641
3513
3642
3514
3643
3515
3644
3516
3645
3517
3646
3518
3647
3519
3648
3520
3649
3521
3650
3522
3651
3523
3652
3524
3653
3525
3654
3526
3655
3527
3656
3528
3657
3529
3658
3530
3659
3531
3660
3532
3661
3533
3662
3534
3663
3535
3664
3536
3665
3537
3666
3538
3667
3539
3668
3540
3669
3541
3670
3542
3671
3543
3672
3544
3673
3545
3674
3546
3675
3547
3676
3548
3677
3549
3678
3550
3679
3551
3680
3552
3681
3553
3682
3554
3683
3555
3684
3556
3685
3557
3686
3558
3687
3559
3688
3560
3689
3561
3690
3562
3691
3563
3692
3564
3693
3565
3694
3566
3695
3567
3696
3568
3697
3569
3698
3570
3699
3571
3700
3572
3701
3573
3702
3574
3703
3575
3704
3576
3705
3577
3706
3578
3707
3579
3708
3580
3709
3581
3710
3582
3711
3583
3712
3584
3713
3585
3714
3586
3715
3587
3716
3588
3717
3589
3718
3590
3719
3591
3720
3592
3721
3593
3722
3594
3723
3595
3724
3596
3725
3597
3726
3598
3727
3599
3728
3600
3729
3601
3730
3602
3731
3603
3732
3604
3733
3605
3734
3606
3735
3607
3736
3608
3737
3609
3738
3610
3739
3611
3740
3612
3741
3613
3742
3614
3743
3615
3744
3616
3745
3617
3746
3618
3747
3619
3748
3620
3749
3621
3750
3622
3751
3623
3752
3624
3753
3625
3754
3626
3755
3627
3756
3628
3757
3629
3758
3630
3759
3631
3760
3632
3761
3633
3762
3634
3763
3635
3764
3636
3765
3637
3766
3638
3767
3639
3768
3769
3641
3770
3642
3771
3643
3772
3644
3773
3645
3774
3646
3775
3647
3776
3648
3777
3649
3778
3650
3779
3651
3780
3652
3781
3653
3782
3654
3783
3655
3784
3656
3785
3657
3786
3658
3787
3659
3788
3660
3789
3661
3790
3662
3791
3663
3792
3664
3793
3665
3794
3666
3795
3667
3796
3668
3797
3669
3798
3670
3799
3671
3800
3672
3801
3673
3802
3674
3803
3675
3804
3676
3805
3677
3806
3678
3807
3679
3808
3680
3809
3681
3810
3682
3811
3683
3812
3684
3813
3685
3814
3686
3815
3687
3816
3688
3817
3689
3818
3690
3819
3691
3820
3692
3821
3693
3822
3694
3823
3695
3824
3696
3825
3697
3826
3698
3827
3699
3828
3700
3829
3701
3830
3702
3831
3703
3832
3704
3833
3705
3834
3706
3835
3707
3836
3708
3837
3709
3838
3710
3839
3711
3840
3712
3841
3713
3842
3714
3843
3715
3844
3716
3845
3717
3846
3718
3847
3719
3848
3720
3849
3721
3850
3722
3851
3723
3852
3724
3853
3725
3854
3726
3855
3727
3856
3728
3857
3729
3858
3730
3859
3731
3860
3732
3861
3733
3862
3734
3863
3735
3864
3736
3865
3737
3866
3738
3867
3739
3868
3740
3869
3741
3870
3742
3871
3743
3872
3744
3873
3745
3874
3746
3875
3747
3876
3748
3877
3749
3878
3750
3879
3751
3880
3752
3881
3753
3882
3754
3883
3755
3884
3756
3885
3757
3886
3758
3887
3759
3888
3760
3889
3761
3890
3762
3891
3763
3892
3764
3893
3765
3894
3766
3895
3767
3896
3768
3897
3769
3898
3899
3771
3900
3772
3901
3773
3902
3774
3903
3775
3904
3776
3905
3777
3906
3778
3907
3779
3908
3780
3909
3781
3910
3782
3911
3783
3912
3784
3913
3785
3914
3786
3915
3787
3916
3788
3917
3789
3918
3790
3919
3791
3920
3792
3921
3793
3922
3794
3923
3795
3924
3796
3925
3797
3926
3798
3927
3799
3928
3800
3929
3801
3930
3802
3931
3803
3932
3804
3933
3805
3934
3806
3935
3807
3936
3808
3937
3809
3938
3810
3939
3811
3940
3812
3941
3813
3942
3814
3943
3815
3944
3816
3945
3817
3946
3818
3947
3819
3948
3820
3949
3821
3950
3822
3951
3823
3952
3824
3953
3825
3954
3826
3955
3827
3956
3828
3957
3829
3958
3830
3959
3831
3960
3832
3961
3833
3962
3834
3963
3835
3964
3836
3965
3837
3966
3838
3967
3839
3968
3840
3969
3841
3970
3842
3971
3843
3972
3844
3973
3845
3974
3846
3975
3847
3976
3848
3977
3849
3978
3850
3979
3851
3980
3852
3981
3853
3982
3854
3983
3855
3984
3856
3985
3857
3986
3858
3987
3859
3988
3860
3989
3861
3990
3862
3991
3863
3992
3864
3993
3865
3994
3866
3995
3867
3996
3868
3997
3869
3998
3870
3999
3871
4000
3872
4001
3873
4002
3874
4003
3875
4004
3876
4005
3877
4006
3878
4007
3879
4008
3880
4009
3881
4010
3882
4011
3883
4012
3884
4013
3885
4014
3886
4015
3887
4016
3888
4017
3889
4018
3890
4019
3891
4020
3892
4021
3893
4022
3894
4023
3895
4024
3896
4025
3897
4026
3898
4027
3899
4028
4029
3901
4030
3902
4031
3903
4032
3904
4033
3905
4034
3906
4035
3907
4036
3908
4037
3909
4038
3910
4039
3911
4040
3912
4041
3913
4042
3914
4043
3915
4044
3916
4045
3917
4046
3918
4047
3919
4048
3920
4049
3921
4050
3922
4051
3923
4052
3924
4053
3925
4054
3926
4055
3927
4056
3928
4057
3929
4058
3930
4059
3931
4060
3932
4061
3933
4062
3934
4063
3935
4064
3936
4065
3937
4066
3938
4067
3939
4068
3940
4069
3941
4070
3942
4071
3943
4072
3944
4073
3945
4074
3946
4075
3947
4076
3948
4077
3949
4078
3950
4079
3951
4080
3952
4081
3953
4082
3954
4083
3955
4084
3956
4085
3957
4086
3958
4087
3959
4088
3960
4089
3961
4090
3962
4091
3963
4092
3964
4093
3965
4094
3966
4095
3967
4096
3968
4097
3969
4098
3970
4099
3971
4100
3972
4101
3973
4102
3974
4103
3975
4104
3976
4105
3977
4106
3978
4107
3979
4108
3980
4109
3981
4110
3982
4111
3983
4112
3984
4113
3985
4114
3986
4115
3987
4116
3988
4117
3989
4118
3990
4119
3991
4120
3992
4121
3993
4122
3994
4123
3995
4124
3996
4125
3997
4126
3998
4127
3999
4128
4000
4129
4001
4130
4002
4131
4003
4132
4004
4133
4005
4134
4006
4135
4007
4136
4008
4137
4009
4138
4010
4139
4011
4140
4012
4141
4013
4142
4014
4143
4015
4144
4016
4145
4017
4146
4018
4147
4019
4148
4020
4149
4021
4150
4022
4151
4023
4152
4024
4153
4025
4154
4026
4155
4027
4156
4028
4157
4029
4158
4159
4031
4160
4032
4161
4033
4162
4034
4163
4035
4164
4036
4165
4037
4166
4038
4167
4039
4168
4040
4169
4041
4170
4042
4171
4043
4172
4044
4173
4045
4174
4046
4175
4047
4176
4048
4177
4049
4178
4050
4179
4051
4180
4052
4181
4053
4182
4054
4183
4055
4184
4056
4185
4057
4186
4058
4187
4059
4188
4060
4189
4061
4190
4062
4191
4063
4192
4064
4193
4065
4194
4066
4195
4067
4196
4068
4197
4069
4198
4070
4199
4071
4200
4072
4201
4073
4202
4074
4203
4075
4204
4076
4205
4077
4206
4078
4207
4079
4208
4080
4209
4081
4210
4082
4211
4083
4212
4084
4213
4085
4214
4086
4215
4087
4216
4088
4217
4089
4218
4090
4219
4091
4220
4092
4221
4093
4222
4094
4223
4095
4224
4096
4225
4097
4226
4098
4227
4099
4228
4100
4229
4101
4230
4102
4231
4103
4232
4104
4233
4105
4234
4106
4235
4107
4236
4108
4237
4109
4238
4110
4239
4111
4240
4112
4241
4113
4242
4114
4243
4115
4244
4116
4245
4117
4246
4118
4247
4119
4248
4120
4249
4121
4250
4122
4251
4123
4252
4124
4253
4125
4254
4126
4255
4127
4256
4128
4257
4129
4258
4130
4259
4131
4260
4132
4261
4133
4262
4134
4263
4135
4264
4136
4265
4137
4266
4138
4267
4139
4268
4140
4269
4141
4270
4142
4271
4143
4272
4144
4273
4145
4274
4146
4275
4147
4276
4148
4277
4149
4278
4150
4279
4151
4280
4152
4281
4153
4282
4154
4283
4155
4284
4156
4285
4157
4286
4158
4287
4159
4288
4289
4161
4290
4162
4291
4163
4292
4164
4293
4165
4294
4166
4295
4167
4296
4168
4297
4169
4298
4170
4299
4171
4300
4172
4301
4173
4302
4174
4303
4175
4304
4176
4305
4177
4306
4178
4307
4179
4308
4180
4309
4181
4310
4182
4311
4183
4312
4184
4313
4185
4314
4186
4315
4187
4316
4188
4317
4189
4318
4190
4319
4191
4320
4192
4321
4193
4322
4194
4323
4195
4324
4196
4325
4197
4326
4198
4327
4199
4328
4200
4329
4201
4330
4202
4331
4203
4332
4204
4333
4205
4334
4206
4335
4207
4336
4208
4337
4209
4338
4210
4339
4211
4340
4212
4341
4213
4342
4214
4343
4215
4344
4216
4345
4217
4346
4218
4347
4219
4348
4220
4349
4221
4350
4222
4351
4223
4352
4224
4353
4225
4354
4226
4355
4227
4356
4228
4357
4229
4358
4230
4359
4231
4360
4232
4361
4233
4362
4234
4363
4235
4364
4236
4365
4237
4366
4238
4367
4239
4368
4240
4369
4241
4370
4242
4371
4243
4372
4244
4373
4245
4374
4246
4375
4247
4376
4248
4377
4249
4378
4250
4379
4251
4380
4252
4381
4253
4382
4254
4383
4255
4384
4256
4385
4257
4386
4258
4387
4259
4388
4260
4389
4261
4390
4262
4391
4263
4392
4264
4393
4265
4394
4266
4395
4267
4396
4268
4397
4269
4398
4270
4399
4271
4400
4272
4401
4273
4402
4274
4403
4275
4404
4276
4405
4277
4406
4278
4407
4279
4408
4280
4409
4281
4410
4282
4411
4283
4412
4284
4413
4285
4414
4286
4415
4287
4416
4288
4417
4289
4418
4419
4291
4420
4292
4421
4293
4422
4294
4423
4295
4424
4296
4425
4297
4426
4298
4427
4299
4428
4300
4429
4301
4430
4302
4431
4303
4432
4304
4433
4305
4434
4306
4435
4307
4436
4308
4437
4309
4438
4310
4439
4311
4440
4312
4441
4313
4442
4314
4443
4315
4444
4316
4445
4317
4446
4318
4447
4319
4448
4320
4449
4321
4450
4322
4451
4323
4452
4324
4453
4325
4454
4326
4455
4327
4456
4328
4457
4329
4458
4330
4459
4331
4460
4332
4461
4333
4462
4334
4463
4335
4464
4336
4465
4337
4466
4338
4467
4339
4468
4340
4469
4341
4470
4342
4471
4343
4472
4344
4473
4345
4474
4346
4475
4347
4476
4348
4477
4349
4478
4350
4479
4351
4480
4352
4481
4353
4482
4354
4483
4355
4484
4356
4485
4357
4486
4358
4487
4359
4488
4360
4489
4361
4490
4362
4491
4363
4492
4364
4493
4365
4494
4366
4495
4367
4496
4368
4497
4369
4498
4370
4499
4371
4500
4372
4501
4373
4502
4374
4503
4375
4504
4376
4505
4377
4506
4378
4507
4379
4508
4380
4509
4381
4510
4382
4511
4383
4512
4384
4513
4385
4514
4386
4515
4387
4516
4388
4517
4389
4518
4390
4519
4391
4520
4392
4521
4393
4522
4394
4523
4395
4524
4396
4525
4397
4526
4398
4527
4399
4528
4400
4529
4401
4530
4402
4531
4403
4532
4404
4533
4405
4534
4406
4535
4407
4536
4408
4537
4409
4538
4410
4539
4411
4540
4412
4541
4413
4542
4414
4543
4415
4544
4416
4545
4417
4546
4418
4547
4419
4548
4549
4421
4550
4422
4551
4423
4552
4424
4553
4425
4554
4426
4555
4427
4556
4428
4557
4429
4558
4430
4559
4431
4560
4432
4561
4433
4562
4434
4563
4435
4564
4436
4565
4437
4566
4438
4567
4439
4568
4440
4569
4441
4570
4442
4571
4443
4572
4444
4573
4445
4574
4446
4575
4447
4576
4448
4577
4449
4578
4450
4579
4451
4580
4452
4581
4453
4582
4454
4583
4455
4584
4456
4585
4457
4586
4458
4587
4459
4588
4460
4589
4461
4590
4462
4591
4463
4592
4464
4593
4465
4594
4466
4595
4467
4596
4468
4597
4469
4598
4470
4599
4471
4600
4472
4601
4473
4602
4474
4603
4475
4604
4476
4605
4477
4606
4478
4607
4479
4608
4480
4609
4481
4610
4482
4611
4483
4612
4484
4613
4485
4614
4486
4615
4487
4616
4488
4617
4489
4618
4490
4619
4491
4620
4492
4621
4493
4622
4494
4623
4495
4624
4496
4625
4497
4626
4498
4627
4499
4628
4500
4629
4501
4630
4502
4631
4503
4632
4504
4633
4505
4634
4506
4635
4507
4636
4508
4637
4509
4638
4510
4639
4511
4640
4512
4641
4513
4642
4514
4643
4515
4644
4516
4645
4517
4646
4518
4647
4519
4648
4520
4649
4521
4650
4522
4651
4523
4652
4524
4653
4525
4654
4526
4655
4527
4656
4528
4657
4529
4658
4530
4659
4531
4660
4532
4661
4533
4662
4534
4663
4535
4664
4536
4665
4537
4666
4538
4667
4539
4668
4540
4669
4541
4670
4542
4671
4543
4672
4544
4673
4545
4674
4546
4675
4547
4676
4548
4677
4549
4678
4679
4551
4680
4552
4681
4553
4682
4554
4683
4555
4684
4556
4685
4557
4686
4558
4687
4559
4688
4560
4689
4561
4690
4562
4691
4563
4692
4564
4693
4565
4694
4566
4695
4567
4696
4568
4697
4569
4698
4570
4699
4571
4700
4572
4701
4573
4702
4574
4703
4575
4704
4576
4705
4577
4706
4578
4707
4579
4708
4580
4709
4581
4710
4582
4711
4583
4712
4584
4713
4585
4714
4586
4715
4587
4716
4588
4717
4589
4718
4590
4719
4591
4720
4592
4721
4593
4722
4594
4723
4595
4724
4596
4725
4597
4726
4598
4727
4599
4728
4600
4729
4601
4730
4602
4731
4603
4732
4604
4733
4605
4734
4606
4735
4607
4736
4608
4737
4609
4738
4610
4739
4611
4740
4612
4741
4613
4742
4614
4743
4615
4744
4616
4745
4617
4746
4618
4747
4619
4748
4620
4749
4621
4750
4622
4751
4623
4752
4624
4753
4625
4754
4626
4755
4627
4756
4628
4757
4629
4758
4630
4759
4631
4760
4632
4761
4633
4762
4634
4763
4635
4764
4636
4765
4637
4766
4638
4767
4639
4768
4640
4769
4641
4770
4642
4771
4643
4772
4644
4773
4645
4774
4646
4775
4647
4776
4648
4777
4649
4778
4650
4779
4651
4780
4652
4781
4653
4782
4654
4783
4655
4784
4656
4785
4657
4786
4658
4787
4659
4788
4660
4789
4661
4790
4662
4791
4663
4792
4664
4793
4665
4794
4666
4795
4667
4796
4668
4797
4669
4798
4670
4799
4671
4800
4672
4801
4673
4802
4674
4803
4675
4804
4676
4805
4677
4806
4678
4807
4679
4808
4809
4681
4810
4682
4811
4683
4812
4684
4813
4685
4814
4686
4815
4687
4816
4688
4817
4689
4818
4690
4819
4691
4820
4692
4821
4693
4822
4694
4823
4695
4824
4696
4825
4697
4826
4698
4827
4699
4828
4700
4829
4701
4830
4702
4831
4703
4832
4704
4833
4705
4834
4706
4835
4707
4836
4708
4837
4709
4838
4710
4839
4711
4840
4712
4841
4713
4842
4714
4843
4715
4844
4716
4845
4717
4846
4718
4847
4719
4848
4720
4849
4721
4850
4722
4851
4723
4852
4724
4853
4725
4854
4726
4855
4727
4856
4728
4857
4729
4858
4730
4859
4731
4860
4732
4861
4733
4862
4734
4863
4735
4864
4736
4865
4737
4866
4738
4867
4739
4868
4740
4869
4741
4870
4742
4871
4743
4872
4744
4873
4745
4874
4746
4875
4747
4876
4748
4877
4749
4878
4750
4879
4751
4880
4752
4881
4753
4882
4754
4883
4755
4884
4756
4885
4757
4886
4758
4887
4759
4888
4760
4889
4761
4890
4762
4891
4763
4892
4764
4893
4765
4894
4766
4895
4767
4896
4768
4897
4769
4898
4770
4899
4771
4900
4772
4901
4773
4902
4774
4903
4775
4904
4776
4905
4777
4906
4778
4907
4779
4908
4780
4909
4781
4910
4782
4911
4783
4912
4784
4913
4785
4914
4786
4915
4787
4916
4788
4917
4789
4918
4790
4919
4791
4920
4792
4921
4793
4922
4794
4923
4795
4924
4796
4925
4797
4926
4798
4927
4799
4928
4800
4929
4801
4930
4802
4931
4803
4932
4804
4933
4805
4934
4806
4935
4807
4936
4808
4937
4809
4938
4939
4811
4940
4812
4941
4813
4942
4814
4943
4815
4944
4816
4945
4817
4946
4818
4947
4819
4948
4820
4949
4821
4950
4822
4951
4823
4952
4824
4953
4825
4954
4826
4955
4827
4956
4828
4957
4829
4958
4830
4959
4831
4960
4832
4961
4833
4962
4834
4963
4835
4964
4836
4965
4837
4966
4838
4967
4839
4968
4840
4969
4841
4970
4842
4971
4843
4972
4844
4973
4845
4974
4846
4975
4847
4976
4848
4977
4849
4978
4850
4979
4851
4980
4852
4981
4853
4982
4854
4983
4855
4984
4856
4985
4857
4986
4858
4987
4859
4988
4860
4989
4861
4990
4862
4991
4863
4992
4864
4993
4865
4994
4866
4995
4867
4996
4868
4997
4869
4998
4870
4999
4871
5000
4872
5001
4873
5002
4874
5003
4875
5004
4876
5005
4877
5006
4878
5007
4879
5008
4880
5009
4881
5010
4882
5011
4883
5012
4884
5013
4885
5014
4886
5015
4887
5016
4888
5017
4889
5018
4890
5019
4891
5020
4892
5021
4893
5022
4894
5023
4895
5024
4896
5025
4897
5026
4898
5027
4899
5028
4900
5029
4901
5030
4902
5031
4903
5032
4904
5033
4905
5034
4906
5035
4907
5036
4908
5037
4909
5038
4910
5039
4911
5040
4912
5041
4913
5042
4914
5043
4915
5044
4916
5045
4917
5046
4918
5047
4919
5048
4920
5049
4921
5050
4922
5051
4923
5052
4924
5053
4925
5054
4926
5055
4927
5056
4928
5057
4929
5058
4930
5059
4931
5060
4932
5061
4933
5062
4934
5063
4935
5064
4936
5065
4937
5066
4938
5067
4939
5068
5069
4941
5070
4942
5071
4943
5072
4944
5073
4945
5074
4946
5075
4947
5076
4948
5077
4949
5078
4950
5079
4951
5080
4952
5081
4953
5082
4954
5083
4955
5084
4956
5085
4957
5086
4958
5087
4959
5088
4960
5089
4961
5090
4962
5091
4963
5092
4964
5093
4965
5094
4966
5095
4967
5096
4968
5097
4969
5098
4970
5099
4971
5100
4972
5101
4973
5102
4974
5103
4975
5104
4976
5105
4977
5106
4978
5107
4979
5108
4980
5109
4981
5110
4982
5111
4983
5112
4984
5113
4985
5114
4986
5115
4987
5116
4988
5117
4989
5118
4990
5119
4991
5120
4992
5121
4993
5122
4994
5123
4995
5124
4996
5125
4997
5126
4998
5127
4999
5128
5000
5129
5001
5130
5002
5131
5003
5132
5004
5133
5005
5134
5006
5135
5007
5136
5008
5137
5009
5138
5010
5139
5011
5140
5012
5141
5013
5142
5014
5143
5015
5144
5016
5145
5017
5146
5018
5147
5019
5148
5020
5149
5021
5150
5022
5151
5023
5152
5024
5153
5025
5154
5026
5155
5027
5156
5028
5157
5029
5158
5030
5159
5031
5160
5032
5161
5033
5162
5034
5163
5035
5164
5036
5165
5037
5166
5038
5167
5039
5168
5040
5169
5041
5170
5042
5171
5043
5172
5044
5173
5045
5174
5046
5175
5047
5176
5048
5177
5049
5178
5050
5179
5051
5180
5052
5181
5053
5182
5054
5183
5055
5184
5056
5185
5057
5186
5058
5187
5059
5188
5060
5189
5061
5190
5062
5191
5063
5192
5064
5193
5065
5194
5066
5195
5067
5196
5068
5197
5069
5198
5199
5071
5200
5072
5201
5073
5202
5074
5203
5075
5204
5076
5205
5077
5206
5078
5207
5079
5208
5080
5209
5081
5210
5082
5211
5083
5212
5084
5213
5085
5214
5086
5215
5087
5216
5088
5217
5089
5218
5090
5219
5091
5220
5092
5221
5093
5222
5094
5223
5095
5224
5096
5225
5097
5226
5098
5227
5099
5228
5100
5229
5101
5230
5102
5231
5103
5232
5104
5233
5105
5234
5106
5235
5107
5236
5108
5237
5109
5238
5110
5239
5111
5240
5112
5241
5113
5242
5114
5243
5115
5244
5116
5245
5117
5246
5118
5247
5119
5248
5120
5249
5121
5250
5122
5251
5123
5252
5124
5253
5125
5254
5126
5255
5127
5256
5128
5257
5129
5258
5130
5259
5131
5260
5132
5261
5133
5262
5134
5263
5135
5264
5136
5265
5137
5266
5138
5267
5139
5268
5140
5269
5141
5270
5142
5271
5143
5272
5144
5273
5145
5274
5146
5275
5147
5276
5148
5277
5149
5278
5150
5279
5151
5280
5152
5281
5153
5282
5154
5283
5155
5284
5156
5285
5157
5286
5158
5287
5159
5288
5160
5289
5161
5290
5162
5291
5163
5292
5164
5293
5165
5294
5166
5295
5167
5296
5168
5297
5169
5298
5170
5299
5171
5300
5172
5301
5173
5302
5174
5303
5175
5304
5176
5305
5177
5306
5178
5307
5179
5308
5180
5309
5181
5310
5182
5311
5183
5312
5184
5313
5185
5314
5186
5315
5187
5316
5188
5317
5189
5318
5190
5319
5191
5320
5192
5321
5193
5322
5194
5323
5195
5324
5196
5325
5197
5326
5198
5327
5199
5328
5329
5201
5330
5202
5331
5203
5332
5204
5333
5205
5334
5206
5335
5207
5336
5208
5337
5209
5338
5210
5339
5211
5340
5212
5341
5213
5342
5214
5343
5215
5344
5216
5345
5217
5346
5218
5347
5219
5348
5220
5349
5221
5350
5222
5351
5223
5352
5224
5353
5225
5354
5226
5355
5227
5356
5228
5357
5229
5358
5230
5359
5231
5360
5232
5361
5233
5362
5234
5363
5235
5364
5236
5365
5237
5366
5238
5367
5239
5368
5240
5369
5241
5370
5242
5371
5243
5372
5244
5373
5245
5374
5246
5375
5247
5376
5248
5377
5249
5378
5250
5379
5251
5380
5252
5381
5253
5382
5254
5383
5255
5384
5256
5385
5257
5386
5258
5387
5259
5388
5260
5389
5261
5390
5262
5391
5263
5392
5264
5393
5265
5394
5266
5395
5267
5396
5268
5397
5269
5398
5270
5399
5271
5400
5272
5401
5273
5402
5274
5403
5275
5404
5276
5405
5277
5406
5278
5407
5279
5408
5280
5409
5281
5410
5282
5411
5283
5412
5284
5413
5285
5414
5286
5415
5287
5416
5288
5417
5289
5418
5290
5419
5291
5420
5292
5421
5293
5422
5294
5423
5295
5424
5296
5425
5297
5426
5298
5427
5299
5428
5300
5429
5301
5430
5302
5431
5303
5432
5304
5433
5305
5434
5306
5435
5307
5436
5308
5437
5309
5438
5310
5439
5311
5440
5312
5441
5313
5442
5314
5443
5315
5444
5316
5445
5317
5446
5318
5447
5319
5448
5320
5449
5321
5450
5322
5451
5323
5452
5324
5453
5325
5454
5326
5455
5327
5456
5328
5457
5329
5458
5459
5331
5332
5333
5334
5335
5336
5337
5338
5339
5340
5341
5342
5343
5344
5345
5346
5347
5348
5349
5350
5351
5352
5353
5354
5355
5356
5357
5358
5359
5360
5361
5362
5363
5364
5365
5366
5367
5368
5369
5370
5371
5372
5373
5374
5375
5376
5377
5378
5379
5380
5381
5382
5383
5384
5385
5386
5387
5388
5389
5390
5391
5392
5393
5394
5395
5396
5397
5398
5399
5400
5401
5402
5403
5404
5405
5406
5407
5408
5409
5410
5411
5412
5413
5414
5415
5416
5417
5418
5419
5420
5421
5422
5423
5424
5425
5426
5427
5428
5429
5430
5431
5432
5433
5434
5435
5436
5437
5438
5439
5440
5441
5442
5443
5444
5445
5446
5447
5448
5449
5450
5451
5452
5453
5454
5455
5456
5457
5458
5459
)


// ************************************************************************* //
