,t (h),pwf (bar),pavg (bar),q (m3/d)
0,0.0,400.0,399.99999999999835,0.0
1,0.0009749876549305627,395.3558486893935,399.99965752417893,-183.31396286727602
2,0.002045035402587825,394.1355700326803,399.99931504828,-167.0288944124144
3,0.0032194114846602873,393.5409789142557,399.9989391814427,-167.02887707445038
4,0.004508287784959395,393.1614017470632,399.99852666806333,-167.02887281391912
5,0.005922827933410923,392.88516113173716,399.9980739351044,-167.02888547709108
6,0.007475284000076839,392.6691140710399,399.9975770612733,-167.02887456563204
7,0.009179102616724886,392.4922678295893,399.9970317428417,-167.02887926478468
8,0.011049041445120195,392.3428535578519,399.99643325654694,-167.02887630294498
9,0.013101297000831593,392.2136221832087,399.99577641859486,-167.02887181011445
10,0.015353644939701113,392.09978707683996,399.99505553974507,-167.02887372328334
11,0.017825594022071234,391.99801191909506,399.99426437615784,-167.0288609663722
12,0.020538555088334156,391.9058691616529,399.9933960750846,-167.02886344861918
13,0.02351602650938841,391.8215300044175,399.9924431157473,-167.02886018041642
14,0.02678379771828634,391.7435763751374,399.9913972440271,-167.02886399784396
15,0.030370172585965537,391.67088154423817,399.99024940109433,-167.02886560510944
16,0.03430621457583882,391.60253137331574,399.98898964487597,-167.02886780957968
17,0.038626015800653536,391.53777086239404,399.9876070639588,-167.0288705549615
18,0.04336699231206307,391.47596708353603,399.98608968311,-167.0288704477604
19,0.048570208180566676,391.41658284463546,399.9844243594932,-167.02887129222606
20,0.0542807311728432,391.3591575980109,399.98259666887515,-167.02887170047097
21,0.060548023107186384,391.3032932600686,399.98059078064404,-167.02887453982976
22,0.0674263682681127,391.24864332563703,399.9783893207627,-167.0288763620788
23,0.07497534359086437,391.1949042479462,399.9759732212696,-167.02887573821158
24,0.083260334688322,391.1418083115442,399.9733215550743,-167.02887475431288
25,0.09235310218990259,391.08911762355825,399.9704113546859,-167.0288754757762
26,0.10233240329780277,391.036618805737,399.9672174133741,-167.02887433158438
27,0.11328467394420659,390.9841183172721,399.96371206672467,-167.0288744613064
28,0.1253047774579806,390.93143822900345,399.9598649530644,-167.02887619329968
29,0.1384968262254465,390.87841245239997,399.9556427505737,-167.0288761083577
30,0.15297508346206434,390.8248833240863,399.951008888599,-167.02887443144215
31,0.16886495290574333,390.77069854929795,399.94592323077427,-167.02887535187182
32,0.18630406500402702,390.7157084438515,399.9403417275664,-167.0288760544258
33,0.20544346900318844,390.6597634311346,399.93421603478714,-167.02887330267393
34,0.2264489412645407,390.6027117762292,399.9274930944468,-167.02887522312787
35,0.24950242113997348,390.54439750928907,399.9201146757996,-167.02887348441251
36,0.2748035868435802,390.48465851223585,399.91201687056264,-167.02887101661665
37,0.30257158496882347,390.42332477714456,399.9031295392918,-167.02887139470138
38,0.3330469286314916,390.36021681018906,399.89337570424675,-167.0288704821948
39,0.36649358067924676,390.2951442138748,399.88267088228645,-167.0288710999596
40,0.4032012400115334,390.22790441410854,399.87092235343994,-167.028870534369
41,0.44348785081285774,390.1582815506254,399.8580283574989,-167.02887099633395
42,0.48770235643321086,390.08604548893913,399.8438772129036,-167.0288706152277
43,0.5362277217684343,390.01095091854273,399.8283463490813,-167.0288716756498
44,0.5894842503189409,389.93273644046945,399.8113012451801,-167.02887196194368
45,0.6479332246575676,389.8511236325273,399.7925942646889,-167.0288719801335
46,0.7120809018385464,389.76581595690124,399.7720633767405,-167.02887159830078
47,0.782482898353917,389.67649742440767,399.7495307525803,-167.02887146791898
48,0.8597490026177825,389.582830999084,399.7248012254062,-167.02887129870211
49,0.9445484566618337,389.4844567072015,399.6976605997122,-167.0288722171278
50,1.0376157527896641,389.3809894282938,399.6678737964916,-167.02887236677736
51,1.1397569953977356,389.27201646538737,399.6351828165371,-167.02887334750685
52,1.25185688306602,389.1570950083662,399.5993045058234,-167.0288760050273
53,1.3748863713938733,389.0357495675448,399.55992810372146,-167.02887764114575
54,1.5099110829529332,388.90746960880364,399.5167125518386,-167.02887449645243
55,1.6581005372000575,388.7717074334684,399.4692835370657,-167.028874254906
56,1.8207382802953678,388.6278766139348,399.41723025237843,-167.0288727320606
57,1.999233002565046,388.4753509056979,399.36010183705525,-167.02887167682857
58,2.1951307399030457,388.3134637871823,399.2974034716688,-167.0288719289543
59,2.410128264794381,388.1415085103955,399.2285920928955,-167.02887232525958
60,2.646087782946684,387.95873854251204,399.1530716897889,-167.0288719959052
61,2.9050530628251727,387.76436817143315,399.07018814046694,-167.02887228366515
62,3.1892671377973816,387.557573001151,398.9792235475929,-167.0288719413834
63,3.501191734215131,387.3374899607616,398.8793900193919,-167.0288716371109
64,3.8435285937105235,387.1032164676864,398.7698228454718,-167.02887158334534
65,4.2192428743894945,386.853808313314,398.64957300726985,-167.02887170283216
66,4.631588833612778,386.5882759856638,398.51759895829184,-167.02887170367134
67,5.08413801481637,386.30557891518964,398.37275760209366,-167.0288721277004
68,5.580810182512228,386.004617632665,398.21379439167475,-167.028872967275
69,6.12590727341317,385.68422330762775,398.0393324643642,-167.02887307934589
70,6.7241506577508074,385.3431446284907,397.847860715039,-167.02887262245503
71,7.380722033525783,384.9800318740017,397.6377207066107,-167.02887255659354
72,8.101308307896865,384.5934179349142,397.4070923071839,-167.02887226401492
73,8.892150854450383,384.18169624397257,397.15397792408896,-167.02887189207325
74,9.760099572992257,383.7430954694526,396.8761852014678,-167.02887167921742
75,10.712672220103222,383.2756509246886,396.571308031113,-167.02887179705937
76,11.758119524349977,382.7771725596666,396.2367057129421,-167.028871836733
77,12.90549665014884,382.2452096033611,395.86948008235703,-167.0288715917727
78,14.164741629268034,381.67701179474807,395.4664504062854,-167.02887152839642
79,15.546761439304706,381.06948751472464,395.0241258337563,-167.02887174871051
80,17.063526474706904,380.41915880354674,394.53867516178803,-167.02887163526404
81,18.728174228603812,379.72211381156546,394.0058936487101,-167.02887159921497
82,20.555123083486492,378.9739569623755,393.4211665962093,-167.0288714907522
83,22.560197196339193,378.16975751405147,392.77942937484545,-167.02887229597147
84,24.760763559917063,377.3039970636827,392.0751235690229,-167.02887172797162
85,27.175882427329427,376.37051657498114,391.30214881751886,-167.02887153004724
86,29.82647240283337,375.36246390642384,390.45380998130435,-167.02887166425668
87,32.73549162877722,374.2722419332113,389.5227591539719,-167.02887199922225
88,35.92813663804629,373.0914577933007,388.5009320175924,-167.02887245213944
89,39.432060594376516,371.81087301858145,387.37947799606917,-167.0288725712146
90,43.277612810830576,370.42035378655515,386.14868359218235,-167.02887253157175
91,47.49810162102798,368.90881992049896,384.7978882541231,-167.02887243482846
92,52.1300828799968,367.26419054848486,383.3153920390125,-167.02887233983122
93,57.21367659350214,365.4733233672206,381.688354278611,-167.02887177208794
94,62.79291441834253,363.5219441755448,379.90268235319445,-167.0288710205238
95,68.91612104349689,361.3945626243776,377.9429096179719,-167.028871148564
96,75.63633275546282,359.07437024917425,375.79206145358575,-167.02887167915387
97,83.01175681319744,356.5431166637678,373.43150824612223,-167.02887184095928
98,91.10627561154877,353.7809602937119,370.84080401409307,-167.02887190267978
99,99.98999999999991,350.76629070182867,367.99750931431885,-167.02887210032787
100,100.0,347.47551996483753,364.87699690143756,-162851.08778852966
101,100.00097498765493,354.56312493637176,364.87699690160616,9.024856468576993e-05
102,100.00204503540259,354.827133520391,364.87699690156495,-2.0094483167134795e-05
103,100.00321941148465,354.9990978828371,364.87699690158075,7.019133940372496e-06
104,100.00450828778496,355.1323342789178,364.876996901586,2.111745942747266e-06
105,100.0059228279334,355.2436872504457,364.87699690159815,4.4805073329767015e-06
106,100.00747528400007,355.3406284142887,364.87699690161037,4.107517247179675e-06
107,100.00917910261673,355.4272237015582,364.8769969016258,4.72391258712737e-06
108,100.01104904144512,355.5059739904896,364.87699690163896,3.6804483991555206e-06
109,100.01310129700083,355.5785495504806,364.87699690160633,-8.29846061084319e-06
110,100.01535364493971,355.6461364058883,364.876996901604,-5.351568390219396e-07
111,100.01782559402207,355.7096180324537,364.87699690157257,-6.6378555395931714e-06
112,100.02053855508832,355.7696783935874,364.87699690148867,-1.613799942765219e-05
113,100.0235160265094,355.82686406437995,364.87699690140084,-1.539646680203017e-05
114,100.02678379771828,355.88162366156166,364.87699690135605,-7.15117978172832e-06
115,100.03037017258598,355.9343337575037,364.8769969013316,-3.556092324177523e-06
116,100.03430621457584,355.9853164434094,364.87699690127835,-7.06319482142136e-06
117,100.03862601580066,356.03485144744536,364.8769969012837,6.480725095829525e-07
118,100.04336699231206,356.083184556327,364.87699690123424,-5.445717924634111e-06
119,100.04857020818056,356.1305336073325,364.87699690125646,2.2268926735886144e-06
120,100.05428073117285,356.17709282879383,364.8769969012272,-2.6759101837309444e-06
121,100.06054802310719,356.22303606197494,364.87699690123156,3.660386569710828e-07
122,100.06742636826812,356.2685193023674,364.8769969012556,1.8258850112640216e-06
123,100.07497534359086,356.3136828068944,364.87699690133354,5.3876397105122814e-06
124,100.08326033468832,356.3586529763219,364.8769969014483,7.227424127416158e-06
125,100.0923531021899,356.40354410042664,364.87699690155114,5.901166473260427e-06
126,100.10233240329781,356.4484600345423,364.87699690161617,3.4014883140233533e-06
127,100.11328467394421,356.4934958499471,364.87699690176,6.851852544671354e-06
128,100.12530477745798,356.5387394089497,364.876996901916,6.776893895788845e-06
129,100.13849682622543,356.58427290041135,364.87699690201083,3.7491233522808527e-06
130,100.15297508346207,356.63017428218757,364.87699690217505,5.919024915847575e-06
131,100.16886495290575,356.6765186455464,364.87699690232853,5.040826594841771e-06
132,100.18630406500402,356.7233794825711,364.8769969025102,5.438038743930185e-06
133,100.20544346900319,356.77082987527797,364.8769969027216,5.763493298513035e-06
134,100.22644894126454,356.81894356959685,364.8769969030071,7.0932932820596924e-06
135,100.24950242113998,356.867795972642,364.87699690330743,6.79878291012727e-06
136,100.27480358684357,356.91746503523837,364.87699690356305,5.272724178800736e-06
137,100.30257158496883,356.9680320214093,364.8769969037833,4.1391839258503145e-06
138,100.33304692863149,357.0195821196903,364.8769969039422,2.7214296376901296e-06
139,100.36649358067925,357.0722049147542,364.8769969041571,3.3527214297044077e-06
140,100.40320124001153,357.1259946641768,364.8769969045327,5.3396755765338995e-06
141,100.44348785081287,357.18105041002383,364.87699690507003,6.960650876954052e-06
142,100.48770235643322,357.237475902337,364.8769969057355,7.854866486370593e-06
143,100.53622772176844,357.29537942334593,364.876996906556,8.823730911843785e-06
144,100.58948425031895,357.35487347148063,364.8769969074446,8.707895959769414e-06
145,100.64793322465756,357.41607444560225,364.8769969082906,7.553793538252711e-06
146,100.71208090183856,357.47910237078224,364.87699690889247,4.896410045969664e-06
147,100.78248289835392,357.5440807061404,364.8769969092178,2.4113131937598017e-06
148,100.85974900261779,357.61113629615045,364.8769969093999,1.2303954434396105e-06
149,100.94454845666183,357.6803994620436,364.87699690941685,1.0408488517869419e-07
150,101.03761575278966,357.7520042044159,364.8769969094785,3.459299042435602e-07
151,101.13975699539773,357.8260884558929,364.876996909953,2.424134900471332e-06
152,101.25185688306601,357.90279422592135,364.8769969108762,4.297897422616023e-06
153,101.37488637139387,357.98226754491395,364.87699691193075,4.473267193987837e-06
154,101.50991108295293,358.0646579813803,364.87699691249236,2.1706896792104383e-06
155,101.65810053720007,358.1501175569961,364.8769969118883,-2.1274105463052966e-06
156,101.82073828029537,358.23879894992285,364.8769969122034,1.0112857666623872e-06
157,101.99923300256505,358.3308528611444,364.8769969125988,1.1560552083353492e-06
158,102.19513073990304,358.4264244104214,364.8769969126355,9.76541151922886e-08
159,102.41012826479438,358.52564859166523,364.87699691313287,1.2073626430144391e-06
160,102.6460877829467,358.6286450006522,364.8769969137521,1.3695271558057034e-06
161,102.90505306282517,358.7355118935982,364.87699691466935,1.8484455275156119e-06
162,103.18926713779739,358.8463198723635,364.8769969160548,2.54393182065376e-06
163,103.50119173421513,358.9611054928225,364.87699691685503,1.3389056097990933e-06
164,103.84352859371052,359.07986510584203,364.87699691738254,8.041451776621909e-07
165,104.2192428743895,359.2025493061234,364.87699691702795,-4.925075228964591e-07
166,104.63158883361278,359.32905823605813,364.8769969140692,-3.744681483368309e-06
167,105.08413801481638,359.4592380644526,364.87699691102745,-3.507728038355889e-06
168,105.58081018251222,359.59287882528747,364.8769969086813,-2.465153184540008e-06
169,106.12590727341318,359.72971380625984,364.8769969065891,-2.0030582163227763e-06
170,106.72415065775081,359.8694205704196,364.87699690417094,-2.109463214770269e-06
171,107.38072203352579,360.0116237070189,364.8769969015486,-2.0843880254709554e-06
172,108.10130830789687,360.1558993426096,364.87699689890957,-1.911249733317745e-06
173,108.89215085445038,360.3017814124866,364.876996896494,-1.5940107529427883e-06
174,109.76009957299225,360.44876969715835,364.87699689504035,-8.74058154858186e-07
175,110.71267222010322,360.59633956992815,364.8769968947041,-1.8421377111999238e-07
176,111.75811952434998,360.7439533682738,364.87699689411926,-2.919593419352371e-07
177,112.90549665014883,360.8910732641648,364.87699689249393,-7.392374967818304e-07
178,114.16474162926804,361.0371754005315,364.876996888771,-1.5429267082450805e-06
179,115.54676143930472,361.18176495578734,364.8769968825566,-2.346649923212597e-06
180,117.0635264747069,361.32439174541673,364.87699687515476,-2.5467536859728948e-06
181,118.72817422860382,361.46466576495425,364.8769968685122,-2.0824674489489522e-06
182,120.55512308348649,361.6022719967948,364.87699686766564,-2.4181501382789937e-07
183,122.56019719633919,361.73698363964394,364.87699686626536,-3.644547870991391e-07
184,124.76076355991707,361.86867280107566,364.87699686309753,-7.512651165132888e-07
185,127.17588242732943,361.99731769660906,364.87699686048614,-5.642926298145376e-07
186,129.82647240283336,362.1230052319441,364.8769968579187,-5.054928131484201e-07
187,132.73549162877723,362.2459280811457,364.8769968586245,1.266181058001141e-07
188,135.92813663804628,362.36637543966407,364.8769968595962,1.5883581302745286e-07
189,139.43206059437654,362.4847170861759,364.87699685786555,-2.5776901267705633e-07
190,143.27761281083056,362.60138082591385,364.87699685677336,-1.4821784634659101e-07
191,147.49810162102798,362.7168239681463,364.8769968577183,1.1684606887756995e-07
192,152.1300828799968,362.83150011827604,364.87699686747214,1.09894046592426e-06
193,157.21367659350213,362.9458232146872,364.87699687455813,7.274312411144821e-07
194,162.79291441834255,363.0601311787352,364.8769968707468,-3.5650701597071514e-07
195,168.9161210434969,363.17465191878165,364.8769968582261,-1.0671166204914708e-06
196,175.63633275546283,363.28947432331597,364.8769968483932,-7.635958896041891e-07
197,183.01175681319745,363.40452664730714,364.87699685109675,1.9129647486714886e-07
198,191.1062756115488,363.5195643389531,364.8769968574947,4.1249188439293934e-07
199,199.9899999999999,363.6341683437289,364.8769968618518,2.5595708411695104e-07
